C,NEMP.WORLD,P5MIN,AEMO,PUBLIC,2019/05/16,06:00:37,0000000307941039,P5MIN,0000000307941036
I,P5MIN,CASESOLUTION,2,RUN_DATETIME,STARTINTERVAL_DATETIME,INTERVENTION,TOTALOBJECTIVE,NONPHYSICALLOSSES,TOTALAREAGENVIOLATION,TOTALINTERCONNECTORVIOLATION,TOTALGENERICVIOLATION,TOTALRAMPRATEVIOLATION,TOTALUNITMWCAPACITYVIOLATION,TOTAL5MINVIOLATION,TOTALREGVIOLATION,TOTAL6SECVIOLATION,TOTAL60SECVIOLATION,TOTALENERGYCONSTRVIOLATION,TOTALENERGYOFFERVIOLATION,TOTALASPROFILEVIOLATION,TOTALFASTSTARTVIOLATION,LASTCHANGED
D,P5MIN,CASESOLUTION,2,"2019/05/16 06:05:00","2019/05/16 06:05:00",0,901247594.9960,0,0,0,139.808,0,20.15,,,,,0,0,0,0,"2019/05/16 06:00:26"
I,P5MIN,LOCAL_PRICE,1,RUN_DATETIME,DUID,INTERVAL_DATETIME,LOCAL_PRICE_ADJUSTMENT,LOCALLY_CONSTRAINED,LASTCHANGED
D,P5MIN,LOCAL_PRICE,1,"2019/05/16 06:05:00",BLOWERNG,"2019/05/16 06:05:00",0.28,1,"2019/05/16 06:00:26"
D,P5MIN,LOCAL_PRICE,1,"2019/05/16 06:05:00",BLOWERNG,"2019/05/16 06:10:00",0.07,1,"2019/05/16 06:00:26"
D,P5MIN,LOCAL_PRICE,1,"2019/05/16 06:05:00",BOCORWF1,"2019/05/16 06:05:00",0.28,1,"2019/05/16 06:00:26"
D,P5MIN,LOCAL_PRICE,1,"2019/05/16 06:05:00",BOCORWF1,"2019/05/16 06:10:00",0.07,1,"2019/05/16 06:00:26"
D,P5MIN,LOCAL_PRICE,1,"2019/05/16 06:05:00",BROKENH1,"2019/05/16 06:05:00",3.31,1,"2019/05/16 06:00:26"
D,P5MIN,LOCAL_PRICE,1,"2019/05/16 06:05:00",BROKENH1,"2019/05/16 06:10:00",0.8,1,"2019/05/16 06:00:26"
D,P5MIN,LOCAL_PRICE,1,"2019/05/16 06:05:00",COLEASF1,"2019/05/16 06:05:00",0.28,1,"2019/05/16 06:00:26"
D,P5MIN,LOCAL_PRICE,1,"2019/05/16 06:05:00",COLEASF1,"2019/05/16 06:10:00",0.07,1,"2019/05/16 06:00:26"
D,P5MIN,LOCAL_PRICE,1,"2019/05/16 06:05:00",CROOKWF2,"2019/05/16 06:05:00",0.28,1,"2019/05/16 06:00:26"
D,P5MIN,LOCAL_PRICE,1,"2019/05/16 06:05:00",CROOKWF2,"2019/05/16 06:10:00",0.07,1,"2019/05/16 06:00:26"
D,P5MIN,LOCAL_PRICE,1,"2019/05/16 06:05:00",DARTM1,"2019/05/16 06:05:00",-1.19,1,"2019/05/16 06:00:26"
D,P5MIN,LOCAL_PRICE,1,"2019/05/16 06:05:00",DARTM1,"2019/05/16 06:10:00",-0.29,1,"2019/05/16 06:00:26"
D,P5MIN,LOCAL_PRICE,1,"2019/05/16 06:05:00",GORDON,"2019/05/16 06:05:00",17.77,2,"2019/05/16 06:00:26"
D,P5MIN,LOCAL_PRICE,1,"2019/05/16 06:05:00",GORDON,"2019/05/16 06:10:00",17.71,2,"2019/05/16 06:00:26"
D,P5MIN,LOCAL_PRICE,1,"2019/05/16 06:05:00",GORDON,"2019/05/16 06:15:00",17.71,2,"2019/05/16 06:00:26"
D,P5MIN,LOCAL_PRICE,1,"2019/05/16 06:05:00",GORDON,"2019/05/16 06:20:00",17.71,2,"2019/05/16 06:00:26"
D,P5MIN,LOCAL_PRICE,1,"2019/05/16 06:05:00",GORDON,"2019/05/16 06:25:00",12.5,2,"2019/05/16 06:00:26"
D,P5MIN,LOCAL_PRICE,1,"2019/05/16 06:05:00",GORDON,"2019/05/16 06:30:00",6.78,2,"2019/05/16 06:00:26"
D,P5MIN,LOCAL_PRICE,1,"2019/05/16 06:05:00",GORDON,"2019/05/16 06:35:00",17.71,2,"2019/05/16 06:00:26"
D,P5MIN,LOCAL_PRICE,1,"2019/05/16 06:05:00",GORDON,"2019/05/16 06:40:00",17.71,2,"2019/05/16 06:00:26"
D,P5MIN,LOCAL_PRICE,1,"2019/05/16 06:05:00",GORDON,"2019/05/16 06:45:00",15.16,2,"2019/05/16 06:00:26"
D,P5MIN,LOCAL_PRICE,1,"2019/05/16 06:05:00",GORDON,"2019/05/16 06:50:00",0.17,2,"2019/05/16 06:00:26"
D,P5MIN,LOCAL_PRICE,1,"2019/05/16 06:05:00",GORDON,"2019/05/16 06:55:00",0.02,2,"2019/05/16 06:00:26"
D,P5MIN,LOCAL_PRICE,1,"2019/05/16 06:05:00",GORDON,"2019/05/16 07:00:00",0.02,2,"2019/05/16 06:00:26"
D,P5MIN,LOCAL_PRICE,1,"2019/05/16 06:05:00",GULLRSF1,"2019/05/16 06:05:00",0.28,1,"2019/05/16 06:00:26"
D,P5MIN,LOCAL_PRICE,1,"2019/05/16 06:05:00",GULLRSF1,"2019/05/16 06:10:00",0.07,1,"2019/05/16 06:00:26"
D,P5MIN,LOCAL_PRICE,1,"2019/05/16 06:05:00",GULLRWF1,"2019/05/16 06:05:00",0.28,1,"2019/05/16 06:00:26"
D,P5MIN,LOCAL_PRICE,1,"2019/05/16 06:05:00",GULLRWF1,"2019/05/16 06:10:00",0.07,1,"2019/05/16 06:00:26"
D,P5MIN,LOCAL_PRICE,1,"2019/05/16 06:05:00",GUNNING1,"2019/05/16 06:05:00",0.28,1,"2019/05/16 06:00:26"
D,P5MIN,LOCAL_PRICE,1,"2019/05/16 06:05:00",GUNNING1,"2019/05/16 06:10:00",0.07,1,"2019/05/16 06:00:26"
D,P5MIN,LOCAL_PRICE,1,"2019/05/16 06:05:00",GUTHEGA,"2019/05/16 06:05:00",-1.75,1,"2019/05/16 06:00:26"
D,P5MIN,LOCAL_PRICE,1,"2019/05/16 06:05:00",GUTHEGA,"2019/05/16 06:10:00",-0.42,1,"2019/05/16 06:00:26"
D,P5MIN,LOCAL_PRICE,1,"2019/05/16 06:05:00",HUMENSW,"2019/05/16 06:05:00",2.91,1,"2019/05/16 06:00:26"
D,P5MIN,LOCAL_PRICE,1,"2019/05/16 06:05:00",HUMENSW,"2019/05/16 06:10:00",0.7,1,"2019/05/16 06:00:26"
D,P5MIN,LOCAL_PRICE,1,"2019/05/16 06:05:00",HUMEV,"2019/05/16 06:05:00",2.91,1,"2019/05/16 06:00:26"
D,P5MIN,LOCAL_PRICE,1,"2019/05/16 06:05:00",HUMEV,"2019/05/16 06:10:00",0.7,1,"2019/05/16 06:00:26"
D,P5MIN,LOCAL_PRICE,1,"2019/05/16 06:05:00",LI_WY_CA,"2019/05/16 06:05:00",17.77,2,"2019/05/16 06:00:26"
D,P5MIN,LOCAL_PRICE,1,"2019/05/16 06:05:00",LI_WY_CA,"2019/05/16 06:10:00",17.71,2,"2019/05/16 06:00:26"
D,P5MIN,LOCAL_PRICE,1,"2019/05/16 06:05:00",LI_WY_CA,"2019/05/16 06:15:00",17.71,2,"2019/05/16 06:00:26"
D,P5MIN,LOCAL_PRICE,1,"2019/05/16 06:05:00",LI_WY_CA,"2019/05/16 06:20:00",17.71,2,"2019/05/16 06:00:26"
D,P5MIN,LOCAL_PRICE,1,"2019/05/16 06:05:00",LI_WY_CA,"2019/05/16 06:25:00",12.5,2,"2019/05/16 06:00:26"
D,P5MIN,LOCAL_PRICE,1,"2019/05/16 06:05:00",LI_WY_CA,"2019/05/16 06:30:00",6.78,2,"2019/05/16 06:00:26"
D,P5MIN,LOCAL_PRICE,1,"2019/05/16 06:05:00",LI_WY_CA,"2019/05/16 06:35:00",17.71,2,"2019/05/16 06:00:26"
D,P5MIN,LOCAL_PRICE,1,"2019/05/16 06:05:00",LI_WY_CA,"2019/05/16 06:40:00",17.71,2,"2019/05/16 06:00:26"
D,P5MIN,LOCAL_PRICE,1,"2019/05/16 06:05:00",LI_WY_CA,"2019/05/16 06:45:00",15.16,2,"2019/05/16 06:00:26"
D,P5MIN,LOCAL_PRICE,1,"2019/05/16 06:05:00",LI_WY_CA,"2019/05/16 06:50:00",0.17,2,"2019/05/16 06:00:26"
D,P5MIN,LOCAL_PRICE,1,"2019/05/16 06:05:00",LI_WY_CA,"2019/05/16 06:55:00",0.02,2,"2019/05/16 06:00:26"
D,P5MIN,LOCAL_PRICE,1,"2019/05/16 06:05:00",LI_WY_CA,"2019/05/16 07:00:00",0.02,2,"2019/05/16 06:00:26"
D,P5MIN,LOCAL_PRICE,1,"2019/05/16 06:05:00",LK_ECHO,"2019/05/16 06:05:00",17.77,2,"2019/05/16 06:00:26"
D,P5MIN,LOCAL_PRICE,1,"2019/05/16 06:05:00",LK_ECHO,"2019/05/16 06:10:00",17.71,2,"2019/05/16 06:00:26"
D,P5MIN,LOCAL_PRICE,1,"2019/05/16 06:05:00",LK_ECHO,"2019/05/16 06:15:00",17.71,2,"2019/05/16 06:00:26"
D,P5MIN,LOCAL_PRICE,1,"2019/05/16 06:05:00",LK_ECHO,"2019/05/16 06:20:00",17.71,2,"2019/05/16 06:00:26"
D,P5MIN,LOCAL_PRICE,1,"2019/05/16 06:05:00",LK_ECHO,"2019/05/16 06:25:00",12.5,2,"2019/05/16 06:00:26"
D,P5MIN,LOCAL_PRICE,1,"2019/05/16 06:05:00",LK_ECHO,"2019/05/16 06:30:00",6.78,2,"2019/05/16 06:00:26"
D,P5MIN,LOCAL_PRICE,1,"2019/05/16 06:05:00",LK_ECHO,"2019/05/16 06:35:00",17.71,2,"2019/05/16 06:00:26"
D,P5MIN,LOCAL_PRICE,1,"2019/05/16 06:05:00",LK_ECHO,"2019/05/16 06:40:00",17.71,2,"2019/05/16 06:00:26"
D,P5MIN,LOCAL_PRICE,1,"2019/05/16 06:05:00",LK_ECHO,"2019/05/16 06:45:00",15.16,2,"2019/05/16 06:00:26"
D,P5MIN,LOCAL_PRICE,1,"2019/05/16 06:05:00",LK_ECHO,"2019/05/16 06:50:00",0.17,2,"2019/05/16 06:00:26"
D,P5MIN,LOCAL_PRICE,1,"2019/05/16 06:05:00",LK_ECHO,"2019/05/16 06:55:00",0.02,2,"2019/05/16 06:00:26"
D,P5MIN,LOCAL_PRICE,1,"2019/05/16 06:05:00",LK_ECHO,"2019/05/16 07:00:00",0.02,2,"2019/05/16 06:00:26"
D,P5MIN,LOCAL_PRICE,1,"2019/05/16 06:05:00",MCKAY1,"2019/05/16 06:05:00",-0.46,1,"2019/05/16 06:00:26"
D,P5MIN,LOCAL_PRICE,1,"2019/05/16 06:05:00",MCKAY1,"2019/05/16 06:10:00",-0.11,1,"2019/05/16 06:00:26"
D,P5MIN,LOCAL_PRICE,1,"2019/05/16 06:05:00",MEADOWBK,"2019/05/16 06:05:00",17.77,2,"2019/05/16 06:00:26"
D,P5MIN,LOCAL_PRICE,1,"2019/05/16 06:05:00",MEADOWBK,"2019/05/16 06:10:00",17.71,2,"2019/05/16 06:00:26"
D,P5MIN,LOCAL_PRICE,1,"2019/05/16 06:05:00",MEADOWBK,"2019/05/16 06:15:00",17.71,2,"2019/05/16 06:00:26"
D,P5MIN,LOCAL_PRICE,1,"2019/05/16 06:05:00",MEADOWBK,"2019/05/16 06:20:00",17.71,2,"2019/05/16 06:00:26"
D,P5MIN,LOCAL_PRICE,1,"2019/05/16 06:05:00",MEADOWBK,"2019/05/16 06:25:00",12.5,2,"2019/05/16 06:00:26"
D,P5MIN,LOCAL_PRICE,1,"2019/05/16 06:05:00",MEADOWBK,"2019/05/16 06:30:00",6.78,2,"2019/05/16 06:00:26"
D,P5MIN,LOCAL_PRICE,1,"2019/05/16 06:05:00",MEADOWBK,"2019/05/16 06:35:00",17.71,2,"2019/05/16 06:00:26"
D,P5MIN,LOCAL_PRICE,1,"2019/05/16 06:05:00",MEADOWBK,"2019/05/16 06:40:00",17.71,2,"2019/05/16 06:00:26"
D,P5MIN,LOCAL_PRICE,1,"2019/05/16 06:05:00",MEADOWBK,"2019/05/16 06:45:00",15.16,2,"2019/05/16 06:00:26"
D,P5MIN,LOCAL_PRICE,1,"2019/05/16 06:05:00",MEADOWBK,"2019/05/16 06:50:00",0.17,2,"2019/05/16 06:00:26"
D,P5MIN,LOCAL_PRICE,1,"2019/05/16 06:05:00",MEADOWBK,"2019/05/16 06:55:00",0.02,2,"2019/05/16 06:00:26"
D,P5MIN,LOCAL_PRICE,1,"2019/05/16 06:05:00",MEADOWBK,"2019/05/16 07:00:00",0.02,2,"2019/05/16 06:00:26"
D,P5MIN,LOCAL_PRICE,1,"2019/05/16 06:05:00",MURRAY,"2019/05/16 06:05:00",-1.58,1,"2019/05/16 06:00:26"
D,P5MIN,LOCAL_PRICE,1,"2019/05/16 06:05:00",MURRAY,"2019/05/16 06:10:00",-0.38,1,"2019/05/16 06:00:26"
D,P5MIN,LOCAL_PRICE,1,"2019/05/16 06:05:00",SNOWYP,"2019/05/16 06:05:00",-0.94,1,"2019/05/16 06:00:26"
D,P5MIN,LOCAL_PRICE,1,"2019/05/16 06:05:00",SNOWYP,"2019/05/16 06:10:00",-0.23,1,"2019/05/16 06:00:26"
D,P5MIN,LOCAL_PRICE,1,"2019/05/16 06:05:00",STWF1,"2019/05/16 06:05:00",3.31,1,"2019/05/16 06:00:26"
D,P5MIN,LOCAL_PRICE,1,"2019/05/16 06:05:00",STWF1,"2019/05/16 06:10:00",0.8,1,"2019/05/16 06:00:26"
D,P5MIN,LOCAL_PRICE,1,"2019/05/16 06:05:00",TARALGA1,"2019/05/16 06:05:00",0.28,1,"2019/05/16 06:00:26"
D,P5MIN,LOCAL_PRICE,1,"2019/05/16 06:05:00",TARALGA1,"2019/05/16 06:10:00",0.07,1,"2019/05/16 06:00:26"
D,P5MIN,LOCAL_PRICE,1,"2019/05/16 06:05:00",TARRALEA,"2019/05/16 06:05:00",17.77,2,"2019/05/16 06:00:26"
D,P5MIN,LOCAL_PRICE,1,"2019/05/16 06:05:00",TARRALEA,"2019/05/16 06:10:00",17.71,2,"2019/05/16 06:00:26"
D,P5MIN,LOCAL_PRICE,1,"2019/05/16 06:05:00",TARRALEA,"2019/05/16 06:15:00",17.71,2,"2019/05/16 06:00:26"
D,P5MIN,LOCAL_PRICE,1,"2019/05/16 06:05:00",TARRALEA,"2019/05/16 06:20:00",17.71,2,"2019/05/16 06:00:26"
D,P5MIN,LOCAL_PRICE,1,"2019/05/16 06:05:00",TARRALEA,"2019/05/16 06:25:00",12.5,2,"2019/05/16 06:00:26"
D,P5MIN,LOCAL_PRICE,1,"2019/05/16 06:05:00",TARRALEA,"2019/05/16 06:30:00",6.78,2,"2019/05/16 06:00:26"
D,P5MIN,LOCAL_PRICE,1,"2019/05/16 06:05:00",TARRALEA,"2019/05/16 06:35:00",17.71,2,"2019/05/16 06:00:26"
D,P5MIN,LOCAL_PRICE,1,"2019/05/16 06:05:00",TARRALEA,"2019/05/16 06:40:00",17.71,2,"2019/05/16 06:00:26"
D,P5MIN,LOCAL_PRICE,1,"2019/05/16 06:05:00",TARRALEA,"2019/05/16 06:45:00",15.16,2,"2019/05/16 06:00:26"
D,P5MIN,LOCAL_PRICE,1,"2019/05/16 06:05:00",TARRALEA,"2019/05/16 06:50:00",0.17,2,"2019/05/16 06:00:26"
D,P5MIN,LOCAL_PRICE,1,"2019/05/16 06:05:00",TARRALEA,"2019/05/16 06:55:00",0.02,2,"2019/05/16 06:00:26"
D,P5MIN,LOCAL_PRICE,1,"2019/05/16 06:05:00",TARRALEA,"2019/05/16 07:00:00",0.02,2,"2019/05/16 06:00:26"
D,P5MIN,LOCAL_PRICE,1,"2019/05/16 06:05:00",TUMUT3,"2019/05/16 06:05:00",0.94,1,"2019/05/16 06:00:26"
D,P5MIN,LOCAL_PRICE,1,"2019/05/16 06:05:00",TUMUT3,"2019/05/16 06:10:00",0.23,1,"2019/05/16 06:00:26"
D,P5MIN,LOCAL_PRICE,1,"2019/05/16 06:05:00",TUNGATIN,"2019/05/16 06:05:00",17.77,2,"2019/05/16 06:00:26"
D,P5MIN,LOCAL_PRICE,1,"2019/05/16 06:05:00",TUNGATIN,"2019/05/16 06:10:00",17.71,2,"2019/05/16 06:00:26"
D,P5MIN,LOCAL_PRICE,1,"2019/05/16 06:05:00",TUNGATIN,"2019/05/16 06:15:00",17.71,2,"2019/05/16 06:00:26"
D,P5MIN,LOCAL_PRICE,1,"2019/05/16 06:05:00",TUNGATIN,"2019/05/16 06:20:00",17.71,2,"2019/05/16 06:00:26"
D,P5MIN,LOCAL_PRICE,1,"2019/05/16 06:05:00",TUNGATIN,"2019/05/16 06:25:00",12.5,2,"2019/05/16 06:00:26"
D,P5MIN,LOCAL_PRICE,1,"2019/05/16 06:05:00",TUNGATIN,"2019/05/16 06:30:00",6.78,2,"2019/05/16 06:00:26"
D,P5MIN,LOCAL_PRICE,1,"2019/05/16 06:05:00",TUNGATIN,"2019/05/16 06:35:00",17.71,2,"2019/05/16 06:00:26"
D,P5MIN,LOCAL_PRICE,1,"2019/05/16 06:05:00",TUNGATIN,"2019/05/16 06:40:00",17.71,2,"2019/05/16 06:00:26"
D,P5MIN,LOCAL_PRICE,1,"2019/05/16 06:05:00",TUNGATIN,"2019/05/16 06:45:00",15.16,2,"2019/05/16 06:00:26"
D,P5MIN,LOCAL_PRICE,1,"2019/05/16 06:05:00",TUNGATIN,"2019/05/16 06:50:00",0.17,2,"2019/05/16 06:00:26"
D,P5MIN,LOCAL_PRICE,1,"2019/05/16 06:05:00",TUNGATIN,"2019/05/16 06:55:00",0.02,2,"2019/05/16 06:00:26"
D,P5MIN,LOCAL_PRICE,1,"2019/05/16 06:05:00",TUNGATIN,"2019/05/16 07:00:00",0.02,2,"2019/05/16 06:00:26"
D,P5MIN,LOCAL_PRICE,1,"2019/05/16 06:05:00",UPPTUMUT,"2019/05/16 06:05:00",1.51,1,"2019/05/16 06:00:26"
D,P5MIN,LOCAL_PRICE,1,"2019/05/16 06:05:00",UPPTUMUT,"2019/05/16 06:10:00",0.36,1,"2019/05/16 06:00:26"
D,P5MIN,LOCAL_PRICE,1,"2019/05/16 06:05:00",URANQ11,"2019/05/16 06:05:00",1.63,1,"2019/05/16 06:00:26"
D,P5MIN,LOCAL_PRICE,1,"2019/05/16 06:05:00",URANQ11,"2019/05/16 06:10:00",0.39,1,"2019/05/16 06:00:26"
D,P5MIN,LOCAL_PRICE,1,"2019/05/16 06:05:00",URANQ12,"2019/05/16 06:05:00",1.63,1,"2019/05/16 06:00:26"
D,P5MIN,LOCAL_PRICE,1,"2019/05/16 06:05:00",URANQ12,"2019/05/16 06:10:00",0.39,1,"2019/05/16 06:00:26"
D,P5MIN,LOCAL_PRICE,1,"2019/05/16 06:05:00",URANQ13,"2019/05/16 06:05:00",1.63,1,"2019/05/16 06:00:26"
D,P5MIN,LOCAL_PRICE,1,"2019/05/16 06:05:00",URANQ13,"2019/05/16 06:10:00",0.39,1,"2019/05/16 06:00:26"
D,P5MIN,LOCAL_PRICE,1,"2019/05/16 06:05:00",URANQ14,"2019/05/16 06:05:00",1.63,1,"2019/05/16 06:00:26"
D,P5MIN,LOCAL_PRICE,1,"2019/05/16 06:05:00",URANQ14,"2019/05/16 06:10:00",0.39,1,"2019/05/16 06:00:26"
D,P5MIN,LOCAL_PRICE,1,"2019/05/16 06:05:00",WKIEWA1,"2019/05/16 06:05:00",-1.41,1,"2019/05/16 06:00:26"
D,P5MIN,LOCAL_PRICE,1,"2019/05/16 06:05:00",WKIEWA1,"2019/05/16 06:10:00",-0.34,1,"2019/05/16 06:00:26"
D,P5MIN,LOCAL_PRICE,1,"2019/05/16 06:05:00",WKIEWA2,"2019/05/16 06:05:00",-1.41,1,"2019/05/16 06:00:26"
D,P5MIN,LOCAL_PRICE,1,"2019/05/16 06:05:00",WKIEWA2,"2019/05/16 06:10:00",-0.34,1,"2019/05/16 06:00:26"
D,P5MIN,LOCAL_PRICE,1,"2019/05/16 06:05:00",WOODLWN1,"2019/05/16 06:05:00",0.28,1,"2019/05/16 06:00:26"
D,P5MIN,LOCAL_PRICE,1,"2019/05/16 06:05:00",WOODLWN1,"2019/05/16 06:10:00",0.07,1,"2019/05/16 06:00:26"
D,P5MIN,LOCAL_PRICE,1,"2019/05/16 06:05:00",WRSF1,"2019/05/16 06:30:00",-94.93,2,"2019/05/16 06:00:26"
D,P5MIN,LOCAL_PRICE,1,"2019/05/16 06:05:00",WRSF1,"2019/05/16 06:35:00",-96.08,2,"2019/05/16 06:00:26"
D,P5MIN,LOCAL_PRICE,1,"2019/05/16 06:05:00",WRSF1,"2019/05/16 06:40:00",-98,2,"2019/05/16 06:00:26"
D,P5MIN,LOCAL_PRICE,1,"2019/05/16 06:05:00",WRSF1,"2019/05/16 06:45:00",-103.79,2,"2019/05/16 06:00:26"
D,P5MIN,LOCAL_PRICE,1,"2019/05/16 06:05:00",WRSF1,"2019/05/16 06:50:00",-117.74,2,"2019/05/16 06:00:26"
D,P5MIN,LOCAL_PRICE,1,"2019/05/16 06:05:00",WRSF1,"2019/05/16 06:55:00",-119.05,2,"2019/05/16 06:00:26"
D,P5MIN,LOCAL_PRICE,1,"2019/05/16 06:05:00",WRSF1,"2019/05/16 07:00:00",-141.6,2,"2019/05/16 06:00:26"
D,P5MIN,LOCAL_PRICE,1,"2019/05/16 06:05:00",WRWF1,"2019/05/16 06:30:00",-94.93,2,"2019/05/16 06:00:26"
D,P5MIN,LOCAL_PRICE,1,"2019/05/16 06:05:00",WRWF1,"2019/05/16 06:35:00",-96.08,2,"2019/05/16 06:00:26"
D,P5MIN,LOCAL_PRICE,1,"2019/05/16 06:05:00",WRWF1,"2019/05/16 06:40:00",-98,2,"2019/05/16 06:00:26"
D,P5MIN,LOCAL_PRICE,1,"2019/05/16 06:05:00",WRWF1,"2019/05/16 06:45:00",-103.79,2,"2019/05/16 06:00:26"
D,P5MIN,LOCAL_PRICE,1,"2019/05/16 06:05:00",WRWF1,"2019/05/16 06:50:00",-117.74,2,"2019/05/16 06:00:26"
D,P5MIN,LOCAL_PRICE,1,"2019/05/16 06:05:00",WRWF1,"2019/05/16 06:55:00",-119.05,2,"2019/05/16 06:00:26"
D,P5MIN,LOCAL_PRICE,1,"2019/05/16 06:05:00",WRWF1,"2019/05/16 07:00:00",-141.6,2,"2019/05/16 06:00:26"
I,P5MIN,REGIONSOLUTION,5,RUN_DATETIME,INTERVENTION,INTERVAL_DATETIME,REGIONID,RRP,ROP,EXCESSGENERATION,RAISE6SECRRP,RAISE6SECROP,RAISE60SECRRP,RAISE60SECROP,RAISE5MINRRP,RAISE5MINROP,RAISEREGRRP,RAISEREGROP,LOWER6SECRRP,LOWER6SECROP,LOWER60SECRRP,LOWER60SECROP,LOWER5MINRRP,LOWER5MINROP,LOWERREGRRP,LOWERREGROP,TOTALDEMAND,AVAILABLEGENERATION,AVAILABLELOAD,DEMANDFORECAST,DISPATCHABLEGENERATION,DISPATCHABLELOAD,NETINTERCHANGE,LOWER5MINDISPATCH,LOWER5MINIMPORT,LOWER5MINLOCALDISPATCH,LOWER5MINLOCALREQ,LOWER5MINREQ,LOWER60SECDISPATCH,LOWER60SECIMPORT,LOWER60SECLOCALDISPATCH,LOWER60SECLOCALREQ,LOWER60SECREQ,LOWER6SECDISPATCH,LOWER6SECIMPORT,LOWER6SECLOCALDISPATCH,LOWER6SECLOCALREQ,LOWER6SECREQ,RAISE5MINDISPATCH,RAISE5MINIMPORT,RAISE5MINLOCALDISPATCH,RAISE5MINLOCALREQ,RAISE5MINREQ,RAISE60SECDISPATCH,RAISE60SECIMPORT,RAISE60SECLOCALDISPATCH,RAISE60SECLOCALREQ,RAISE60SECREQ,RAISE6SECDISPATCH,RAISE6SECIMPORT,RAISE6SECLOCALDISPATCH,RAISE6SECLOCALREQ,RAISE6SECREQ,AGGREGATEDISPATCHERROR,INITIALSUPPLY,CLEAREDSUPPLY,LOWERREGIMPORT,LOWERREGDISPATCH,LOWERREGLOCALDISPATCH,LOWERREGLOCALREQ,LOWERREGREQ,RAISEREGIMPORT,RAISEREGDISPATCH,RAISEREGLOCALDISPATCH,RAISEREGLOCALREQ,RAISEREGREQ,RAISE5MINLOCALVIOLATION,RAISEREGLOCALVIOLATION,RAISE60SECLOCALVIOLATION,RAISE6SECLOCALVIOLATION,LOWER5MINLOCALVIOLATION,LOWERREGLOCALVIOLATION,LOWER60SECLOCALVIOLATION,LOWER6SECLOCALVIOLATION,RAISE5MINVIOLATION,RAISEREGVIOLATION,RAISE60SECVIOLATION,RAISE6SECVIOLATION,LOWER5MINVIOLATION,LOWERREGVIOLATION,LOWER60SECVIOLATION,LOWER6SECVIOLATION,LASTCHANGED,TOTALINTERMITTENTGENERATION,DEMAND_AND_NONSCHEDGEN,UIGF,SEMISCHEDULE_CLEAREDMW,SEMISCHEDULE_COMPLIANCEMW
D,P5MIN,REGIONSOLUTION,5,"2019/05/16 06:05:00",0,"2019/05/16 06:05:00",NSW1,74.25942,74.25942,0,5.36616,5.36616,5,5,2,2,30.05942,30.05942,0,0,0.07,0.07,0.2,0.2,20,20,7730.86,10822.508,0,88.51758,7774.23,20.15,23.22,,,45,,,,,9.67,,,,,1,,,,,220,,,,,65.07,,,,,60.13,,,39.10897,7705.42383,7771.44,,0,62,,,,0,32,,,,,,,,,,,,,,,,,,,"2019/05/16 06:00:26",5.88987,7777.329870,616.508,616.508,0
D,P5MIN,REGIONSOLUTION,5,"2019/05/16 06:05:00",0,"2019/05/16 06:10:00",NSW1,76.24913,76.24913,0,3,3,4.81,4.81,2,2,23.73,23.73,0,0,0.05,0.05,0.19,0.19,14,14,7860.45,10825.076,0,129.58768,7829.2,0,-31.25,,,50,,,,,20,,,,,1,,,,,220,,,,,53,,,,,40,,,39.10897,7771.44,7883.08,,0,41.6,,,,0,12,,,,,,,,,,,,,,,,,,,"2019/05/16 06:00:26",5.88987,7888.969870,619.076,619.076,0
D,P5MIN,REGIONSOLUTION,5,"2019/05/16 06:05:00",0,"2019/05/16 06:15:00",NSW1,77.3881,77.3881,0,3,3,3.08219,3.08219,2,2,23.73,23.73,0,0,0.05,0.05,0.19,0.19,14,14,7944.91,10827.076,0,84.46194,7841.08,0,-103.83,,,50,,,,,20,,,,,1,,,,,219.39,,,,,53,,,,,40,,,39.10897,7883.08,7969.38,,0,36,,,,0,12,,,,,,,,,,,,,,,,,,,"2019/05/16 06:00:26",5.88987,7975.269870,621.076,621.076,0
D,P5MIN,REGIONSOLUTION,5,"2019/05/16 06:05:00",0,"2019/05/16 06:20:00",NSW1,82.79907,82.79907,0,5,5,5,5,1.98,1.98,23.73,23.73,0,0,0.05,0.05,0.19,0.19,14,14,8049.11,10828.605,0,104.20286,7842.6,0,-206.51,,,50,,,,,20,,,,,1,,,,,198.38,,,,,65.05,,,,,55.05,,,39.10897,7969.38,8069.16,,0,36,,,,0,12,,,,,,,,,,,,,,,,,,,"2019/05/16 06:00:26",5.88987,8075.049870,622.605,622.605,0
D,P5MIN,REGIONSOLUTION,5,"2019/05/16 06:05:00",0,"2019/05/16 06:25:00",NSW1,89.44351,89.44351,0,6.16,6.16,5,5,1.98,1.98,24,24,0,0,0.05,0.05,0.19,0.19,14,14,8131.66,10829.757,0,82.54702,7868.76,0,-262.9,,,50,,,,,20,,,,,1,,,,,198.41,,,,,75,,,,,60,,,39.10897,8069.16,8149.71,,0,36,,,,0,12,,,,,,,,,,,,,,,,,,,"2019/05/16 06:00:26",5.88987,8155.599870,623.757,623.757,0
D,P5MIN,REGIONSOLUTION,5,"2019/05/16 06:05:00",0,"2019/05/16 06:30:00",NSW1,94.92885,94.92885,0,5,5,5,5,1.98,1.98,24,24,0,0,0.05,0.05,0.19,0.19,14,14,8194.36,10830.59,0,62.70387,7833.96,0,-360.4,,,50,,,,,20,,,,,1,,,,,196.6,,,,,68.84,,,,,58.84,,,39.10897,8149.71,8205.32,,0,36,,,,0,12,,,,,,,,,,,,,,,,,,,"2019/05/16 06:00:26",5.88987,8211.209870,624.59,583.9605,128.7945
D,P5MIN,REGIONSOLUTION,5,"2019/05/16 06:05:00",0,"2019/05/16 06:35:00",NSW1,96.08101,96.08101,0,9.49,9.49,5.89,5.89,2,2,18.99,18.99,0.03,0.03,0.05,0.05,0.19,0.19,12.5,12.5,8301.11,10909.194,0,106.74937,7779.63,0,-521.48,,,50,,,,,20,,,,,10,,,,,210.81,,,,,75,,,,,60,,,39.10897,8205.32,8313.69,,0,32,,,,0,12,,,,,,,,,,,,,,,,,,,"2019/05/16 06:00:26",5.88987,8319.579870,623.194,529.63475,76.78275
D,P5MIN,REGIONSOLUTION,5,"2019/05/16 06:05:00",0,"2019/05/16 06:40:00",NSW1,97.99633,97.99633,0,6.73969,6.73969,5.89,5.89,2,2,20,20,0.01,0.01,0.05,0.05,0.19,0.19,12.5,12.5,8396.45,10905.113,0,95.33609,7731.9,0,-664.55,,,50,,,,,20,,,,,8.96,,,,,209.75,,,,,75,,,,,60,,,39.10897,8313.69,8408.35,,0,32,,,,0,12,,,,,,,,,,,,,,,,,,,"2019/05/16 06:00:26",5.88987,8414.239870,619.113,481.90194,34.02394
D,P5MIN,REGIONSOLUTION,5,"2019/05/16 06:05:00",0,"2019/05/16 06:45:00",NSW1,103.78857,103.78857,0,9.49,9.49,5.89,5.89,2,2,20,20,0.01,0.01,0.04,0.04,0.19,0.19,12.5,12.5,8503.35,10900.246,0,106.89674,7701.92,0,-801.43,,,50,,,,,20,,,,,5.85,,,,,208.81,,,,,75,,,,,60,,,39.10897,8408.35,8518.49,,0,32,,,,0,12,,,,,,,,,,,,,,,,,,,"2019/05/16 06:00:26",5.88987,8524.379870,614.246,451.92,9.771
D,P5MIN,REGIONSOLUTION,5,"2019/05/16 06:05:00",0,"2019/05/16 06:50:00",NSW1,117.74015,117.74015,0,9.81,9.81,5,5,2,2,18.99,18.99,0.01,0.01,0.04,0.04,0.19,0.19,12.5,12.5,8575.44,10894.7,0,72.09846,7702.4,0,-873.05,,,50,,,,,20,,,,,2.77,,,,,207.89,,,,,75,,,,,60,,,39.10897,8518.49,8592.73,,0,32,,,,0,12,,,,,,,,,,,,,,,,,,,"2019/05/16 06:00:26",5.88987,8598.619870,608.7,437.39834,1.62934
D,P5MIN,REGIONSOLUTION,5,"2019/05/16 06:05:00",0,"2019/05/16 06:55:00",NSW1,119.04661,119.04661,0,9.81,9.81,5.38902,5.38902,2,2,19.78818,19.78818,0.01,0.01,0.04,0.04,0.19,0.19,12.5,12.5,8596.36,10888.561,0,20.91917,7708.82,0,-887.54,,,50,,,,,20,,,,,0.95,,,,,207.35,,,,,75,,,,,60,,,39.10897,8592.73,8614.26,,0,32,,,,0,12,,,,,,,,,,,,,,,,,,,"2019/05/16 06:00:26",5.88987,8620.149870,602.561,428.82201,0.00101
D,P5MIN,REGIONSOLUTION,5,"2019/05/16 06:05:00",0,"2019/05/16 07:00:00",NSW1,141.60089,141.60089,0,20.7,20.7,13.81,13.81,2,2,34,34,0,0,0.05,0.05,0.19,0.19,12.5,12.5,8635.18,10881.905,0,38.81186,7716.38,0,-918.8,,,50,,,,,20,,,,,0,,,,,206.73,,,,,75,,,,,60,,,39.10897,8614.26,8653.91,,0,32,,,,0,12,,,,,,,,,,,,,,,,,,,"2019/05/16 06:00:26",5.88987,8659.799870,595.905,421.37701,0.00101
D,P5MIN,REGIONSOLUTION,5,"2019/05/16 06:05:00",0,"2019/05/16 06:05:00",QLD1,70.7301,70.7301,0,5.36616,5.36616,5,5,2,2,30.05942,30.05942,0,0,0.07,0.07,0.2,0.2,20,20,5984.71,10091.442,0,83.35498,6359.44,0,374.73,,,0,,,,,0,,,,,0,,,,,85,,,,,23,,,,,24,,,35.63367,5868.48193,5986.86,,0,0,,,,0,16,,,,,,,,,,,,,,,,,,,"2019/05/16 06:00:26",107.32375,6094.183750,141.442,141.442,0
D,P5MIN,REGIONSOLUTION,5,"2019/05/16 06:05:00",0,"2019/05/16 06:10:00",QLD1,71.73002,71.73002,0,3,3,4.81,4.81,2,2,23.73,23.73,0,0,0.05,0.05,0.19,0.19,14,14,6064.63,10091.043,0,79.92857,6497.26,0,432.62,,,0,,,,,0,,,,,0,,,,,85,,,,,43,,,,,43.48,,,35.63367,5986.86,6067.7,,0,20,,,,0,66,,,,,,,,,,,,,,,,,,,"2019/05/16 06:00:26",107.32375,6175.023750,141.043,141.043,0
D,P5MIN,REGIONSOLUTION,5,"2019/05/16 06:05:00",0,"2019/05/16 06:15:00",QLD1,72.29411,72.29411,0,3,3,3.08219,3.08219,2,2,23.73,23.73,0,0,0.05,0.05,0.19,0.19,14,14,6116.65,10090.661,0,52.01663,6610.11,0,493.46,,,0,,,,,0,,,,,0,,,,,85,,,,,48,,,,,45.85,,,35.63367,6067.7,6121,,0,25,,,,0,66,,,,,,,,,,,,,,,,,,,"2019/05/16 06:00:26",107.32375,6228.323750,140.661,140.661,0
D,P5MIN,REGIONSOLUTION,5,"2019/05/16 06:05:00",0,"2019/05/16 06:20:00",QLD1,76.82704,76.82704,0,5,5,5,5,1.98,1.98,23.73,23.73,0,0,0.05,0.05,0.19,0.19,14,14,6142.25,10090.294,0,25.59636,6645.04,0,502.8,,,0,,,,,0,,,,,0,,,,,85,,,,,48,,,,,49,,,35.63367,6121,6146.81,,0,25,,,,0,66,,,,,,,,,,,,,,,,,,,"2019/05/16 06:00:26",107.32375,6254.133750,140.294,140.294,0
D,P5MIN,REGIONSOLUTION,5,"2019/05/16 06:05:00",0,"2019/05/16 06:25:00",QLD1,83.0001,83.0001,0,6.16,6.16,5,5,1.98,1.98,24,24,0,0,0.05,0.05,0.19,0.19,14,14,6199.28,10089.938,0,57.03212,6709.63,0,510.35,,,0,,,,,0,,,,,0,,,,,84,,,,,48,,,,,54.39,,,35.63367,6146.81,6204,,0,25,,,,0,50.68,,,,,,,,,,,,,,,,,,,"2019/05/16 06:00:26",107.32375,6311.323750,139.938,139.938,0
D,P5MIN,REGIONSOLUTION,5,"2019/05/16 06:05:00",0,"2019/05/16 06:30:00",QLD1,88.67443,88.67443,0,5,5,5,5,1.98,1.98,24,24,0,0,0.05,0.05,0.19,0.19,14,14,6253.65,10089.592,0,54.36883,6724.34,0,470.69,,,0,,,,,0,,,,,0,,,,,85,,,,,48,,,,,49,,,35.63367,6204,6257.52,,0,25,,,,0,41,,,,,,,,,,,,,,,,,,,"2019/05/16 06:00:26",107.32375,6364.843750,139.592,139.592,0
D,P5MIN,REGIONSOLUTION,5,"2019/05/16 06:05:00",0,"2019/05/16 06:35:00",QLD1,88.57074,88.57074,0,9.49,9.49,5.89,5.89,2,2,18.99,18.99,0.03,0.03,0.05,0.05,0.19,0.19,12.5,12.5,6310.81,10089.389,0,57.15934,6865.14,0,554.33,,,0,,,,,0,,,,,0,,,,,85,,,,,55.71,,,,,81.71,,,35.63367,6257.52,6316.58,,0,25,,,,0,30,,,,,,,,,,,,,,,,,,,"2019/05/16 06:00:26",107.32375,6423.903750,140.389,140.389,0
D,P5MIN,REGIONSOLUTION,5,"2019/05/16 06:05:00",0,"2019/05/16 06:40:00",QLD1,89.72097,89.72097,0,6.73969,6.73969,5.89,5.89,2,2,20,20,0.01,0.01,0.05,0.05,0.19,0.19,12.5,12.5,6356.59,10091.63,0,45.7876,6942.38,0,585.79,,,0,,,,,0,,,,,0,,,,,85,,,,,53,,,,,79,,,35.63367,6316.58,6363.2,,0,25,,,,0,30.84,,,,,,,,,,,,,,,,,,,"2019/05/16 06:00:26",107.32375,6470.523750,142.63,142.63,0
D,P5MIN,REGIONSOLUTION,5,"2019/05/16 06:05:00",0,"2019/05/16 06:45:00",QLD1,93.73007,93.73007,0,9.49,9.49,5.89,5.89,2,2,20,20,0.01,0.01,0.04,0.04,0.19,0.19,12.5,12.5,6359.83,10094.216,0,3.2366,7014.28,0,654.45,,,0,,,,,0,,,,,0,,,,,85,,,,,54.95,,,,,80.95,,,35.63367,6363.2,6368.43,,0,25,,,,0,35.9,,,,,,,,,,,,,,,,,,,"2019/05/16 06:00:26",107.32375,6475.753750,145.216,145.216,0
D,P5MIN,REGIONSOLUTION,5,"2019/05/16 06:05:00",0,"2019/05/16 06:50:00",QLD1,105.63003,105.63003,0,9.81,9.81,5,5,2,2,18.99,18.99,0.01,0.01,0.04,0.04,0.19,0.19,12.5,12.5,6419.25,10097.104,0,59.41669,7109.65,0,690.4,,,0,,,,,0,,,,,0,,,,,85,,,,,48,,,,,69,,,35.63367,6368.43,6428.94,,0,25,,,,0,30,,,,,,,,,,,,,,,,,,,"2019/05/16 06:00:26",107.32375,6536.263750,148.104,148.104,0
D,P5MIN,REGIONSOLUTION,5,"2019/05/16 06:05:00",0,"2019/05/16 06:55:00",QLD1,106.76446,106.76446,0,9.81,9.81,5.38902,5.38902,2,2,19.78818,19.78818,0.01,0.01,0.04,0.04,0.19,0.19,12.5,12.5,6449.15,10100.257,0,29.89922,7147.8,0,698.65,,,0,,,,,0,,,,,0,,,,,85,,,,,48,,,,,69,,,35.63367,6428.94,6459.17,,0,25,,,,0,30,,,,,,,,,,,,,,,,,,,"2019/05/16 06:00:26",107.32375,6566.493750,151.257,151.257,0
D,P5MIN,REGIONSOLUTION,5,"2019/05/16 06:05:00",0,"2019/05/16 07:00:00",QLD1,126.99995,126.99995,0,20.7,20.7,13.81,13.81,2,2,34,34,0,0,0.05,0.05,0.19,0.19,12.5,12.5,6478.78,10103.639,0,29.63276,7191.09,0,712.31,,,0,,,,,0,,,,,0,,,,,85,,,,,68,,,,,69,,,35.63367,6459.17,6489.24,,0,25,,,,0,43,,,,,,,,,,,,,,,,,,,"2019/05/16 06:00:26",107.32375,6596.563750,154.639,154.639,0
D,P5MIN,REGIONSOLUTION,5,"2019/05/16 06:05:00",0,"2019/05/16 06:05:00",SA1,79.22922,79.22922,0,5.36616,5.36616,5,5,2,2,30.05942,30.05942,0,0,0.07,0.07,0.2,0.2,20,20,1240.77,2805.369,82,22.88888,1411.18,0,170.41,,,40,,,,,54.54,,,,,40,,,,,73,,,,,119.72,,,,,136.66,,,11.90871,1207.448,1241.89,,0,75,,,,0,100,,,,,,,,,,,,,,,,,,,"2019/05/16 06:00:26",80.16342,1322.053420,442.369,442.369,0
D,P5MIN,REGIONSOLUTION,5,"2019/05/16 06:05:00",0,"2019/05/16 06:10:00",SA1,78.72367,78.72367,0,3,3,4.81,4.81,2,2,23.73,23.73,0,0,0.05,0.05,0.19,0.19,14,14,1246.03,2806.745,82,5.25904,1441.74,0,195.72,,,40,,,,,54.54,,,,,40,,,,,73,,,,,121,,,,,143,,,11.90871,1241.89,1247.55,,0,74.4,,,,0,70,,,,,,,,,,,,,,,,,,,"2019/05/16 06:00:26",80.16342,1327.713420,443.745,443.745,0
D,P5MIN,REGIONSOLUTION,5,"2019/05/16 06:05:00",0,"2019/05/16 06:15:00",SA1,79.22922,79.22922,0,3,3,3.08219,3.08219,2,2,23.73,23.73,0,0,0.05,0.05,0.19,0.19,14,14,1267.28,2807.789,82,21.25449,1442.79,0,175.51,,,40,,,,,54.54,,,,,25.34,,,,,73,,,,,119.85,,,,,143,,,11.90871,1247.55,1268.52,,0,75,,,,0,70,,,,,,,,,,,,,,,,,,,"2019/05/16 06:00:26",80.16342,1348.683420,444.789,444.789,0
D,P5MIN,REGIONSOLUTION,5,"2019/05/16 06:05:00",0,"2019/05/16 06:20:00",SA1,83.64553,83.64553,0,5,5,5,5,1.98,1.98,23.73,23.73,0,0,0.05,0.05,0.19,0.19,14,14,1279.02,2808.561,82,11.73336,1464.16,0,185.15,,,40,,,,,54.54,,,,,37.08,,,,,93,,,,,121,,,,,143,,,11.90871,1268.52,1280.4,,0,75,,,,0,70,,,,,,,,,,,,,,,,,,,"2019/05/16 06:00:26",80.16342,1360.563420,445.561,445.561,0
D,P5MIN,REGIONSOLUTION,5,"2019/05/16 06:05:00",0,"2019/05/16 06:25:00",SA1,88.73188,88.73188,0,6.16,6.16,5,5,1.98,1.98,24,24,0,0,0.05,0.05,0.19,0.19,14,14,1288.32,2809.116,82,9.30039,1499.12,0,210.8,,,40,,,,,54.54,,,,,33.93,,,,,93,,,,,121.39,,,,,143,,,11.90871,1280.4,1290.06,,0,75,,,,0,85.32,,,,,,,,,,,,,,,,,,,"2019/05/16 06:00:26",80.16342,1370.223420,446.116,446.116,0
D,P5MIN,REGIONSOLUTION,5,"2019/05/16 06:05:00",0,"2019/05/16 06:30:00",SA1,93.93846,93.93846,0,5,5,5,5,1.98,1.98,24,24,0,0,0.05,0.05,0.19,0.19,14,14,1313.22,2809.483,82,24.90603,1499.48,0,186.26,,,40,,,,,54.54,,,,,31.32,,,,,93,,,,,121,,,,,143,,,11.90871,1290.06,1314.64,,0,75,,,,0,95,,,,,,,,,,,,,,,,,,,"2019/05/16 06:00:26",80.16342,1394.803420,446.483,446.483,0
D,P5MIN,REGIONSOLUTION,5,"2019/05/16 06:05:00",0,"2019/05/16 06:35:00",SA1,94.05178,94.05178,0,9.49,9.49,5.89,5.89,2,2,18.99,18.99,0.03,0.03,0.05,0.05,0.19,0.19,12.5,12.5,1326.87,2788.816,83,13.6485,1498.82,0,171.95,,,40,,,,,54.54,,,,,1,,,,,93,,,,,141,,,,,143,,,11.90871,1314.64,1328.04,,0,75,,,,0,98,,,,,,,,,,,,,,,,,,,"2019/05/16 06:00:26",80.16342,1408.203420,446.816,446.816,0
D,P5MIN,REGIONSOLUTION,5,"2019/05/16 06:05:00",0,"2019/05/16 06:40:00",SA1,95.01062,95.01062,0,6.73969,6.73969,5.89,5.89,2,2,20,20,0.01,0.01,0.05,0.05,0.19,0.19,12.5,12.5,1356.58,2789.175,83,29.70506,1499.17,0,142.6,,,40,,,,,54.54,,,,,1,,,,,93,,,,,141,,,,,143,,,11.90871,1328.04,1357.4,,0,75,,,,0,100,,,,,,,,,,,,,,,,,,,"2019/05/16 06:00:26",80.16342,1437.563420,447.175,447.175,0
D,P5MIN,REGIONSOLUTION,5,"2019/05/16 06:05:00",0,"2019/05/16 06:45:00",SA1,100.65192,100.65192,0,9.49,9.49,5.89,5.89,2,2,20,20,0.01,0.01,0.04,0.04,0.19,0.19,12.5,12.5,1364.1,2789.456,83,7.52323,1499.46,0,135.36,,,40,,,,,54.54,,,,,1,,,,,93,,,,,141,,,,,143,,,11.90871,1357.4,1364.83,,0,75,,,,0,100,,,,,,,,,,,,,,,,,,,"2019/05/16 06:00:26",80.16342,1444.993420,447.456,447.456,0
D,P5MIN,REGIONSOLUTION,5,"2019/05/16 06:05:00",0,"2019/05/16 06:50:00",SA1,109.42403,109.42403,0,9.81,9.81,5,5,2,2,18.99,18.99,0.01,0.01,0.04,0.04,0.19,0.19,12.5,12.5,1392.04,2789.671,83,27.93826,1624.67,0,232.63,,,40,,,,,54.54,,,,,1,,,,,93,,,,,136.97,,,,,143,,,11.90871,1364.83,1394.15,,0,75,,,,0,98,,,,,,,,,,,,,,,,,,,"2019/05/16 06:00:26",80.16342,1474.313420,447.671,447.671,0
D,P5MIN,REGIONSOLUTION,5,"2019/05/16 06:05:00",0,"2019/05/16 06:55:00",SA1,108.7984,108.7984,0,9.81,9.81,5.38902,5.38902,2,2,19.78818,19.78818,0.01,0.01,0.04,0.04,0.19,0.19,12.5,12.5,1412.13,2789.83,83,20.09641,1705.34,0,293.21,,,40,,,,,54.54,,,,,1,,,,,93,,,,,136.29,,,,,140.14,,,11.90871,1394.15,1415.45,,0,75,,,,0,99.14,,,,,,,,,,,,,,,,,,,"2019/05/16 06:00:26",80.16342,1495.613420,447.83,447.83,0
D,P5MIN,REGIONSOLUTION,5,"2019/05/16 06:05:00",0,"2019/05/16 07:00:00",SA1,125.6833,125.6833,0,20.7,20.7,13.81,13.81,2,2,34,34,0,0,0.05,0.05,0.19,0.19,12.5,12.5,1421.5,2789.94,83,9.36413,1799.94,0,378.44,,,40,,,,,39.54,,,,,0,,,,,93,,,,,111,,,,,128,,,11.90871,1415.45,1427.01,,0,75,,,,0,85,,,,,,,,,,,,,,,,,,,"2019/05/16 06:00:26",80.16342,1507.173420,447.94,447.94,0
D,P5MIN,REGIONSOLUTION,5,"2019/05/16 06:05:00",0,"2019/05/16 06:05:00",TAS1,80.58,80.58,0,1.45,1.45,4,4,2,2,14.5,14.5,0,0,0.07,0.07,0.2,0.2,20,20,1201.54,1981.613,0,12.65167,1017.33,0,-184.2,,,30,,,,,46.68,,,,,0,,,,,14.13,,,,,85,,,,,85,,,1.35767,1187.52747,1201.54,,0,50,,,,0,50,,,,,,,,,,,,,,,,,,,"2019/05/16 06:00:26",42.56128,1244.101280,21.613,21.613,0
D,P5MIN,REGIONSOLUTION,5,"2019/05/16 06:05:00",0,"2019/05/16 06:10:00",TAS1,80.64,80.64,0,1.45,1.45,4,4,2,2,14.5,14.5,0,0,0.05,0.05,0.19,0.19,12.5,12.5,1218.59,1981.957,0,17.05625,1042.3,0,-176.29,,,30,,,,,28.33,,,,,0,,,,,13.97,,,,,77.09,,,,,77.09,,,1.35767,1201.54,1218.59,,0,50,,,,0,50,,,,,,,,,,,,,,,,,,,"2019/05/16 06:00:26",42.56128,1261.151280,21.957,21.957,0
D,P5MIN,REGIONSOLUTION,5,"2019/05/16 06:05:00",0,"2019/05/16 06:15:00",TAS1,80.64,80.64,0,1.45,1.45,4,4,2,2,14.5,14.5,0,0,0.05,0.05,0.19,0.19,12.5,12.5,1232.12,1982.296,0,13.52848,1061.43,0,-170.69,,,30,,,,,25.1,,,,,0,,,,,13.57,,,,,77.09,,,,,71.49,,,1.35767,1218.59,1232.12,,0,50,,,,0,50,,,,,,,,,,,,,,,,,,,"2019/05/16 06:00:26",42.56128,1274.681280,22.296,22.296,0
D,P5MIN,REGIONSOLUTION,5,"2019/05/16 06:05:00",0,"2019/05/16 06:20:00",TAS1,80.64,80.64,0,1.45,1.45,4,4,2,2,14.5,14.5,0,0,0.05,0.05,0.19,0.19,12.5,12.5,1243.41,1982.631,0,11.28846,1094.17,0,-149.24,,,30,,,,,21.85,,,,,0,,,,,13.57,,,,,77.09,,,,,61.67,,,1.35767,1232.12,1243.41,,0,50,,,,0,50,,,,,,,,,,,,,,,,,,,"2019/05/16 06:00:26",42.56128,1285.971280,22.631,22.631,0
D,P5MIN,REGIONSOLUTION,5,"2019/05/16 06:05:00",0,"2019/05/16 06:25:00",TAS1,85.84683,85.84683,0,1.45,1.45,4,4,2,2,14.5,14.5,0,0,0.05,0.05,0.19,0.19,12.5,12.5,1252.25,1982.962,0,8.84298,1116.51,0,-135.74,,,30,,,,,18.69,,,,,0,,,,,13.57,,,,,77.09,,,,,61.67,,,1.35767,1243.41,1252.25,,0,50,,,,0,50,,,,,,,,,,,,,,,,,,,"2019/05/16 06:00:26",42.56128,1294.811280,22.962,22.962,0
D,P5MIN,REGIONSOLUTION,5,"2019/05/16 06:05:00",0,"2019/05/16 06:30:00",TAS1,91.5673,91.5673,0,1.45,1.45,4,4,2,2,14.5,14.5,0,0,0.05,0.05,0.19,0.19,12.5,12.5,1261.6,1983.291,0,9.34429,1121.91,0,-139.68,,,30,,,,,16.08,,,,,0,,,,,13.57,,,,,77.09,,,,,61.67,,,1.35767,1252.25,1261.6,,0,50,,,,0,50,,,,,,,,,,,,,,,,,,,"2019/05/16 06:00:26",42.56128,1304.161280,23.291,23.291,0
D,P5MIN,REGIONSOLUTION,5,"2019/05/16 06:05:00",0,"2019/05/16 06:35:00",TAS1,80.64,80.64,0,1.45,1.45,4,4,2,2,14.5,14.5,0.03,0.03,0.05,0.05,0.19,0.19,12.5,12.5,1274.43,1983.588,0,12.83694,1174.43,0,-100,,,30,,,,,12.27,,,,,0,,,,,13.57,,,,,77.09,,,,,61.67,,,1.35767,1261.6,1274.43,,0,44,,,,0,50,,,,,,,,,,,,,,,,,,,"2019/05/16 06:00:26",42.56128,1316.991280,23.588,23.588,0
D,P5MIN,REGIONSOLUTION,5,"2019/05/16 06:05:00",0,"2019/05/16 06:40:00",TAS1,80.64,80.64,0,1.45,1.45,4,4,2,2,14.5,14.5,0.01,0.01,0.05,0.05,0.19,0.19,12.5,12.5,1287.67,1983.846,0,13.23923,1190.51,0,-97.16,,,30,,,,,8.72,,,,,0,,,,,16.41,,,,,77.09,,,,,61.67,,,1.35767,1274.43,1287.67,,0,44,,,,0,47.16,,,,,,,,,,,,,,,,,,,"2019/05/16 06:00:26",42.56128,1330.231280,23.846,23.846,0
D,P5MIN,REGIONSOLUTION,5,"2019/05/16 06:05:00",0,"2019/05/16 06:45:00",TAS1,83.19201,83.19201,0,1.45,1.45,4,4,2,2,14.5,14.5,0.01,0.01,0.05,0.05,0.19,0.19,12.5,12.5,1301.04,1984.094,0,13.37129,1208.95,0,-92.1,,,30,,,,,13.27,,,,,0,,,,,21.47,,,,,77.09,,,,,61.67,,,1.35767,1287.67,1301.04,,0,44,,,,0,42.1,,,,,,,,,,,,,,,,,,,"2019/05/16 06:00:26",42.56128,1343.601280,24.094,24.094,0
D,P5MIN,REGIONSOLUTION,5,"2019/05/16 06:05:00",0,"2019/05/16 06:50:00",TAS1,98.18,98.18,0,1.45,1.45,4,4,2,2,14.5,14.5,0.01,0.01,0.05,0.05,0.19,0.19,12.5,12.5,1318.76,1984.332,0,17.71517,1218.76,0,-100,,,30,,,,,5.04,,,,,0,,,,,13.57,,,,,77.09,,,,,61.67,,,1.35767,1301.04,1318.76,,0,44,,,,0,50,,,,,,,,,,,,,,,,,,,"2019/05/16 06:00:26",42.56128,1361.321280,24.332,24.332,0
D,P5MIN,REGIONSOLUTION,5,"2019/05/16 06:05:00",0,"2019/05/16 06:55:00",TAS1,98.33,98.33,0,1.45,1.45,4,4,2,2,14.5,14.5,0.01,0.01,0.05,0.05,0.19,0.19,12.5,12.5,1326.8,1984.562,0,8.04061,1227.94,0,-98.86,,,30,,,,,6.68,,,,,0,,,,,14.71,,,,,77.09,,,,,61.67,,,1.35767,1318.76,1326.8,,0,44,,,,0,48.86,,,,,,,,,,,,,,,,,,,"2019/05/16 06:00:26",42.56128,1369.361280,24.562,24.562,0
D,P5MIN,REGIONSOLUTION,5,"2019/05/16 06:05:00",0,"2019/05/16 07:00:00",TAS1,98.33,98.33,0,1.45,1.45,4,4,2,2,14.5,14.5,0,0,0.05,0.05,0.19,0.19,12.5,12.5,1337.88,1984.786,0,11.07817,1237.88,0,-100,,,30,,,,,13.67,,,,,0,,,,,13.57,,,,,77.09,,,,,61.67,,,1.35767,1326.8,1337.88,,0,43,,,,0,50,,,,,,,,,,,,,,,,,,,"2019/05/16 06:00:26",42.56128,1380.441280,24.786,24.786,0
D,P5MIN,REGIONSOLUTION,5,"2019/05/16 06:05:00",0,"2019/05/16 06:05:00",VIC1,84.24,84.24,0,5.36616,5.36616,5,5,2,2,30.05942,30.05942,0,0,0.07,0.07,0.2,0.2,20,20,4843.52,7725.351,0,85.95752,4495.55,0,-347.97,,,95.15,,,,,35,,,,,11.59,,,,,64,,,,,109,,,,,96,,,-4.07875,4773.13184,4856.01,,0,3,,,,0,2,,,,,,,,,,,,,,,,,,,"2019/05/16 06:00:26",21.105,4877.1150,8.351,8.351,0
D,P5MIN,REGIONSOLUTION,5,"2019/05/16 06:05:00",0,"2019/05/16 06:10:00",VIC1,84.24,84.24,0,3,3,4.81,4.81,2,2,23.73,23.73,0,0,0.05,0.05,0.19,0.19,14,14,4911.16,7726.747,0,67.64229,4531.14,0,-380.02,,,89.24,,,,,40,,,,,8.56,,,,,64,,,,,105.48,,,,,96,,,-4.07875,4856.01,4924.73,,0,4,,,,0,2,,,,,,,,,,,,,,,,,,,"2019/05/16 06:00:26",21.105,4945.8350,9.747,9.747,0
D,P5MIN,REGIONSOLUTION,5,"2019/05/16 06:05:00",0,"2019/05/16 06:15:00",VIC1,84.24,84.24,0,3,3,3.08219,3.08219,2,2,23.73,23.73,0,0,0.05,0.05,0.19,0.19,14,14,4968.43,7728.022,0,57.2717,4616.22,0,-352.22,,,88.27,,,,,40,,,,,20,,,,,64,,,,,104,,,,,96,,,-4.07875,4924.73,4980.6,,0,4,,,,0,2,,,,,,,,,,,,,,,,,,,"2019/05/16 06:00:26",21.105,5001.7050,11.022,11.022,0
D,P5MIN,REGIONSOLUTION,5,"2019/05/16 06:05:00",0,"2019/05/16 06:20:00",VIC1,89.00833,89.00833,0,5,5,5,5,1.98,1.98,23.73,23.73,0,0,0.05,0.05,0.19,0.19,14,14,5043.75,7729.183,0,75.31439,4747.38,0,-296.37,,,87.3,,,,,40,,,,,5,,,,,64,,,,,109,,,,,96,,,-4.07875,4980.6,5053.57,,0,4,,,,0,2,,,,,,,,,,,,,,,,,,,"2019/05/16 06:00:26",21.105,5074.6750,12.183,12.183,0
D,P5MIN,REGIONSOLUTION,5,"2019/05/16 06:05:00",0,"2019/05/16 06:25:00",VIC1,95.50991,95.50991,0,6.16,6.16,5,5,1.98,1.98,24,24,0,0,0.05,0.05,0.19,0.19,14,14,5105.47,7730.248,0,61.72221,4817.25,0,-288.22,,,86.35,,,,,40,,,,,5,,,,,64,,,,,109,,,,,96,,,-4.07875,5053.57,5115.23,,0,4,,,,0,2,,,,,,,,,,,,,,,,,,,"2019/05/16 06:00:26",21.105,5136.3350,13.248,13.248,0
D,P5MIN,REGIONSOLUTION,5,"2019/05/16 06:05:00",0,"2019/05/16 06:30:00",VIC1,100,100,0,5,5,5,5,1.98,1.98,24,24,0,0,0.05,0.05,0.19,0.19,14,14,5137.2,7731.234,0,31.7282,5002.74,0,-134.45,,,85.57,,,,,40,,,,,5,,,,,64,,,,,109,,,,,96,,,-4.07875,5115.23,5143.36,,0,4,,,,0,2,,,,,,,,,,,,,,,,,,,"2019/05/16 06:00:26",21.105,5164.4650,14.234,14.234,0
D,P5MIN,REGIONSOLUTION,5,"2019/05/16 06:05:00",0,"2019/05/16 06:35:00",VIC1,100,100,0,9.49,9.49,5.89,5.89,2,2,18.99,18.99,0.03,0.03,0.05,0.05,0.19,0.19,12.5,12.5,5213.81,7732.215,0,76.61581,5132.41,0,-81.4,,,84.42,,,,,40,,,,,22.51,,,,,66,,,,,111,,,,,98,,,-4.07875,5143.36,5217.7,,0,14,,,,0,10,,,,,,,,,,,,,,,,,,,"2019/05/16 06:00:26",21.105,5238.8050,15.215,15.215,0
D,P5MIN,REGIONSOLUTION,5,"2019/05/16 06:05:00",0,"2019/05/16 06:40:00",VIC1,100,100,0,6.73969,6.73969,5.89,5.89,2,2,20,20,0.01,0.01,0.05,0.05,0.19,0.19,12.5,12.5,5279.58,7733.321,0,65.76619,5333.81,0,54.23,,,83.36,,,,,40,,,,,20,,,,,66,,,,,113,,,,,100,,,-4.07875,5217.7,5281.15,,0,14,,,,0,10,,,,,,,,,,,,,,,,,,,"2019/05/16 06:00:26",21.105,5302.2550,16.321,16.321,0
D,P5MIN,REGIONSOLUTION,5,"2019/05/16 06:05:00",0,"2019/05/16 06:45:00",VIC1,105.27174,105.27174,0,9.49,9.49,5.89,5.89,2,2,20,20,0.01,0.01,0.04,0.04,0.19,0.19,12.5,12.5,5369.44,7734.394,0,89.85703,5498.39,0,128.96,,,82.42,,,,,32.34,,,,,20,,,,,66,,,,,113,,,,,100,,,-4.07875,5281.15,5370.2,,0,14,,,,0,10,,,,,,,,,,,,,,,,,,,"2019/05/16 06:00:26",21.105,5391.3050,17.394,17.394,0
D,P5MIN,REGIONSOLUTION,5,"2019/05/16 06:05:00",0,"2019/05/16 06:50:00",VIC1,118.52808,118.52808,0,9.81,9.81,5,5,2,2,18.99,18.99,0.01,0.01,0.04,0.04,0.19,0.19,12.5,12.5,5414.94,7735.434,0,45.50928,5499.43,0,84.49,,,81.5,,,,,37.5,,,,,20,,,,,66,,,,,113,,,,,100.97,,,-4.07875,5370.2,5420.33,,0,14,,,,0,10,,,,,,,,,,,,,,,,,,,"2019/05/16 06:00:26",21.105,5441.4350,18.434,18.434,0
D,P5MIN,REGIONSOLUTION,5,"2019/05/16 06:05:00",0,"2019/05/16 06:55:00",VIC1,119.9043,119.9043,0,9.81,9.81,5.38902,5.38902,2,2,19.78818,19.78818,0.01,0.01,0.04,0.04,0.19,0.19,12.5,12.5,5465.47,7736.443,0,50.52045,5500.44,0,34.98,,,80.96,,,,,34.03,,,,,20,,,,,66,,,,,113,,,,,103.15,,,-4.07875,5420.33,5474.67,,0,14,,,,0,10,,,,,,,,,,,,,,,,,,,"2019/05/16 06:00:26",21.105,5495.7750,19.443,19.443,0
D,P5MIN,REGIONSOLUTION,5,"2019/05/16 06:05:00",0,"2019/05/16 07:00:00",VIC1,142.62582,142.62582,0,20.7,20.7,13.81,13.81,2,2,34,34,0,0,0.05,0.05,0.19,0.19,12.5,12.5,5523.72,7737.425,0,58.25817,5502.43,0,-21.3,,,80.34,,,,,40,,,,,19.91,,,,,66,,,,,115.11,,,,,112.11,,,-4.07875,5474.67,5539.68,,0,15,,,,0,10,,,,,,,,,,,,,,,,,,,"2019/05/16 06:00:26",21.105,5560.7850,20.425,20.425,0
I,P5MIN,INTERCONNECTORSOLN,4,RUN_DATETIME,INTERVENTION,INTERCONNECTORID,INTERVAL_DATETIME,METEREDMWFLOW,MWFLOW,MWLOSSES,MARGINALVALUE,VIOLATIONDEGREE,MNSP,EXPORTLIMIT,IMPORTLIMIT,MARGINALLOSS,EXPORTGENCONID,IMPORTGENCONID,FCASEXPORTLIMIT,FCASIMPORTLIMIT,LASTCHANGED,LOCAL_PRICE_ADJUSTMENT_EXPORT,LOCALLY_CONSTRAINED_EXPORT,LOCAL_PRICE_ADJUSTMENT_IMPORT,LOCALLY_CONSTRAINED_IMPORT
D,P5MIN,INTERCONNECTORSOLN,4,"2019/05/16 06:05:00",0,N-Q-MNSP1,"2019/05/16 06:25:00",-57,-57,1.26445,0,0,0,23,-137,0.93536,NQTE_ROC,QNTE_ROC,23,-137,"2019/05/16 06:00:26",0,0,0,0
D,P5MIN,INTERCONNECTORSOLN,4,"2019/05/16 06:05:00",0,N-Q-MNSP1,"2019/05/16 06:20:00",-57,-57,1.26445,0,0,0,23,-137,0.93536,NQTE_ROC,QNTE_ROC,23,-137,"2019/05/16 06:00:26",0,0,0,0
D,P5MIN,INTERCONNECTORSOLN,4,"2019/05/16 06:05:00",0,N-Q-MNSP1,"2019/05/16 06:15:00",-49,-57,1.26445,0,0,0,31,-129,0.93536,NQTE_ROC,QNTE_ROC,31,-129,"2019/05/16 06:00:26",0,0,0,0
D,P5MIN,INTERCONNECTORSOLN,4,"2019/05/16 06:05:00",0,N-Q-MNSP1,"2019/05/16 06:10:00",-41,-49,0.73568,0,0,0,39,-121,0.94914,NQTE_ROC,QNTE_ROC,39,-121,"2019/05/16 06:00:26",0,0,0,0
D,P5MIN,INTERCONNECTORSOLN,4,"2019/05/16 06:05:00",0,N-Q-MNSP1,"2019/05/16 06:05:00",-49.8,-41,0.32161,0,0,0,30.2,-129.8,0.96305,NQTE_ROC,QNTE_ROC,30.2,-129.8,"2019/05/16 06:00:26",0,0,0,0
D,P5MIN,INTERCONNECTORSOLN,4,"2019/05/16 06:05:00",0,N-Q-MNSP1,"2019/05/16 07:00:00",-73,-73,2.66615,0,0,0,7,-145,0.90818,NQTE_ROC,#R018836_002_RAMP_F,7,-145,"2019/05/16 06:00:26",0,0,0,0
D,P5MIN,INTERCONNECTORSOLN,4,"2019/05/16 06:05:00",0,N-Q-MNSP1,"2019/05/16 06:35:00",-57,-57,1.26445,0,0,0,23,-137,0.93536,NQTE_ROC,QNTE_ROC,23,-137,"2019/05/16 06:00:26",0,0,0,0
D,P5MIN,INTERCONNECTORSOLN,4,"2019/05/16 06:05:00",0,N-Q-MNSP1,"2019/05/16 06:40:00",-57,-65,1.90795,0,0,0,23,-137,0.92171,NQTE_ROC,QNTE_ROC,23,-137,"2019/05/16 06:00:26",0,0,0,0
D,P5MIN,INTERCONNECTORSOLN,4,"2019/05/16 06:05:00",0,N-Q-MNSP1,"2019/05/16 06:45:00",-65,-73,2.66615,0,0,0,15,-145,0.90818,NQTE_ROC,#R018836_002_RAMP_F,15,-145,"2019/05/16 06:00:26",0,0,0,0
D,P5MIN,INTERCONNECTORSOLN,4,"2019/05/16 06:05:00",0,N-Q-MNSP1,"2019/05/16 06:50:00",-73,-73,2.66615,0,0,0,7,-145,0.90818,NQTE_ROC,#R018836_002_RAMP_F,7,-145,"2019/05/16 06:00:26",0,0,0,0
D,P5MIN,INTERCONNECTORSOLN,4,"2019/05/16 06:05:00",0,N-Q-MNSP1,"2019/05/16 06:55:00",-73,-73,2.66615,0,0,0,7,-145,0.90818,NQTE_ROC,#R018836_002_RAMP_F,7,-145,"2019/05/16 06:00:26",0,0,0,0
D,P5MIN,INTERCONNECTORSOLN,4,"2019/05/16 06:05:00",0,N-Q-MNSP1,"2019/05/16 06:30:00",-57,-57,1.26445,0,0,0,23,-137,0.93536,NQTE_ROC,QNTE_ROC,23,-137,"2019/05/16 06:00:26",0,0,0,0
D,P5MIN,INTERCONNECTORSOLN,4,"2019/05/16 06:05:00",0,NSW1-QLD1,"2019/05/16 06:25:00",-441.23369,-448.62152,13.42103,0,0,0,401.74899,-732.01625,0.92796,N::Q_BWLD_KC,Q^^NIL_QNI_SRAR,1229,-1659,"2019/05/16 06:00:26",0,0,0,0
D,P5MIN,INTERCONNECTORSOLN,4,"2019/05/16 06:05:00",0,NSW1-QLD1,"2019/05/16 06:20:00",-432.11436,-441.23369,12.9169,0,0,0,400.42088,-732.66625,0.92787,N::Q_BWLD_KC,Q^^NIL_QNI_SRAR,1229,-1659,"2019/05/16 06:00:26",0,0,0,0
D,P5MIN,INTERCONNECTORSOLN,4,"2019/05/16 06:05:00",0,NSW1-QLD1,"2019/05/16 06:15:00",-380.56012,-432.11436,12.23784,0,0,0,401.78908,-733.42545,0.93418,N::Q_BWLD_KC,Q^^NIL_QNI_SRAR,1229,-1659,"2019/05/16 06:00:26",0,0,0,0
D,P5MIN,INTERCONNECTORSOLN,4,"2019/05/16 06:05:00",0,NSW1-QLD1,"2019/05/16 06:10:00",-331.58228,-380.56012,8.79372,0,0,0,395.99435,-734.31673,0.94073,N::Q_BWLD_KC,Q^^NIL_QNI_SRAR,1229,-1659,"2019/05/16 06:00:26",0,0,0,0
D,P5MIN,INTERCONNECTORSOLN,4,"2019/05/16 06:05:00",0,NSW1-QLD1,"2019/05/16 06:05:00",-357.83081,-331.58228,6.38116,0,0,0,386.85682,-735.37129,0.95247,N::Q_BWLD_KC,Q^^NIL_QNI_SRAR,1229,-1659,"2019/05/16 06:00:26",0,0,0,0
D,P5MIN,INTERCONNECTORSOLN,4,"2019/05/16 06:05:00",0,NSW1-QLD1,"2019/05/16 06:30:00",-448.62152,-409.81937,10.76494,0,0,0,403.3678,-731.45777,0.93412,N::Q_BWLD_KC,Q^^NIL_QNI_SRAR,1229,-1659,"2019/05/16 06:00:26",0,0,0,0
D,P5MIN,INTERCONNECTORSOLN,4,"2019/05/16 06:05:00",0,NSW1-QLD1,"2019/05/16 07:00:00",-615.6293,-628.85177,29.86115,0,0,0,414.14673,-729.71265,0.89689,N::Q_BWLD_KC,Q^^NIL_QNI_SRAR,1229,-1659,"2019/05/16 06:00:26",0,0,0,0
D,P5MIN,INTERCONNECTORSOLN,4,"2019/05/16 06:05:00",0,NSW1-QLD1,"2019/05/16 06:55:00",-607.71162,-615.6293,28.48912,0,0,0,413.44357,-729.87489,0.89683,N::Q_BWLD_KC,Q^^NIL_QNI_SRAR,1229,-1659,"2019/05/16 06:00:26",0,0,0,0
D,P5MIN,INTERCONNECTORSOLN,4,"2019/05/16 06:05:00",0,NSW1-QLD1,"2019/05/16 06:50:00",-572.84937,-607.71162,27.43879,0,0,0,412.27932,-730.07769,0.89715,N::Q_BWLD_KC,Q^^NIL_QNI_SRAR,1229,-1659,"2019/05/16 06:00:26",0,0,0,0
D,P5MIN,INTERCONNECTORSOLN,4,"2019/05/16 06:05:00",0,NSW1-QLD1,"2019/05/16 06:45:00",-514.17889,-572.84937,24.04928,0,0,0,411.60904,-730.32729,0.90309,N::Q_BWLD_KC,Q^^NIL_QNI_SRAR,1229,-1659,"2019/05/16 06:00:26",0,0,0,0
D,P5MIN,INTERCONNECTORSOLN,4,"2019/05/16 06:05:00",0,NSW1-QLD1,"2019/05/16 06:40:00",-491.56236,-514.17889,18.61729,0,0,0,409.44458,-730.63201,0.91555,N::Q_BWLD_KC,Q^^NIL_QNI_SRAR,1229,-1659,"2019/05/16 06:00:26",0,0,0,0
D,P5MIN,INTERCONNECTORSOLN,4,"2019/05/16 06:05:00",0,NSW1-QLD1,"2019/05/16 06:35:00",-409.81937,-491.56236,16.68577,0,0,0,404.03264,-730.99809,0.92183,N::Q_BWLD_KC,Q^^NIL_QNI_SRAR,1229,-1659,"2019/05/16 06:00:26",0,0,0,0
D,P5MIN,INTERCONNECTORSOLN,4,"2019/05/16 06:05:00",0,T-V-MNSP1,"2019/05/16 06:05:00",-175.2,-184.20182,4.25092,0,0,1,-184.2007,-375.2,0.95868,F_MAIN++NIL_MG_R6,VTBL_ROC,594,-478,"2019/05/16 06:00:26",0,0,0,0
D,P5MIN,INTERCONNECTORSOLN,4,"2019/05/16 06:05:00",0,T-V-MNSP1,"2019/05/16 06:10:00",-184.20182,-176.29068,3.92536,0,0,1,-176.28595,-384.20182,0.96117,F_MAIN++NIL_MG_R6,VTBL_ROC,594,-478,"2019/05/16 06:00:26",0,0,0,0
D,P5MIN,INTERCONNECTORSOLN,4,"2019/05/16 06:05:00",0,T-V-MNSP1,"2019/05/16 06:15:00",-176.29068,-170.69473,3.69929,0,0,1,-170.69088,-376.29068,0.96117,F_MAIN++NIL_MG_R6,VTBL_ROC,594,-478,"2019/05/16 06:00:26",0,0,0,0
D,P5MIN,INTERCONNECTORSOLN,4,"2019/05/16 06:05:00",0,T-V-MNSP1,"2019/05/16 06:20:00",-170.69473,-149.24058,2.90421,0,0,1,-149.23818,-370.69473,0.96619,F_MAIN++NIL_MG_R6,VTBL_ROC,594,-478,"2019/05/16 06:00:26",0,0,0,0
D,P5MIN,INTERCONNECTORSOLN,4,"2019/05/16 06:05:00",0,T-V-MNSP1,"2019/05/16 06:25:00",-149.24058,-135.74387,2.4515,0,0,1,-135.73915,-349.24058,0.96872,F_MAIN++NIL_MG_R6,VTBL_ROC,594,-478,"2019/05/16 06:00:26",0,0,0,0
D,P5MIN,INTERCONNECTORSOLN,4,"2019/05/16 06:05:00",0,T-V-MNSP1,"2019/05/16 07:00:00",-98.86187,-100,1.43504,0,0,1,-100.0037,-298.86187,0.97639,F_MAIN++NIL_MG_R5,VTBL_ROC,594,-478,"2019/05/16 06:00:26",0,0,0,0
D,P5MIN,INTERCONNECTORSOLN,4,"2019/05/16 06:05:00",0,T-V-MNSP1,"2019/05/16 06:50:00",-92.09731,-100,1.43504,0,0,1,-100.00488,-292.09731,0.97639,F_MAIN++NIL_MG_R6,VTBL_ROC,594,-478,"2019/05/16 06:00:26",0,0,0,0
D,P5MIN,INTERCONNECTORSOLN,4,"2019/05/16 06:05:00",0,T-V-MNSP1,"2019/05/16 06:45:00",-97.16203,-92.09731,1.2439,0,0,1,-92.1048,-297.16203,0.97639,F_MAIN++NIL_MG_R5,VTBL_ROC,594,-478,"2019/05/16 06:00:26",0,0,0,0
D,P5MIN,INTERCONNECTORSOLN,4,"2019/05/16 06:05:00",0,T-V-MNSP1,"2019/05/16 06:40:00",-100,-97.16203,1.3664,0,0,1,-97.16203,-300,0.97639,F_MAIN++NIL_MG_R6,VTBL_ROC,594,-478,"2019/05/16 06:00:26",0,0,0,0
D,P5MIN,INTERCONNECTORSOLN,4,"2019/05/16 06:05:00",0,T-V-MNSP1,"2019/05/16 06:35:00",-139.68258,-100,1.43504,0,0,1,-100.00329,-336.37733,0.97639,F_MAIN++NIL_MG_R5,T::T_NIL_3,594,-478,"2019/05/16 06:00:26",0,0,0,0
D,P5MIN,INTERCONNECTORSOLN,4,"2019/05/16 06:05:00",0,T-V-MNSP1,"2019/05/16 06:30:00",-135.74387,-139.68258,2.5787,0,0,1,-139.68355,-335.74387,0.96872,F_MAIN++NIL_MG_R6,VTBL_ROC,594,-478,"2019/05/16 06:00:26",0,0,0,0
D,P5MIN,INTERCONNECTORSOLN,4,"2019/05/16 06:05:00",0,T-V-MNSP1,"2019/05/16 06:55:00",-100,-98.86187,1.40751,0,0,1,-98.86478,-300,0.97639,F_T++NIL_ML_L60,VTBL_ROC,594,-478,"2019/05/16 06:00:26",0,0,0,0
D,P5MIN,INTERCONNECTORSOLN,4,"2019/05/16 06:05:00",0,V-S-MNSP1,"2019/05/16 06:05:00",-8.98409,-9.28186,0.37792,0,0,0,71.01591,-88.98409,0.94052,VSML_ROC_80,SVML_ROC_80,71.01591,-88.98409,"2019/05/16 06:00:26",0,0,0,0
D,P5MIN,INTERCONNECTORSOLN,4,"2019/05/16 06:05:00",0,V-S-MNSP1,"2019/05/16 06:10:00",-9.28186,-18,0.90688,0,0,0,70.71814,-89.28186,0.94052,VSML_ROC_80,SVML_ROC_80,70.71814,-89.28186,"2019/05/16 06:00:26",0,0,0,0
D,P5MIN,INTERCONNECTORSOLN,4,"2019/05/16 06:05:00",0,V-S-MNSP1,"2019/05/16 06:15:00",-18,-14.26414,0.68021,0,0,0,62,-98,0.94052,VSML_ROC_80,SVML_ROC_80,62,-98,"2019/05/16 06:00:26",0,0,0,0
D,P5MIN,INTERCONNECTORSOLN,4,"2019/05/16 06:05:00",0,V-S-MNSP1,"2019/05/16 06:20:00",-14.26414,-18,0.90688,0,0,0,65.73586,-94.26414,0.94052,VSML_ROC_80,SVML_ROC_80,65.73586,-94.26414,"2019/05/16 06:00:26",0,0,0,0
D,P5MIN,INTERCONNECTORSOLN,4,"2019/05/16 06:05:00",0,V-S-MNSP1,"2019/05/16 06:25:00",-18,-18,0.90688,0,0,0,62,-98,0.94052,VSML_ROC_80,SVML_ROC_80,62,-98,"2019/05/16 06:00:26",0,0,0,0
D,P5MIN,INTERCONNECTORSOLN,4,"2019/05/16 06:05:00",0,V-S-MNSP1,"2019/05/16 06:30:00",-18,-18,0.90688,0,0,0,62,-98,0.94052,VSML_ROC_80,SVML_ROC_80,62,-98,"2019/05/16 06:00:26",0,0,0,0
D,P5MIN,INTERCONNECTORSOLN,4,"2019/05/16 06:05:00",0,V-S-MNSP1,"2019/05/16 06:35:00",-18,-10.78007,0.46882,0,0,0,62,-98,0.94052,VSML_ROC_80,SVML_ROC_80,62,-98,"2019/05/16 06:00:26",0,0,0,0
D,P5MIN,INTERCONNECTORSOLN,4,"2019/05/16 06:05:00",0,V-S-MNSP1,"2019/05/16 06:40:00",-10.78007,-9,0.36082,0,0,0,69.21993,-90.78007,0.96043,VSML_ROC_80,SVML_ROC_80,69.21993,-90.78007,"2019/05/16 06:00:26",0,0,0,0
D,P5MIN,INTERCONNECTORSOLN,4,"2019/05/16 06:05:00",0,V-S-MNSP1,"2019/05/16 06:45:00",-9,-9,0.36082,0,0,0,71,-89,0.96043,VSML_ROC_80,SVML_ROC_80,71,-89,"2019/05/16 06:00:26",0,0,0,0
D,P5MIN,INTERCONNECTORSOLN,4,"2019/05/16 06:05:00",0,V-S-MNSP1,"2019/05/16 06:50:00",-9,-18,0.90688,0,0,0,71,-89,0.94052,VSML_ROC_80,SVML_ROC_80,71,-89,"2019/05/16 06:00:26",0,0,0,0
D,P5MIN,INTERCONNECTORSOLN,4,"2019/05/16 06:05:00",0,V-S-MNSP1,"2019/05/16 06:55:00",-18,-27,1.63818,0,0,0,62,-98,0.92087,VSML_ROC_80,SVML_ROC_80,62,-98,"2019/05/16 06:00:26",0,0,0,0
D,P5MIN,INTERCONNECTORSOLN,4,"2019/05/16 06:05:00",0,V-S-MNSP1,"2019/05/16 07:00:00",-27,-45,3.65649,0,0,0,53,-107,0.88233,VSML_ROC_80,SVML_ROC_80,53,-107,"2019/05/16 06:00:26",0,0,0,0
D,P5MIN,INTERCONNECTORSOLN,4,"2019/05/16 06:05:00",0,V-SA,"2019/05/16 06:05:00",-137.85626,-160,4.54834,0,0,0,600,-500,0.94539,V:S_600_HY_TEST,S:V_500_HY_TEST,950,-850,"2019/05/16 06:00:26",0,0,0,0
D,P5MIN,INTERCONNECTORSOLN,4,"2019/05/16 06:05:00",0,V-SA,"2019/05/16 06:10:00",-160,-176.19623,5.5546,0,0,0,600,-500,0.93452,V:S_600_HY_TEST,S:V_500_HY_TEST,950,-850,"2019/05/16 06:00:26",0,0,0,0
D,P5MIN,INTERCONNECTORSOLN,4,"2019/05/16 06:05:00",0,V-SA,"2019/05/16 07:00:00",-262.89452,-327.92918,19.57651,0,0,0,600,-500,0.88121,V:S_600_HY_TEST,S:V_500_HY_TEST,950,-850,"2019/05/16 06:00:26",0,0,0,0
D,P5MIN,INTERCONNECTORSOLN,4,"2019/05/16 06:05:00",0,V-SA,"2019/05/16 06:55:00",-212.51715,-262.89452,12.608,0,0,0,600,-500,0.90738,V:S_600_HY_TEST,S:V_500_HY_TEST,950,-850,"2019/05/16 06:00:26",0,0,0,0
D,P5MIN,INTERCONNECTORSOLN,4,"2019/05/16 06:05:00",0,V-SA,"2019/05/16 06:50:00",-125.62337,-212.51715,8.2626,0,0,0,600,-500,0.92319,V:S_600_HY_TEST,S:V_500_HY_TEST,950,-850,"2019/05/16 06:00:26",0,0,0,0
D,P5MIN,INTERCONNECTORSOLN,4,"2019/05/16 06:05:00",0,V-SA,"2019/05/16 06:45:00",-132.77518,-125.62337,2.79551,0,0,0,600,-500,0.95612,V:S_600_HY_TEST,S:V_500_HY_TEST,950,-850,"2019/05/16 06:00:26",0,0,0,0
D,P5MIN,INTERCONNECTORSOLN,4,"2019/05/16 06:05:00",0,V-SA,"2019/05/16 06:40:00",-160,-132.77518,3.2065,0,0,0,600,-500,0.95011,V:S_600_HY_TEST,S:V_500_HY_TEST,950,-850,"2019/05/16 06:00:26",0,0,0,0
D,P5MIN,INTERCONNECTORSOLN,4,"2019/05/16 06:05:00",0,V-SA,"2019/05/16 06:35:00",-166.84699,-160,4.59524,0,0,0,600,-500,0.94511,V:S_600_HY_TEST,S:V_500_HY_TEST,950,-850,"2019/05/16 06:00:26",0,0,0,0
D,P5MIN,INTERCONNECTORSOLN,4,"2019/05/16 06:05:00",0,V-SA,"2019/05/16 06:30:00",-191.05591,-166.84699,5.0681,0,0,0,600,-500,0.93939,V:S_600_HY_TEST,S:V_500_HY_TEST,950,-850,"2019/05/16 06:00:26",0,0,0,0
D,P5MIN,INTERCONNECTORSOLN,4,"2019/05/16 06:05:00",0,V-SA,"2019/05/16 06:25:00",-165.75977,-191.05591,6.5686,0,0,0,600,-500,0.92903,V:S_600_HY_TEST,S:V_500_HY_TEST,950,-850,"2019/05/16 06:00:26",0,0,0,0
D,P5MIN,INTERCONNECTORSOLN,4,"2019/05/16 06:05:00",0,V-SA,"2019/05/16 06:20:00",-160,-165.75977,4.93917,0,0,0,600,-500,0.93975,V:S_600_HY_TEST,S:V_500_HY_TEST,950,-850,"2019/05/16 06:00:26",0,0,0,0
D,P5MIN,INTERCONNECTORSOLN,4,"2019/05/16 06:05:00",0,V-SA,"2019/05/16 06:15:00",-176.19623,-160,4.62914,0,0,0,600,-500,0.9449,V:S_600_HY_TEST,S:V_500_HY_TEST,950,-850,"2019/05/16 06:00:26",0,0,0,0
D,P5MIN,INTERCONNECTORSOLN,4,"2019/05/16 06:05:00",0,VIC1-NSW1,"2019/05/16 06:05:00",-380.77325,-375.37603,23.34849,0,0,0,811.40456,-375.37603,0.91383,V^^N_NIL_1,N^^V_NIL_1,2399,-2299,"2019/05/16 06:00:26",0,0,2.89,1
D,P5MIN,INTERCONNECTORSOLN,4,"2019/05/16 06:05:00",0,VIC1-NSW1,"2019/05/16 06:55:00",209.62429,216.80847,-4.75955,0,0,0,1082.93584,18.95877,0.99285,V^^N_NIL_1,N^^V_NIL_1,2399,-2299,"2019/05/16 06:00:26",0,0,0,0
D,P5MIN,INTERCONNECTORSOLN,4,"2019/05/16 06:05:00",0,VIC1-NSW1,"2019/05/16 06:50:00",170.71927,209.62429,-4.60093,0,0,0,1077.01879,11.70033,0.99335,V^^N_NIL_1,N^^V_NIL_1,2399,-2299,"2019/05/16 06:00:26",0,0,0,0
D,P5MIN,INTERCONNECTORSOLN,4,"2019/05/16 06:05:00",0,VIC1-NSW1,"2019/05/16 06:45:00",97.27099,170.71927,-4.36899,0,0,0,1071.10174,4.99883,0.98591,V^^N_NIL_1,N^^V_NIL_1,2399,-2299,"2019/05/16 06:00:26",0,0,0,0
D,P5MIN,INTERCONNECTORSOLN,4,"2019/05/16 06:05:00",0,VIC1-NSW1,"2019/05/16 06:40:00",-14.50555,97.27099,-2.96595,0,0,0,1005.22017,-90.32063,0.97996,V^^N_NIL_1,N^^V_NIL_1,2399,-2299,"2019/05/16 06:00:26",0,0,0,0
D,P5MIN,INTERCONNECTORSOLN,4,"2019/05/16 06:05:00",0,VIC1-NSW1,"2019/05/16 07:00:00",216.80847,235.67828,-4.90304,0,0,0,1094.76995,26.86296,0.99281,V^^N_NIL_1,N^^V_NIL_1,2399,-2299,"2019/05/16 06:00:26",0,0,0,0
D,P5MIN,INTERCONNECTORSOLN,4,"2019/05/16 06:05:00",0,VIC1-NSW1,"2019/05/16 06:30:00",-224.67116,-95.45757,4.12266,0,0,0,891.47831,-275.63216,0.94929,V^^N_NIL_1,N^^V_NIL_1,2399,-2299,"2019/05/16 06:00:26",0,0,0,0
D,P5MIN,INTERCONNECTORSOLN,4,"2019/05/16 06:05:00",0,VIC1-NSW1,"2019/05/16 06:25:00",-271.67492,-224.67116,11.89147,0,0,0,817.13631,-376.25062,0.93648,V^^N_NIL_1,N^^V_NIL_1,2399,-2299,"2019/05/16 06:00:26",0,0,0,0
D,P5MIN,INTERCONNECTORSOLN,4,"2019/05/16 06:05:00",0,VIC1-NSW1,"2019/05/16 06:20:00",-360.81104,-271.67492,15.34182,0,0,0,817.13631,-376.11064,0.93024,V^^N_NIL_1,N^^V_NIL_1,2399,-2299,"2019/05/16 06:00:26",0,0,0,0
D,P5MIN,INTERCONNECTORSOLN,4,"2019/05/16 06:05:00",0,VIC1-NSW1,"2019/05/16 06:15:00",-375.68515,-360.81104,22.51856,0,0,0,814.68016,-375.92595,0.91866,V^^N_NIL_1,N^^V_NIL_1,2399,-2299,"2019/05/16 06:00:26",0,0,0,0
D,P5MIN,INTERCONNECTORSOLN,4,"2019/05/16 06:05:00",0,VIC1-NSW1,"2019/05/16 06:10:00",-375.37603,-375.68515,23.76795,0,0,0,817.13631,-375.68515,0.91291,V^^N_NIL_1,N^^V_NIL_1,2399,-2299,"2019/05/16 06:00:26",0,0,0.7,1
D,P5MIN,INTERCONNECTORSOLN,4,"2019/05/16 06:05:00",0,VIC1-NSW1,"2019/05/16 06:35:00",-95.45757,-14.50555,0.58404,0,0,0,925.68982,-204.97597,0.96081,V^^N_NIL_1,N^^V_NIL_1,2399,-2299,"2019/05/16 06:00:26",0,0,0,0
I,P5MIN,CONSTRAINTSOLUTION,6,RUN_DATETIME,INTERVENTION,INTERVAL_DATETIME,CONSTRAINTID,RHS,MARGINALVALUE,VIOLATIONDEGREE,LASTCHANGED,DUID,GENCONID_EFFECTIVEDATE,GENCONID_VERSIONNO,LHS
D,P5MIN,CONSTRAINTSOLUTION,6,"2019/05/16 06:05:00",0,"2019/05/16 06:05:00",DATASNAP,10075.237,0,0,"2019/05/16 06:00:26",,"2018/04/13 00:00:00",1,-41
D,P5MIN,CONSTRAINTSOLUTION,6,"2019/05/16 06:05:00",0,"2019/05/16 06:05:00",DATASNAP_DFS_LS,10040.54472,0,0,"2019/05/16 06:00:26",,"2018/04/13 00:00:00",1,-41
D,P5MIN,CONSTRAINTSOLUTION,6,"2019/05/16 06:05:00",0,"2019/05/16 06:05:00",DATASNAP_DFS_NCAN,10422.86758,0,0,"2019/05/16 06:00:26",,"2013/08/21 00:00:00",1,-41
D,P5MIN,CONSTRAINTSOLUTION,6,"2019/05/16 06:05:00",0,"2019/05/16 06:05:00",DATASNAP_DFS_NCWEST,10491.93262,0,0,"2019/05/16 06:00:26",,"2013/08/21 00:00:00",1,-41
D,P5MIN,CONSTRAINTSOLUTION,6,"2019/05/16 06:05:00",0,"2019/05/16 06:05:00",DATASNAP_DFS_NNTH,10429.49515,0,0,"2019/05/16 06:00:26",,"2013/08/21 00:00:00",1,-41
D,P5MIN,CONSTRAINTSOLUTION,6,"2019/05/16 06:05:00",0,"2019/05/16 06:05:00",DATASNAP_DFS_NSYD,13053.99756,0,0,"2019/05/16 06:00:26",,"2013/08/21 00:00:00",1,-41
D,P5MIN,CONSTRAINTSOLUTION,6,"2019/05/16 06:05:00",0,"2019/05/16 06:05:00",DATASNAP_DFS_NTE,10016.5,0,0,"2019/05/16 06:00:26",,"2018/04/13 00:00:00",1,-41
D,P5MIN,CONSTRAINTSOLUTION,6,"2019/05/16 06:05:00",0,"2019/05/16 06:05:00",DATASNAP_DFS_QCEN,10719.8429,0,0,"2019/05/16 06:00:26",,"2013/08/21 00:00:00",1,-41
D,P5MIN,CONSTRAINTSOLUTION,6,"2019/05/16 06:05:00",0,"2019/05/16 06:05:00",DATASNAP_DFS_QCIND,10858.3009,0,0,"2019/05/16 06:00:26",,"2013/08/21 00:00:00",1,-41
D,P5MIN,CONSTRAINTSOLUTION,6,"2019/05/16 06:05:00",0,"2019/05/16 06:05:00",DATASNAP_DFS_QFNQ,10167.22055,0,0,"2019/05/16 06:00:26",,"2013/08/21 00:00:00",1,-41
D,P5MIN,CONSTRAINTSOLUTION,6,"2019/05/16 06:05:00",0,"2019/05/16 06:05:00",DATASNAP_DFS_QNTH,10612.99072,0,0,"2019/05/16 06:00:26",,"2013/08/21 00:00:00",1,-41
D,P5MIN,CONSTRAINTSOLUTION,6,"2019/05/16 06:05:00",0,"2019/05/16 06:05:00",DATASNAP_DFS_QSTHE,11788.17114,0,0,"2019/05/16 06:00:26",,"2013/08/21 00:00:00",1,-41
D,P5MIN,CONSTRAINTSOLUTION,6,"2019/05/16 06:05:00",0,"2019/05/16 06:05:00",DATASNAP_DFS_QSTHW,11721.88648,0,0,"2019/05/16 06:00:26",,"2013/08/21 00:00:00",1,-41
D,P5MIN,CONSTRAINTSOLUTION,6,"2019/05/16 06:05:00",0,"2019/05/16 06:05:00",DATASNAP_DFS_Q_BCCP,10733.14429,0,0,"2019/05/16 06:00:26",,"2015/12/16 00:00:00",1,-41
D,P5MIN,CONSTRAINTSOLUTION,6,"2019/05/16 06:05:00",0,"2019/05/16 06:05:00",DATASNAP_DFS_Q_BCRG,10781.61249,0,0,"2019/05/16 06:00:26",,"2015/12/16 00:00:00",1,-41
D,P5MIN,CONSTRAINTSOLUTION,6,"2019/05/16 06:05:00",0,"2019/05/16 06:05:00",DATASNAP_DFS_Q_CLST,10863.02783,0,0,"2019/05/16 06:00:26",,"2013/08/21 00:00:00",1,-41
D,P5MIN,CONSTRAINTSOLUTION,6,"2019/05/16 06:05:00",0,"2019/05/16 06:05:00",DATASNAP_DFS_Q_CLWU,10862.10803,0,0,"2019/05/16 06:00:26",,"2013/08/21 00:00:00",1,-41
D,P5MIN,CONSTRAINTSOLUTION,6,"2019/05/16 06:05:00",0,"2019/05/16 06:05:00",DATASNAP_DFS_Q_LCCP,10764.94641,0,0,"2019/05/16 06:00:26",,"2015/12/16 00:00:00",1,-41
D,P5MIN,CONSTRAINTSOLUTION,6,"2019/05/16 06:05:00",0,"2019/05/16 06:05:00",DATASNAP_DFS_Q_RGLC,10742.92328,0,0,"2019/05/16 06:00:26",,"2017/10/19 00:00:00",1,-41
D,P5MIN,CONSTRAINTSOLUTION,6,"2019/05/16 06:05:00",0,"2019/05/16 06:05:00",DATASNAP_DFS_Q_TAMR,10315.4393,0,0,"2019/05/16 06:00:26",,"2013/08/21 00:00:00",1,-41
D,P5MIN,CONSTRAINTSOLUTION,6,"2019/05/16 06:05:00",0,"2019/05/16 06:05:00",DATASNAP_DFS_Q_TAMR2,10315.4393,0,0,"2019/05/16 06:00:26",,"2017/10/19 00:00:00",1,-41
D,P5MIN,CONSTRAINTSOLUTION,6,"2019/05/16 06:05:00",0,"2019/05/16 06:05:00",DATASNAP_DFS_SADL,10645.47986,0,0,"2019/05/16 06:00:26",,"2013/08/21 00:00:00",1,-41
D,P5MIN,CONSTRAINTSOLUTION,6,"2019/05/16 06:05:00",0,"2019/05/16 06:05:00",DATASNAP_DFS_SNTH,10222.45367,0,0,"2019/05/16 06:00:26",,"2013/08/21 00:00:00",1,-41
D,P5MIN,CONSTRAINTSOLUTION,6,"2019/05/16 06:05:00",0,"2019/05/16 06:05:00",DATASNAP_DFS_SRIV,10036.63096,0,0,"2019/05/16 06:00:26",,"2013/08/21 00:00:00",1,-41
D,P5MIN,CONSTRAINTSOLUTION,6,"2019/05/16 06:05:00",0,"2019/05/16 06:05:00",DATASNAP_DFS_SSE,10072.76515,0,0,"2019/05/16 06:00:26",,"2013/08/21 00:00:00",1,-41
D,P5MIN,CONSTRAINTSOLUTION,6,"2019/05/16 06:05:00",0,"2019/05/16 06:05:00",DATASNAP_DFS_SWNSW,10683.52637,0,0,"2019/05/16 06:00:26",,"2018/04/13 00:00:00",1,-41
D,P5MIN,CONSTRAINTSOLUTION,6,"2019/05/16 06:05:00",0,"2019/05/16 06:05:00",DATASNAP_DFS_TNTH,10115.55936,0,0,"2019/05/16 06:00:26",,"2013/08/21 00:00:00",1,-41
D,P5MIN,CONSTRAINTSOLUTION,6,"2019/05/16 06:05:00",0,"2019/05/16 06:05:00",DATASNAP_DFS_TNWEST,10136.63858,0,0,"2019/05/16 06:00:26",,"2013/08/21 00:00:00",1,-41
D,P5MIN,CONSTRAINTSOLUTION,6,"2019/05/16 06:05:00",0,"2019/05/16 06:05:00",DATASNAP_DFS_TWCST,10062.04958,0,0,"2019/05/16 06:00:26",,"2013/08/21 00:00:00",1,-41
D,P5MIN,CONSTRAINTSOLUTION,6,"2019/05/16 06:05:00",0,"2019/05/16 06:05:00",DATASNAP_DFS_T_FASH1,10603.84314,0,0,"2019/05/16 06:00:26",,"2016/03/17 00:00:00",1,-41
D,P5MIN,CONSTRAINTSOLUTION,6,"2019/05/16 06:05:00",0,"2019/05/16 06:05:00",DATASNAP_DFS_T_GOCS1,10475.63501,0,0,"2019/05/16 06:00:26",,"2016/03/17 00:00:00",1,-41
D,P5MIN,CONSTRAINTSOLUTION,6,"2019/05/16 06:05:00",0,"2019/05/16 06:05:00",DATASNAP_DFS_T_HAGT1,10460.06867,0,0,"2019/05/16 06:00:26",,"2016/03/17 00:00:00",1,-41
D,P5MIN,CONSTRAINTSOLUTION,6,"2019/05/16 06:05:00",0,"2019/05/16 06:05:00",DATASNAP_DFS_T_PMHA1,10476.4953,0,0,"2019/05/16 06:00:26",,"2016/03/17 00:00:00",1,-41
D,P5MIN,CONSTRAINTSOLUTION,6,"2019/05/16 06:05:00",0,"2019/05/16 06:05:00",DATASNAP_DFS_T_PMHA3,10145.60226,0,0,"2019/05/16 06:00:26",,"2016/03/17 00:00:00",1,-41
D,P5MIN,CONSTRAINTSOLUTION,6,"2019/05/16 06:05:00",0,"2019/05/16 06:05:00",DATASNAP_DFS_T_SHGT,10517.61713,0,0,"2019/05/16 06:00:26",,"2013/08/21 00:00:00",1,-41
D,P5MIN,CONSTRAINTSOLUTION,6,"2019/05/16 06:05:00",0,"2019/05/16 06:05:00",DATASNAP_DFS_T_SHPM,10394.73419,0,0,"2019/05/16 06:00:26",,"2016/03/17 00:00:00",1,-41
D,P5MIN,CONSTRAINTSOLUTION,6,"2019/05/16 06:05:00",0,"2019/05/16 06:05:00",DATASNAP_DFS_T_TATU,10119.94269,0,0,"2019/05/16 06:00:26",,"2013/08/21 00:00:00",1,-41
D,P5MIN,CONSTRAINTSOLUTION,6,"2019/05/16 06:05:00",0,"2019/05/16 06:05:00",DATASNAP_DFS_T_WALE,10145.79652,0,0,"2019/05/16 06:00:26",,"2016/03/17 00:00:00",1,-41
D,P5MIN,CONSTRAINTSOLUTION,6,"2019/05/16 06:05:00",0,"2019/05/16 06:05:00",DATASNAP_DFS_VIC_SG,10717.1673,0,0,"2019/05/16 06:00:26",,"2018/04/13 00:00:00",1,-41
D,P5MIN,CONSTRAINTSOLUTION,6,"2019/05/16 06:05:00",0,"2019/05/16 06:05:00",DATASNAP_DFS_VMEL,13086.47705,0,0,"2019/05/16 06:00:26",,"2013/08/21 00:00:00",1,-41
D,P5MIN,CONSTRAINTSOLUTION,6,"2019/05/16 06:05:00",0,"2019/05/16 06:05:00",DATASNAP_DFS_V_BABE,10437.45743,0,0,"2019/05/16 06:00:26",,"2013/08/21 00:00:00",1,-41
D,P5MIN,CONSTRAINTSOLUTION,6,"2019/05/16 06:05:00",0,"2019/05/16 06:05:00",DATASNAP_PDID_1,10020,0,0,"2019/05/16 06:00:26",,"2018/04/13 00:00:00",1,-41
D,P5MIN,CONSTRAINTSOLUTION,6,"2019/05/16 06:05:00",0,"2019/05/16 06:05:00",DATASNAP_Q::NIL_CS,14280.83523,0,0,"2019/05/16 06:00:26",,"2018/09/17 00:00:00",2,3141.689
D,P5MIN,CONSTRAINTSOLUTION,6,"2019/05/16 06:05:00",0,"2019/05/16 06:05:00",DATASNAP_Q>NIL_BI_FB,10532.96765,0,0,"2019/05/16 06:00:26",,"2018/10/16 00:00:00",1,-41
D,P5MIN,CONSTRAINTSOLUTION,6,"2019/05/16 06:05:00",0,"2019/05/16 06:05:00",DATASNAP_TE_967_1,10016.5,0,0,"2019/05/16 06:00:26",,"2018/04/13 00:00:00",1,-41
D,P5MIN,CONSTRAINTSOLUTION,6,"2019/05/16 06:05:00",0,"2019/05/16 06:05:00",DATASNAP_T_PD_INER,10075.237,0,0,"2019/05/16 06:00:26",,"2018/04/13 00:00:00",1,-41
D,P5MIN,CONSTRAINTSOLUTION,6,"2019/05/16 06:05:00",0,"2019/05/16 06:05:00",DATASNAP_T_PD_INER2,10075.237,0,0,"2019/05/16 06:00:26",,"2018/04/13 00:00:00",1,-41
D,P5MIN,CONSTRAINTSOLUTION,6,"2019/05/16 06:05:00",0,"2019/05/16 06:05:00",DATA_MMS_ALERT1,10274,0,0,"2019/05/16 06:00:26",,"2013/08/21 00:00:00",1,-41
D,P5MIN,CONSTRAINTSOLUTION,6,"2019/05/16 06:05:00",0,"2019/05/16 06:05:00",DSANP_Q^^NIL_TR_CLHA,16621.68454,0,0,"2019/05/16 06:00:26",,"2018/01/10 00:00:00",1,3725.84457
D,P5MIN,CONSTRAINTSOLUTION,6,"2019/05/16 06:05:00",0,"2019/05/16 06:05:00",DSNAP_DFS_V_BABE_5M,10437.45743,0,0,"2019/05/16 06:00:26",,"2014/05/19 00:00:00",1,-41
D,P5MIN,CONSTRAINTSOLUTION,6,"2019/05/16 06:05:00",0,"2019/05/16 06:05:00",DSNAP_DFS_V_BAML,10547.03973,0,0,"2019/05/16 06:00:26",,"2014/05/19 00:00:00",1,-41
D,P5MIN,CONSTRAINTSOLUTION,6,"2019/05/16 06:05:00",0,"2019/05/16 06:05:00",DSNAP_DFS_V_BAML_5M,10612.92407,0,0,"2019/05/16 06:00:26",,"2014/05/19 00:00:00",1,-41
D,P5MIN,CONSTRAINTSOLUTION,6,"2019/05/16 06:05:00",0,"2019/05/16 06:05:00",DSNAP_DFS_V_DDMB,10596.1756,0,0,"2019/05/16 06:00:26",,"2014/05/19 00:00:00",1,-41
D,P5MIN,CONSTRAINTSOLUTION,6,"2019/05/16 06:05:00",0,"2019/05/16 06:05:00",DSNAP_DFS_V_DDMS,11405.73242,0,0,"2019/05/16 06:00:26",,"2019/01/29 00:00:00",1,-41
D,P5MIN,CONSTRAINTSOLUTION,6,"2019/05/16 06:05:00",0,"2019/05/16 06:05:00",DSNAP_DFS_V_DDSM,11177.79468,0,0,"2019/05/16 06:00:26",,"2014/05/19 00:00:00",1,-41
D,P5MIN,CONSTRAINTSOLUTION,6,"2019/05/16 06:05:00",0,"2019/05/16 06:05:00",DSNAP_DFS_V_NIL_3,12185.02965,0,0,"2019/05/16 06:00:26",,"2018/09/03 00:00:00",1,469.88542
D,P5MIN,CONSTRAINTSOLUTION,6,"2019/05/16 06:05:00",0,"2019/05/16 06:05:00",DSNAP_DFS_V_NIL_8,10749.65027,0,0,"2019/05/16 06:00:26",,"2018/09/03 00:00:00",1,-47.89265
D,P5MIN,CONSTRAINTSOLUTION,6,"2019/05/16 06:05:00",0,"2019/05/16 06:05:00",DSNAP_DFS_V_ROYP,10550.91681,0,0,"2019/05/16 06:00:26",,"2014/05/19 00:00:00",1,-41
D,P5MIN,CONSTRAINTSOLUTION,6,"2019/05/16 06:05:00",0,"2019/05/16 06:05:00",DSNAP_Q>>CPGG1_OUT,14035.77263,0,0,"2019/05/16 06:00:26",,"2018/08/24 00:00:00",1,-41
D,P5MIN,CONSTRAINTSOLUTION,6,"2019/05/16 06:05:00",0,"2019/05/16 06:05:00",DSNAP_Q>>GGWU_OUT_1,12982.90122,0,0,"2019/05/16 06:00:26",,"2018/06/27 00:00:00",1,-41
D,P5MIN,CONSTRAINTSOLUTION,6,"2019/05/16 06:05:00",0,"2019/05/16 06:05:00",DSNAP_Q>>GGWU_OUT_2,14015.53278,0,0,"2019/05/16 06:00:26",,"2018/07/19 00:00:00",1,-41
D,P5MIN,CONSTRAINTSOLUTION,6,"2019/05/16 06:05:00",0,"2019/05/16 06:05:00",DSNAP_Q>NIL_TV66,10410.96679,0,0,"2019/05/16 06:00:26",,"2018/08/17 00:00:00",2,0
D,P5MIN,CONSTRAINTSOLUTION,6,"2019/05/16 06:05:00",0,"2019/05/16 06:05:00",DSNAP_QNI_1100_DYN,11100,0,0,"2019/05/16 06:00:26",,"2019/03/11 00:00:00",1,331.58228
D,P5MIN,CONSTRAINTSOLUTION,6,"2019/05/16 06:05:00",0,"2019/05/16 06:05:00",DSNAP_QNI_1150_DYN,11150,0,0,"2019/05/16 06:00:26",,"2019/03/11 00:00:00",1,331.58228
D,P5MIN,CONSTRAINTSOLUTION,6,"2019/05/16 06:05:00",0,"2019/05/16 06:05:00",DSNAP_Q^CN_FDR-180,-10674.29447,0,0,"2019/05/16 06:00:26",,"2018/11/30 00:00:00",2,46.224
D,P5MIN,CONSTRAINTSOLUTION,6,"2019/05/16 06:05:00",0,"2019/05/16 06:05:00",DSNAP_Q^CN_FDR_CO_OP,-10383.51361,0,0,"2019/05/16 06:00:26",,"2018/11/30 00:00:00",2,377.0631
D,P5MIN,CONSTRAINTSOLUTION,6,"2019/05/16 06:05:00",0,"2019/05/16 06:05:00",DSNAP_Q^WOPW_WOSP_O,13636.05931,0,0,"2019/05/16 06:00:26",,"2019/05/01 00:00:00",1,3141.689
D,P5MIN,CONSTRAINTSOLUTION,6,"2019/05/16 06:05:00",0,"2019/05/16 06:05:00",DSNAP_Q^^NIL_SRAR,10973.86409,0,0,"2019/05/16 06:00:26",,"2019/03/29 00:00:00",1,570.07508
D,P5MIN,CONSTRAINTSOLUTION,6,"2019/05/16 06:05:00",0,"2019/05/16 06:05:00",DSNAP_Q^^TR_CLHA,14941.59389,0,0,"2019/05/16 06:00:26",,"2018/01/12 00:00:00",1,2056.32415
D,P5MIN,CONSTRAINTSOLUTION,6,"2019/05/16 06:05:00",0,"2019/05/16 06:05:00",DSNAP_Q^^TR_TRBK,15255.96878,0,0,"2019/05/16 06:00:26",,"2018/01/12 00:00:00",1,2713.77365
D,P5MIN,CONSTRAINTSOLUTION,6,"2019/05/16 06:05:00",0,"2019/05/16 06:05:00",DSNAP_Q^^TR_TRBK_2,15779.09915,0,0,"2019/05/16 06:00:26",,"2018/12/12 00:00:00",1,3531.08874
D,P5MIN,CONSTRAINTSOLUTION,6,"2019/05/16 06:05:00",0,"2019/05/16 06:05:00",DSNAP_Q_TR_2000,14372.70757,0,0,"2019/05/16 06:00:26",,"2018/12/24 00:00:00",1,4421.06869
D,P5MIN,CONSTRAINTSOLUTION,6,"2019/05/16 06:05:00",0,"2019/05/16 06:05:00",DSNAP_S:VS_650_DYN,10650,0,0,"2019/05/16 06:00:26",,"2019/03/11 00:00:00",1,169.28186
D,P5MIN,CONSTRAINTSOLUTION,6,"2019/05/16 06:05:00",0,"2019/05/16 06:05:00",DSNAP_S:VS_700_DYN,10700,0,0,"2019/05/16 06:00:26",,"2019/03/11 00:00:00",1,169.28186
D,P5MIN,CONSTRAINTSOLUTION,6,"2019/05/16 06:05:00",0,"2019/05/16 06:05:00",DSNAP_S:V_500_DYN,10500,0,0,"2019/05/16 06:00:26",,"2019/03/11 00:00:00",1,160
D,P5MIN,CONSTRAINTSOLUTION,6,"2019/05/16 06:05:00",0,"2019/05/16 06:05:00",DSNAP_S:V_550_DYN,10550,0,0,"2019/05/16 06:00:26",,"2019/03/11 00:00:00",1,160
D,P5MIN,CONSTRAINTSOLUTION,6,"2019/05/16 06:05:00",0,"2019/05/16 06:05:00",DSNAP_S>V_460_DYN,10460,0,0,"2019/05/16 06:00:26",,"2019/03/11 00:00:00",1,160
D,P5MIN,CONSTRAINTSOLUTION,6,"2019/05/16 06:05:00",0,"2019/05/16 06:05:00",DSNAP_SA_UNITS_ON,10010,0,0,"2019/05/16 06:00:26",,"2016/05/16 00:00:00",1,-41
D,P5MIN,CONSTRAINTSOLUTION,6,"2019/05/16 06:05:00",0,"2019/05/16 06:05:00",DSNAP_SNIL_1,10660.07794,0,0,"2019/05/16 06:00:26",,"2016/04/11 00:00:00",1,157.29352
D,P5MIN,CONSTRAINTSOLUTION,6,"2019/05/16 06:05:00",0,"2019/05/16 06:05:00",DSNAP_SNIL_2,10692.17858,0,0,"2019/05/16 06:00:26",,"2016/04/11 00:00:00",1,-157.18075
D,P5MIN,CONSTRAINTSOLUTION,6,"2019/05/16 06:05:00",0,"2019/05/16 06:05:00",DSNAP_SNIL_3,20665.21816,0,0,"2019/05/16 06:00:26",,"2016/04/11 00:00:00",1,-156.54172
D,P5MIN,CONSTRAINTSOLUTION,6,"2019/05/16 06:05:00",0,"2019/05/16 06:05:00",DSNAP_SNIL_4,20725.30827,0,0,"2019/05/16 06:00:26",,"2016/04/11 00:00:00",1,-156.20341
D,P5MIN,CONSTRAINTSOLUTION,6,"2019/05/16 06:05:00",0,"2019/05/16 06:05:00",DSNAP_SNIL_5,10641.24585,0,0,"2019/05/16 06:00:26",,"2016/04/11 00:00:00",1,-157.03039
D,P5MIN,CONSTRAINTSOLUTION,6,"2019/05/16 06:05:00",0,"2019/05/16 06:05:00",DSNAP_SNIL_6,10776.51438,0,0,"2019/05/16 06:00:26",,"2016/04/11 00:00:00",1,-156.20341
D,P5MIN,CONSTRAINTSOLUTION,6,"2019/05/16 06:05:00",0,"2019/05/16 06:05:00",DSNAP_SNIL_7,20581.81524,0,0,"2019/05/16 06:00:26",,"2016/04/11 00:00:00",1,-157.18075
D,P5MIN,CONSTRAINTSOLUTION,6,"2019/05/16 06:05:00",0,"2019/05/16 06:05:00",DSNAP_SNIL_8,20764.30753,0,0,"2019/05/16 06:00:26",,"2016/04/11 00:00:00",1,-156.54172
D,P5MIN,CONSTRAINTSOLUTION,6,"2019/05/16 06:05:00",0,"2019/05/16 06:05:00",DSNAP_SNIL_9,10789.40572,0,0,"2019/05/16 06:00:26",,"2016/04/11 00:00:00",1,-156.54172
D,P5MIN,CONSTRAINTSOLUTION,6,"2019/05/16 06:05:00",0,"2019/05/16 06:05:00",DSNAP_SNIL_TBTU_TBMO,10230.34592,0,0,"2019/05/16 06:00:26",,"2015/06/29 00:00:00",2,-41
D,P5MIN,CONSTRAINTSOLUTION,6,"2019/05/16 06:05:00",0,"2019/05/16 06:05:00",DSNAP_SV_250_DYN,10250,0,0,"2019/05/16 06:00:26",,"2019/03/11 00:00:00",1,160
D,P5MIN,CONSTRAINTSOLUTION,6,"2019/05/16 06:05:00",0,"2019/05/16 06:05:00",DSNAP_S_NOTI_NOTI_3,10139.32187,0,0,"2019/05/16 06:00:26",,"2014/02/24 00:00:00",1,-41
D,P5MIN,CONSTRAINTSOLUTION,6,"2019/05/16 06:05:00",0,"2019/05/16 06:05:00",DSNAP_S_SETX_SETX,10290.09658,0,0,"2019/05/16 06:00:26",,"2014/02/17 00:00:00",1,-41
D,P5MIN,CONSTRAINTSOLUTION,6,"2019/05/16 06:05:00",0,"2019/05/16 06:05:00",DSNAP_S_V_000_DYN,9975,0,0,"2019/05/16 06:00:26",,"2019/03/11 00:00:00",1,160
D,P5MIN,CONSTRAINTSOLUTION,6,"2019/05/16 06:05:00",0,"2019/05/16 06:05:00",DSNAP_T_NIL_BL_6,10136.88825,0,0,"2019/05/16 06:00:26",,"2017/07/21 00:00:00",1,-120.92354
D,P5MIN,CONSTRAINTSOLUTION,6,"2019/05/16 06:05:00",0,"2019/05/16 06:05:00",DSNAP_V:SS_650_DYN,10650,0,0,"2019/05/16 06:00:26",,"2019/03/11 00:00:00",1,-169.28186
D,P5MIN,CONSTRAINTSOLUTION,6,"2019/05/16 06:05:00",0,"2019/05/16 06:05:00",DSNAP_V:SS_720_DYN,10720,0,0,"2019/05/16 06:00:26",,"2019/03/11 00:00:00",1,-169.28186
D,P5MIN,CONSTRAINTSOLUTION,6,"2019/05/16 06:05:00",0,"2019/05/16 06:05:00",DSNAP_V:SS_790_DYN,10790,0,0,"2019/05/16 06:00:26",,"2019/03/11 00:00:00",1,-169.28186
D,P5MIN,CONSTRAINTSOLUTION,6,"2019/05/16 06:05:00",0,"2019/05/16 06:05:00",DSNAP_V:SS_820_DYN,10820,0,0,"2019/05/16 06:00:26",,"2019/03/11 00:00:00",1,-169.28186
D,P5MIN,CONSTRAINTSOLUTION,6,"2019/05/16 06:05:00",0,"2019/05/16 06:05:00",DSNAP_V:SS_850_DYN,10850,0,0,"2019/05/16 06:00:26",,"2019/03/11 00:00:00",1,-169.28186
D,P5MIN,CONSTRAINTSOLUTION,6,"2019/05/16 06:05:00",0,"2019/05/16 06:05:00",DSNAP_V:SS_870_DYN,10870,0,0,"2019/05/16 06:00:26",,"2019/03/11 00:00:00",1,-169.28186
D,P5MIN,CONSTRAINTSOLUTION,6,"2019/05/16 06:05:00",0,"2019/05/16 06:05:00",DSNAP_V:S_500_DYN,10500,0,0,"2019/05/16 06:00:26",,"2019/03/11 00:00:00",1,-160
D,P5MIN,CONSTRAINTSOLUTION,6,"2019/05/16 06:05:00",0,"2019/05/16 06:05:00",DSNAP_V:S_570_DYN,10570,0,0,"2019/05/16 06:00:26",,"2019/03/11 00:00:00",1,-160
D,P5MIN,CONSTRAINTSOLUTION,6,"2019/05/16 06:05:00",0,"2019/05/16 06:05:00",DSNAP_V:S_600_DYN,10600,0,0,"2019/05/16 06:00:26",,"2019/03/11 00:00:00",1,-160
D,P5MIN,CONSTRAINTSOLUTION,6,"2019/05/16 06:05:00",0,"2019/05/16 06:05:00",DSNAP_V:S_650_DYN,10650,0,0,"2019/05/16 06:00:26",,"2019/03/11 00:00:00",1,-160
D,P5MIN,CONSTRAINTSOLUTION,6,"2019/05/16 06:05:00",0,"2019/05/16 06:05:00",DSNAP_V>>V_NIL_1A,11979.10109,0,0,"2019/05/16 06:00:26",,"2019/01/29 00:00:00",1,383.25879
D,P5MIN,CONSTRAINTSOLUTION,6,"2019/05/16 06:05:00",0,"2019/05/16 06:05:00",DSNAP_V>>V_NIL_1C,11938.27975,0,0,"2019/05/16 06:00:26",,"2019/01/23 00:00:00",1,383.25879
D,P5MIN,CONSTRAINTSOLUTION,6,"2019/05/16 06:05:00",0,"2019/05/16 06:05:00",DSNAP_V>>V_NIL_1D,11941.57878,0,0,"2019/05/16 06:00:26",,"2019/01/23 00:00:00",1,383.25879
D,P5MIN,CONSTRAINTSOLUTION,6,"2019/05/16 06:05:00",0,"2019/05/16 06:05:00",DSNAP_V>S_460_DYN,10460,0,0,"2019/05/16 06:00:26",,"2019/03/11 00:00:00",1,-160
D,P5MIN,CONSTRAINTSOLUTION,6,"2019/05/16 06:05:00",0,"2019/05/16 06:05:00",DSNAP_V>V_NIL_7,11018.61978,0,0,"2019/05/16 06:00:26",,"2019/01/24 00:00:00",1,0
D,P5MIN,CONSTRAINTSOLUTION,6,"2019/05/16 06:05:00",0,"2019/05/16 06:05:00",DSNAP_VS_250_DYN,10250,0,0,"2019/05/16 06:00:26",,"2019/03/11 00:00:00",1,-160
D,P5MIN,CONSTRAINTSOLUTION,6,"2019/05/16 06:05:00",0,"2019/05/16 06:05:00",F_I+LREG_0120,120,0,0,"2019/05/16 06:00:26",,"2013/08/21 00:00:00",1,190
D,P5MIN,CONSTRAINTSOLUTION,6,"2019/05/16 06:05:00",0,"2019/05/16 06:05:00",F_I+LREG_0190,190,19.8,0,"2019/05/16 06:00:26",,"2019/04/16 00:00:00",1,190
D,P5MIN,CONSTRAINTSOLUTION,6,"2019/05/16 06:05:00",0,"2019/05/16 06:05:00",F_I+ML_L5_0400,306.84694,0,0,"2019/05/16 06:00:26",,"2013/08/21 00:00:00",1,400.15
D,P5MIN,CONSTRAINTSOLUTION,6,"2019/05/16 06:05:00",0,"2019/05/16 06:05:00",F_I+ML_L60_0400,52.58715,0,0,"2019/05/16 06:00:26",,"2013/08/21 00:00:00",1,145.89
D,P5MIN,CONSTRAINTSOLUTION,6,"2019/05/16 06:05:00",0,"2019/05/16 06:05:00",F_I+ML_L6_0400,52.58715,0,0,"2019/05/16 06:00:26",,"2013/08/21 00:00:00",1,52.59
D,P5MIN,CONSTRAINTSOLUTION,6,"2019/05/16 06:05:00",0,"2019/05/16 06:05:00",F_I+NIL_APD_TL_L5,400.14693,0.2,0,"2019/05/16 06:00:26",,"2014/03/03 00:00:00",1,400.15
D,P5MIN,CONSTRAINTSOLUTION,6,"2019/05/16 06:05:00",0,"2019/05/16 06:05:00",F_I+NIL_APD_TL_L6,-152.32217,0,0,"2019/05/16 06:00:26",,"2014/03/03 00:00:00",1,52.59
D,P5MIN,CONSTRAINTSOLUTION,6,"2019/05/16 06:05:00",0,"2019/05/16 06:05:00",F_I+NIL_APD_TL_L60,145.88713,0.07,0,"2019/05/16 06:00:26",,"2014/03/03 00:00:00",1,145.89
D,P5MIN,CONSTRAINTSOLUTION,6,"2019/05/16 06:05:00",0,"2019/05/16 06:05:00",F_I+NIL_BB_TG_R5,-93.15306,0,0,"2019/05/16 06:00:26",,"2013/08/21 00:00:00",1,656.13
D,P5MIN,CONSTRAINTSOLUTION,6,"2019/05/16 06:05:00",0,"2019/05/16 06:05:00",F_I+NIL_BB_TG_R6,-645.62216,0,0,"2019/05/16 06:00:26",,"2013/08/21 00:00:00",1,401.79
D,P5MIN,CONSTRAINTSOLUTION,6,"2019/05/16 06:05:00",0,"2019/05/16 06:05:00",F_I+NIL_BB_TG_R60,-347.41285,0,0,"2019/05/16 06:00:26",,"2013/08/21 00:00:00",1,401.79
D,P5MIN,CONSTRAINTSOLUTION,6,"2019/05/16 06:05:00",0,"2019/05/16 06:05:00",F_I+NIL_MG_R5,656.13261,2,0,"2019/05/16 06:00:26",,"2013/08/21 00:00:00",1,656.13
D,P5MIN,CONSTRAINTSOLUTION,6,"2019/05/16 06:05:00",0,"2019/05/16 06:05:00",F_I+NIL_MG_R6,401.78716,0.49,0,"2019/05/16 06:00:26",,"2013/08/21 00:00:00",1,401.79
D,P5MIN,CONSTRAINTSOLUTION,6,"2019/05/16 06:05:00",0,"2019/05/16 06:05:00",F_I+NIL_MG_R60,401.78716,4,0,"2019/05/16 06:00:26",,"2013/08/21 00:00:00",1,401.79
D,P5MIN,CONSTRAINTSOLUTION,6,"2019/05/16 06:05:00",0,"2019/05/16 06:05:00",F_I+NIL_RREG,130,0,0,"2019/05/16 06:00:26",,"2018/12/12 00:00:00",1,200
D,P5MIN,CONSTRAINTSOLUTION,6,"2019/05/16 06:05:00",0,"2019/05/16 06:05:00",F_I+NIL_WF_TG_R5,-73.76049,0,0,"2019/05/16 06:00:26",,"2013/08/21 00:00:00",1,656.13
D,P5MIN,CONSTRAINTSOLUTION,6,"2019/05/16 06:05:00",0,"2019/05/16 06:05:00",F_I+NIL_WF_TG_R6,-645.62216,0,0,"2019/05/16 06:00:26",,"2013/08/21 00:00:00",1,401.79
D,P5MIN,CONSTRAINTSOLUTION,6,"2019/05/16 06:05:00",0,"2019/05/16 06:05:00",F_I+NIL_WF_TG_R60,-347.41285,0,0,"2019/05/16 06:00:26",,"2013/08/21 00:00:00",1,401.79
D,P5MIN,CONSTRAINTSOLUTION,6,"2019/05/16 06:05:00",0,"2019/05/16 06:05:00",F_I+RREG_0200,200,12.5,0,"2019/05/16 06:00:26",,"2013/08/21 00:00:00",1,200
D,P5MIN,CONSTRAINTSOLUTION,6,"2019/05/16 06:05:00",0,"2019/05/16 06:05:00",F_I+WIP_N-2_ML_L5,-93.15306,0,0,"2019/05/16 06:00:26",,"2017/05/16 00:00:00",1,400.15
D,P5MIN,CONSTRAINTSOLUTION,6,"2019/05/16 06:05:00",0,"2019/05/16 06:05:00",F_I+WIP_N-2_ML_L6,-347.41285,0,0,"2019/05/16 06:00:26",,"2017/05/16 00:00:00",1,52.59
D,P5MIN,CONSTRAINTSOLUTION,6,"2019/05/16 06:05:00",0,"2019/05/16 06:05:00",F_I+WIP_N-2_ML_L60,-347.41285,0,0,"2019/05/16 06:00:26",,"2017/05/16 00:00:00",1,145.89
D,P5MIN,CONSTRAINTSOLUTION,6,"2019/05/16 06:05:00",0,"2019/05/16 06:05:00",F_I+WIV_N-2_MG_R5,-93.0674,0,0,"2019/05/16 06:00:26",,"2017/05/16 00:00:00",1,656.13
D,P5MIN,CONSTRAINTSOLUTION,6,"2019/05/16 06:05:00",0,"2019/05/16 06:05:00",F_I+WIV_N-2_MG_R6,-347.41285,0,0,"2019/05/16 06:00:26",,"2017/05/16 00:00:00",1,401.79
D,P5MIN,CONSTRAINTSOLUTION,6,"2019/05/16 06:05:00",0,"2019/05/16 06:05:00",F_I+WIV_N-2_MG_R60,-347.41285,0,0,"2019/05/16 06:00:26",,"2017/05/16 00:00:00",1,401.79
D,P5MIN,CONSTRAINTSOLUTION,6,"2019/05/16 06:05:00",0,"2019/05/16 06:05:00",F_MAIN++APD_TL_L5,-74.16281,0,0,"2019/05/16 06:00:26",,"2014/03/03 00:00:00",1,135.94818
D,P5MIN,CONSTRAINTSOLUTION,6,"2019/05/16 06:05:00",0,"2019/05/16 06:05:00",F_MAIN++APD_TL_L6,-581.11863,0,0,"2019/05/16 06:00:26",,"2014/03/03 00:00:00",1,-131.61182
D,P5MIN,CONSTRAINTSOLUTION,6,"2019/05/16 06:05:00",0,"2019/05/16 06:05:00",F_MAIN++APD_TL_L60,-282.90932,0,0,"2019/05/16 06:00:26",,"2014/03/03 00:00:00",1,-84.99182
D,P5MIN,CONSTRAINTSOLUTION,6,"2019/05/16 06:05:00",0,"2019/05/16 06:05:00",F_MAIN++LREG_0120,-358,0,0,"2019/05/16 06:00:26",,"2013/08/21 00:00:00",1,-44.20182
D,P5MIN,CONSTRAINTSOLUTION,6,"2019/05/16 06:05:00",0,"2019/05/16 06:05:00",F_MAIN++LREG_0190,-288,0,0,"2019/05/16 06:00:26",,"2019/04/16 00:00:00",1,-44.20182
D,P5MIN,CONSTRAINTSOLUTION,6,"2019/05/16 06:05:00",0,"2019/05/16 06:05:00",F_MAIN++ML_L5_0400,-167.46279,0,0,"2019/05/16 06:00:26",,"2013/08/21 00:00:00",1,135.94818
D,P5MIN,CONSTRAINTSOLUTION,6,"2019/05/16 06:05:00",0,"2019/05/16 06:05:00",F_MAIN++ML_L60_0400,-376.20931,0,0,"2019/05/16 06:00:26",,"2013/08/21 00:00:00",1,-84.99182
D,P5MIN,CONSTRAINTSOLUTION,6,"2019/05/16 06:05:00",0,"2019/05/16 06:05:00",F_MAIN++ML_L6_0400,-376.20931,0,0,"2019/05/16 06:00:26",,"2013/08/21 00:00:00",1,-131.61182
D,P5MIN,CONSTRAINTSOLUTION,6,"2019/05/16 06:05:00",0,"2019/05/16 06:05:00",F_MAIN++NIL_BL_L5,-219.46279,0,0,"2019/05/16 06:00:26",,"2013/08/21 00:00:00",1,135.94818
D,P5MIN,CONSTRAINTSOLUTION,6,"2019/05/16 06:05:00",0,"2019/05/16 06:05:00",F_MAIN++NIL_BL_L6,-596.41862,0,0,"2019/05/16 06:00:26",,"2013/08/21 00:00:00",1,-131.61182
D,P5MIN,CONSTRAINTSOLUTION,6,"2019/05/16 06:05:00",0,"2019/05/16 06:05:00",F_MAIN++NIL_BL_L60,-298.20931,0,0,"2019/05/16 06:00:26",,"2013/08/21 00:00:00",1,-84.99182
D,P5MIN,CONSTRAINTSOLUTION,6,"2019/05/16 06:05:00",0,"2019/05/16 06:05:00",F_MAIN++NIL_BL_R5,-10219.46279,0,0,"2019/05/16 06:00:26",,"2013/08/21 00:00:00",1,776.20182
D,P5MIN,CONSTRAINTSOLUTION,6,"2019/05/16 06:05:00",0,"2019/05/16 06:05:00",F_MAIN++NIL_BL_R6,-10596.41862,0,0,"2019/05/16 06:00:26",,"2013/08/21 00:00:00",1,500.99182
D,P5MIN,CONSTRAINTSOLUTION,6,"2019/05/16 06:05:00",0,"2019/05/16 06:05:00",F_MAIN++NIL_BL_R60,-10298.20931,0,0,"2019/05/16 06:00:26",,"2013/08/21 00:00:00",1,500.99182
D,P5MIN,CONSTRAINTSOLUTION,6,"2019/05/16 06:05:00",0,"2019/05/16 06:05:00",F_MAIN++NIL_MG_R5,709.73722,0,0,"2019/05/16 06:00:26",,"2013/08/21 00:00:00",1,776.20182
D,P5MIN,CONSTRAINTSOLUTION,6,"2019/05/16 06:05:00",0,"2019/05/16 06:05:00",F_MAIN++NIL_MG_R6,500.9907,4.87616,0,"2019/05/16 06:00:26",,"2013/08/21 00:00:00",1,500.99182
D,P5MIN,CONSTRAINTSOLUTION,6,"2019/05/16 06:05:00",0,"2019/05/16 06:05:00",F_MAIN++NIL_MG_R60,500.9907,1,0,"2019/05/16 06:00:26",,"2013/08/21 00:00:00",1,500.99182
D,P5MIN,CONSTRAINTSOLUTION,6,"2019/05/16 06:05:00",0,"2019/05/16 06:05:00",F_MAIN++NIL_RREG,180,0,0,"2019/05/16 06:00:26",,"2018/12/12 00:00:00",1,334.20182
D,P5MIN,CONSTRAINTSOLUTION,6,"2019/05/16 06:05:00",0,"2019/05/16 06:05:00",F_MAIN++RREG_0200,250,0,0,"2019/05/16 06:00:26",,"2013/08/21 00:00:00",1,334.20182
D,P5MIN,CONSTRAINTSOLUTION,6,"2019/05/16 06:05:00",0,"2019/05/16 06:05:00",F_MAIN++WIPN-2_MLL60,-776.20931,0,0,"2019/05/16 06:00:26",,"2017/05/16 00:00:00",1,-84.99182
D,P5MIN,CONSTRAINTSOLUTION,6,"2019/05/16 06:05:00",0,"2019/05/16 06:05:00",F_MAIN++WIP_N-2_MLL5,-567.46279,0,0,"2019/05/16 06:00:26",,"2017/05/16 00:00:00",1,135.94818
D,P5MIN,CONSTRAINTSOLUTION,6,"2019/05/16 06:05:00",0,"2019/05/16 06:05:00",F_MAIN++WIP_N-2_MLL6,-776.20931,0,0,"2019/05/16 06:00:26",,"2017/05/16 00:00:00",1,-131.61182
D,P5MIN,CONSTRAINTSOLUTION,6,"2019/05/16 06:05:00",0,"2019/05/16 06:05:00",F_MAIN++WIVN-2_MGR60,-248.20931,0,0,"2019/05/16 06:00:26",,"2017/05/16 00:00:00",1,500.99182
D,P5MIN,CONSTRAINTSOLUTION,6,"2019/05/16 06:05:00",0,"2019/05/16 06:05:00",F_MAIN++WIV_N-2_MGR5,-39.46279,0,0,"2019/05/16 06:00:26",,"2017/05/16 00:00:00",1,776.20182
D,P5MIN,CONSTRAINTSOLUTION,6,"2019/05/16 06:05:00",0,"2019/05/16 06:05:00",F_MAIN++WIV_N-2_MGR6,-248.20931,0,0,"2019/05/16 06:00:26",,"2017/05/16 00:00:00",1,500.99182
D,P5MIN,CONSTRAINTSOLUTION,6,"2019/05/16 06:05:00",0,"2019/05/16 06:05:00",F_MAIN+APD_TL_L5,-9596.16281,0,0,"2019/05/16 06:00:26",,"2014/03/03 00:00:00",1,320.15
D,P5MIN,CONSTRAINTSOLUTION,6,"2019/05/16 06:05:00",0,"2019/05/16 06:05:00",F_MAIN+APD_TL_L6,-10103.11863,0,0,"2019/05/16 06:00:26",,"2014/03/03 00:00:00",1,52.59
D,P5MIN,CONSTRAINTSOLUTION,6,"2019/05/16 06:05:00",0,"2019/05/16 06:05:00",F_MAIN+APD_TL_L60,-9804.90932,0,0,"2019/05/16 06:00:26",,"2014/03/03 00:00:00",1,99.21
D,P5MIN,CONSTRAINTSOLUTION,6,"2019/05/16 06:05:00",0,"2019/05/16 06:05:00",F_MAIN+BLFCTRL_L5,10.69721,0,0,"2019/05/16 06:00:26",,"2014/07/01 00:00:00",1,320.15
D,P5MIN,CONSTRAINTSOLUTION,6,"2019/05/16 06:05:00",0,"2019/05/16 06:05:00",F_MAIN+BLFCTRL_L6,-198.04931,0,0,"2019/05/16 06:00:26",,"2014/07/01 00:00:00",1,52.59
D,P5MIN,CONSTRAINTSOLUTION,6,"2019/05/16 06:05:00",0,"2019/05/16 06:05:00",F_MAIN+BLFCTRL_L60,-198.04931,0,0,"2019/05/16 06:00:26",,"2014/07/01 00:00:00",1,99.21
D,P5MIN,CONSTRAINTSOLUTION,6,"2019/05/16 06:05:00",0,"2019/05/16 06:05:00",F_MAIN+BLFCTRL_R5,60.53721,0,0,"2019/05/16 06:00:26",,"2014/07/01 00:00:00",1,592
D,P5MIN,CONSTRAINTSOLUTION,6,"2019/05/16 06:05:00",0,"2019/05/16 06:05:00",F_MAIN+BLFCTRL_R6,-148.20931,0,0,"2019/05/16 06:00:26",,"2014/07/01 00:00:00",1,316.79
D,P5MIN,CONSTRAINTSOLUTION,6,"2019/05/16 06:05:00",0,"2019/05/16 06:05:00",F_MAIN+BLFCTRL_R60,-148.20931,0,0,"2019/05/16 06:00:26",,"2014/07/01 00:00:00",1,316.79
D,P5MIN,CONSTRAINTSOLUTION,6,"2019/05/16 06:05:00",0,"2019/05/16 06:05:00",F_MAIN+LREG_0120,-9880,0,0,"2019/05/16 06:00:26",,"2013/08/21 00:00:00",1,140
D,P5MIN,CONSTRAINTSOLUTION,6,"2019/05/16 06:05:00",0,"2019/05/16 06:05:00",F_MAIN+LREG_0190,-9810,0,0,"2019/05/16 06:00:26",,"2019/04/16 00:00:00",1,140
D,P5MIN,CONSTRAINTSOLUTION,6,"2019/05/16 06:05:00",0,"2019/05/16 06:05:00",F_MAIN+ML_L5_0400,-9689.46279,0,0,"2019/05/16 06:00:26",,"2013/08/21 00:00:00",1,320.15
D,P5MIN,CONSTRAINTSOLUTION,6,"2019/05/16 06:05:00",0,"2019/05/16 06:05:00",F_MAIN+ML_L60_0400,-9898.20931,0,0,"2019/05/16 06:00:26",,"2013/08/21 00:00:00",1,99.21
D,P5MIN,CONSTRAINTSOLUTION,6,"2019/05/16 06:05:00",0,"2019/05/16 06:05:00",F_MAIN+ML_L6_0400,-9898.20931,0,0,"2019/05/16 06:00:26",,"2013/08/21 00:00:00",1,52.59
D,P5MIN,CONSTRAINTSOLUTION,6,"2019/05/16 06:05:00",0,"2019/05/16 06:05:00",F_MAIN+NIL_DYN_LREG,0,0,0,"2019/05/16 06:00:26",,"2019/03/22 00:00:00",2,140
D,P5MIN,CONSTRAINTSOLUTION,6,"2019/05/16 06:05:00",0,"2019/05/16 06:05:00",F_MAIN+NIL_DYN_RREG,0,0,0,"2019/05/16 06:00:26",,"2019/03/22 00:00:00",2,150
D,P5MIN,CONSTRAINTSOLUTION,6,"2019/05/16 06:05:00",0,"2019/05/16 06:05:00",F_MAIN+NIL_MG_R5,-9340.26278,0,0,"2019/05/16 06:00:26",,"2013/08/21 00:00:00",1,592
D,P5MIN,CONSTRAINTSOLUTION,6,"2019/05/16 06:05:00",0,"2019/05/16 06:05:00",F_MAIN+NIL_MG_R6,-9549.0093,0,0,"2019/05/16 06:00:26",,"2013/08/21 00:00:00",1,316.79
D,P5MIN,CONSTRAINTSOLUTION,6,"2019/05/16 06:05:00",0,"2019/05/16 06:05:00",F_MAIN+NIL_MG_R60,-9549.0093,0,0,"2019/05/16 06:00:26",,"2013/08/21 00:00:00",1,316.79
D,P5MIN,CONSTRAINTSOLUTION,6,"2019/05/16 06:05:00",0,"2019/05/16 06:05:00",F_MAIN+NIL_RREG,-9870,0,0,"2019/05/16 06:00:26",,"2018/12/12 00:00:00",1,150
D,P5MIN,CONSTRAINTSOLUTION,6,"2019/05/16 06:05:00",0,"2019/05/16 06:05:00",F_MAIN+RREG_0200,-9800,0,0,"2019/05/16 06:00:26",,"2013/08/21 00:00:00",1,150
D,P5MIN,CONSTRAINTSOLUTION,6,"2019/05/16 06:05:00",0,"2019/05/16 06:05:00",F_MAIN+TASCAP_LREG,70,0,0,"2019/05/16 06:00:26",,"2019/01/11 00:00:00",1,140
D,P5MIN,CONSTRAINTSOLUTION,6,"2019/05/16 06:05:00",0,"2019/05/16 06:05:00",F_MAIN+TASCAP_RREG,80,0,0,"2019/05/16 06:00:26",,"2019/01/11 00:00:00",1,150
D,P5MIN,CONSTRAINTSOLUTION,6,"2019/05/16 06:05:00",0,"2019/05/16 06:05:00",F_MAIN+WIP_N-2_MLL60,-10298.20931,0,0,"2019/05/16 06:00:26",,"2017/05/16 00:00:00",1,99.21
D,P5MIN,CONSTRAINTSOLUTION,6,"2019/05/16 06:05:00",0,"2019/05/16 06:05:00",F_MAIN+WIP_N-2_ML_L5,-10089.46279,0,0,"2019/05/16 06:00:26",,"2017/05/16 00:00:00",1,320.15
D,P5MIN,CONSTRAINTSOLUTION,6,"2019/05/16 06:05:00",0,"2019/05/16 06:05:00",F_MAIN+WIP_N-2_ML_L6,-10298.20931,0,0,"2019/05/16 06:00:26",,"2017/05/16 00:00:00",1,52.59
D,P5MIN,CONSTRAINTSOLUTION,6,"2019/05/16 06:05:00",0,"2019/05/16 06:05:00",F_MAIN+WIV_N-2_MGR60,-10298.20931,0,0,"2019/05/16 06:00:26",,"2017/05/16 00:00:00",1,316.79
D,P5MIN,CONSTRAINTSOLUTION,6,"2019/05/16 06:05:00",0,"2019/05/16 06:05:00",F_MAIN+WIV_N-2_MG_R5,-10089.46279,0,0,"2019/05/16 06:00:26",,"2017/05/16 00:00:00",1,592
D,P5MIN,CONSTRAINTSOLUTION,6,"2019/05/16 06:05:00",0,"2019/05/16 06:05:00",F_MAIN+WIV_N-2_MG_R6,-10298.20931,0,0,"2019/05/16 06:00:26",,"2017/05/16 00:00:00",1,316.79
D,P5MIN,CONSTRAINTSOLUTION,6,"2019/05/16 06:05:00",0,"2019/05/16 06:05:00",F_Q++NIL_R5,1360,0,0,"2019/05/16 06:00:26",,"2013/10/02 00:00:00",1,432.58228
D,P5MIN,CONSTRAINTSOLUTION,6,"2019/05/16 06:05:00",0,"2019/05/16 06:05:00",F_Q++NIL_R6,1360,0,0,"2019/05/16 06:00:26",,"2013/10/02 00:00:00",1,355.58228
D,P5MIN,CONSTRAINTSOLUTION,6,"2019/05/16 06:05:00",0,"2019/05/16 06:05:00",F_Q++NIL_R60,1360,0,0,"2019/05/16 06:00:26",,"2013/10/02 00:00:00",1,354.58228
D,P5MIN,CONSTRAINTSOLUTION,6,"2019/05/16 06:05:00",0,"2019/05/16 06:05:00",F_Q_W/HOE_R5,10000,0,0,"2019/05/16 06:00:26",,"2017/05/17 00:00:00",1,60
D,P5MIN,CONSTRAINTSOLUTION,6,"2019/05/16 06:05:00",0,"2019/05/16 06:05:00",F_Q_W/HOE_R60,10000,0,0,"2019/05/16 06:00:26",,"2017/05/17 00:00:00",1,0
D,P5MIN,CONSTRAINTSOLUTION,6,"2019/05/16 06:05:00",0,"2019/05/16 06:05:00",F_S+NIL_HPR_G+L_LREG,300000.4,0,0,"2019/05/16 06:00:26",,"2017/11/13 00:00:00",1,40
D,P5MIN,CONSTRAINTSOLUTION,6,"2019/05/16 06:05:00",0,"2019/05/16 06:05:00",F_S+NIL_HPR_G+L_RREG,299999.6,0,0,"2019/05/16 06:00:26",,"2017/11/13 00:00:00",1,30
D,P5MIN,CONSTRAINTSOLUTION,6,"2019/05/16 06:05:00",0,"2019/05/16 06:05:00",F_T++LREG_0050,100,0,0,"2019/05/16 06:00:26",,"2015/01/29 00:00:00",1,234.20182
D,P5MIN,CONSTRAINTSOLUTION,6,"2019/05/16 06:05:00",0,"2019/05/16 06:05:00",F_T++NIL_BB_TG_R5,-10053.81603,0,0,"2019/05/16 06:00:26",,"2016/04/12 00:00:00",1,-120.07182
D,P5MIN,CONSTRAINTSOLUTION,6,"2019/05/16 06:05:00",0,"2019/05/16 06:05:00",F_T++NIL_BB_TG_R6,-10162.76095,0,0,"2019/05/16 06:00:26",,"2016/04/12 00:00:00",1,-99.20182
D,P5MIN,CONSTRAINTSOLUTION,6,"2019/05/16 06:05:00",0,"2019/05/16 06:05:00",F_T++NIL_BB_TG_R60,-9984.58102,0,0,"2019/05/16 06:00:26",,"2016/04/12 00:00:00",1,-99.20182
D,P5MIN,CONSTRAINTSOLUTION,6,"2019/05/16 06:05:00",0,"2019/05/16 06:05:00",F_T++NIL_BLSPS_L5,-20000.0001,0,0,"2019/05/16 06:00:26",,"2013/08/21 00:00:00",1,254.17756
D,P5MIN,CONSTRAINTSOLUTION,6,"2019/05/16 06:05:00",0,"2019/05/16 06:05:00",F_T++NIL_BLSPS_L60_1,-20000.0001,0,0,"2019/05/16 06:00:26",,"2013/08/21 00:00:00",1,265.18572
D,P5MIN,CONSTRAINTSOLUTION,6,"2019/05/16 06:05:00",0,"2019/05/16 06:05:00",F_T++NIL_BLSPS_L60_2,-20000.0001,0,0,"2019/05/16 06:00:26",,"2013/08/21 00:00:00",1,592.95629
D,P5MIN,CONSTRAINTSOLUTION,6,"2019/05/16 06:05:00",0,"2019/05/16 06:05:00",F_T++NIL_BLSPS_L60_3,-20000.0001,0,0,"2019/05/16 06:00:26",,"2013/08/21 00:00:00",1,991.33877
D,P5MIN,CONSTRAINTSOLUTION,6,"2019/05/16 06:05:00",0,"2019/05/16 06:05:00",F_T++NIL_BLSPS_L60_4,-20000.0001,0,0,"2019/05/16 06:00:26",,"2013/08/21 00:00:00",1,1555.7792
D,P5MIN,CONSTRAINTSOLUTION,6,"2019/05/16 06:05:00",0,"2019/05/16 06:05:00",F_T++NIL_BLSPS_L6_1,-20000.0001,0,0,"2019/05/16 06:00:26",,"2013/08/21 00:00:00",1,159.03617
D,P5MIN,CONSTRAINTSOLUTION,6,"2019/05/16 06:05:00",0,"2019/05/16 06:05:00",F_T++NIL_BLSPS_L6_2,-20000.0001,0,0,"2019/05/16 06:00:26",,"2013/08/21 00:00:00",1,385.34837
D,P5MIN,CONSTRAINTSOLUTION,6,"2019/05/16 06:05:00",0,"2019/05/16 06:05:00",F_T++NIL_BLSPS_L6_3,-20000.0001,0,0,"2019/05/16 06:00:26",,"2013/08/21 00:00:00",1,692.25991
D,P5MIN,CONSTRAINTSOLUTION,6,"2019/05/16 06:05:00",0,"2019/05/16 06:05:00",F_T++NIL_BLSPS_L6_4,-20000.0001,0,0,"2019/05/16 06:00:26",,"2013/08/21 00:00:00",1,1140.96449
D,P5MIN,CONSTRAINTSOLUTION,6,"2019/05/16 06:05:00",0,"2019/05/16 06:05:00",F_T++NIL_BLSPS_R5,-10000.0001,0,0,"2019/05/16 06:00:26",,"2013/08/21 00:00:00",1,-99.30859
D,P5MIN,CONSTRAINTSOLUTION,6,"2019/05/16 06:05:00",0,"2019/05/16 06:05:00",F_T++NIL_BLSPS_R60_1,-10000.0001,0,0,"2019/05/16 06:00:26",,"2013/08/21 00:00:00",1,-138.87337
D,P5MIN,CONSTRAINTSOLUTION,6,"2019/05/16 06:05:00",0,"2019/05/16 06:05:00",F_T++NIL_BLSPS_R60_2,-10000.0001,0,0,"2019/05/16 06:00:26",,"2013/08/21 00:00:00",1,-285.27513
D,P5MIN,CONSTRAINTSOLUTION,6,"2019/05/16 06:05:00",0,"2019/05/16 06:05:00",F_T++NIL_BLSPS_R60_3,-10000.0001,0,0,"2019/05/16 06:00:26",,"2013/08/21 00:00:00",1,-431.23481
D,P5MIN,CONSTRAINTSOLUTION,6,"2019/05/16 06:05:00",0,"2019/05/16 06:05:00",F_T++NIL_BLSPS_R60_4,-10000.0001,0,0,"2019/05/16 06:00:26",,"2013/08/21 00:00:00",1,-652.43172
D,P5MIN,CONSTRAINTSOLUTION,6,"2019/05/16 06:05:00",0,"2019/05/16 06:05:00",F_T++NIL_BLSPS_R6_1,-10000.0001,0,0,"2019/05/16 06:00:26",,"2013/08/21 00:00:00",1,-97.60847
D,P5MIN,CONSTRAINTSOLUTION,6,"2019/05/16 06:05:00",0,"2019/05/16 06:05:00",F_T++NIL_BLSPS_R6_2,-10000.0001,0,0,"2019/05/16 06:00:26",,"2013/08/21 00:00:00",1,-243.83156
D,P5MIN,CONSTRAINTSOLUTION,6,"2019/05/16 06:05:00",0,"2019/05/16 06:05:00",F_T++NIL_BLSPS_R6_3,-10000.0001,0,0,"2019/05/16 06:00:26",,"2013/08/21 00:00:00",1,-381.10429
D,P5MIN,CONSTRAINTSOLUTION,6,"2019/05/16 06:05:00",0,"2019/05/16 06:05:00",F_T++NIL_BLSPS_R6_4,-10000.0001,0,0,"2019/05/16 06:00:26",,"2013/08/21 00:00:00",1,-505.12553
D,P5MIN,CONSTRAINTSOLUTION,6,"2019/05/16 06:05:00",0,"2019/05/16 06:05:00",F_T++NIL_MG_R5,-9937.29571,0,0,"2019/05/16 06:00:26",,"2016/04/12 00:00:00",1,-120.07182
D,P5MIN,CONSTRAINTSOLUTION,6,"2019/05/16 06:05:00",0,"2019/05/16 06:05:00",F_T++NIL_MG_R6,-9988.09737,0,0,"2019/05/16 06:00:26",,"2016/04/12 00:00:00",1,-99.20182
D,P5MIN,CONSTRAINTSOLUTION,6,"2019/05/16 06:05:00",0,"2019/05/16 06:05:00",F_T++NIL_MG_R60,-9896.71573,0,0,"2019/05/16 06:00:26",,"2016/04/12 00:00:00",1,-99.20182
D,P5MIN,CONSTRAINTSOLUTION,6,"2019/05/16 06:05:00",0,"2019/05/16 06:05:00",F_T++NIL_MG_RECL_R5,-9949.73428,0,0,"2019/05/16 06:00:26",,"2016/12/02 00:00:00",1,-120.07182
D,P5MIN,CONSTRAINTSOLUTION,6,"2019/05/16 06:05:00",0,"2019/05/16 06:05:00",F_T++NIL_MG_RECL_R6,-10005.07072,0,0,"2019/05/16 06:00:26",,"2016/12/02 00:00:00",1,-99.20182
D,P5MIN,CONSTRAINTSOLUTION,6,"2019/05/16 06:05:00",0,"2019/05/16 06:05:00",F_T++NIL_MG_RECL_R60,-9906.54396,0,0,"2019/05/16 06:00:26",,"2016/12/02 00:00:00",1,-99.20182
D,P5MIN,CONSTRAINTSOLUTION,6,"2019/05/16 06:05:00",0,"2019/05/16 06:05:00",F_T++NIL_ML_L5,99.78458,0,0,"2019/05/16 06:00:26",,"2016/04/12 00:00:00",1,264.20182
D,P5MIN,CONSTRAINTSOLUTION,6,"2019/05/16 06:05:00",0,"2019/05/16 06:05:00",F_T++NIL_ML_L6,58.48829,0,0,"2019/05/16 06:00:26",,"2016/04/12 00:00:00",1,184.20182
D,P5MIN,CONSTRAINTSOLUTION,6,"2019/05/16 06:05:00",0,"2019/05/16 06:05:00",F_T++NIL_ML_L60,110.36961,0,0,"2019/05/16 06:00:26",,"2016/04/12 00:00:00",1,230.88182
D,P5MIN,CONSTRAINTSOLUTION,6,"2019/05/16 06:05:00",0,"2019/05/16 06:05:00",F_T++NIL_TL_L5_DS,-9833.38913,0,0,"2019/05/16 06:00:26",,"2016/10/25 00:00:00",1,264.20182
D,P5MIN,CONSTRAINTSOLUTION,6,"2019/05/16 06:05:00",0,"2019/05/16 06:05:00",F_T++NIL_TL_L60_DS,-9827.60015,0,0,"2019/05/16 06:00:26",,"2016/10/25 00:00:00",1,230.88182
D,P5MIN,CONSTRAINTSOLUTION,6,"2019/05/16 06:05:00",0,"2019/05/16 06:05:00",F_T++NIL_TL_L6_DS,-9851.33536,0,0,"2019/05/16 06:00:26",,"2016/10/25 00:00:00",1,184.20182
D,P5MIN,CONSTRAINTSOLUTION,6,"2019/05/16 06:05:00",0,"2019/05/16 06:05:00",F_T++NIL_WF_TG_R5,-10032.55778,0,0,"2019/05/16 06:00:26",,"2016/04/12 00:00:00",1,-120.07182
D,P5MIN,CONSTRAINTSOLUTION,6,"2019/05/16 06:05:00",0,"2019/05/16 06:05:00",F_T++NIL_WF_TG_R6,-10134.44897,0,0,"2019/05/16 06:00:26",,"2016/04/12 00:00:00",1,-99.20182
D,P5MIN,CONSTRAINTSOLUTION,6,"2019/05/16 06:05:00",0,"2019/05/16 06:05:00",F_T++NIL_WF_TG_R60,-9967.26003,0,0,"2019/05/16 06:00:26",,"2016/04/12 00:00:00",1,-99.20182
D,P5MIN,CONSTRAINTSOLUTION,6,"2019/05/16 06:05:00",0,"2019/05/16 06:05:00",F_T++RREG_0050,-428,0,0,"2019/05/16 06:00:26",,"2015/01/29 00:00:00",1,-134.20182
D,P5MIN,CONSTRAINTSOLUTION,6,"2019/05/16 06:05:00",0,"2019/05/16 06:05:00",F_T+LREG_0050,-9950,0,0,"2019/05/16 06:00:26",,"2015/01/29 00:00:00",1,50
D,P5MIN,CONSTRAINTSOLUTION,6,"2019/05/16 06:05:00",0,"2019/05/16 06:05:00",F_T+NIL_BB_TG_R5,-49.9999,0,0,"2019/05/16 06:00:26",,"2016/04/12 00:00:00",1,64.13
D,P5MIN,CONSTRAINTSOLUTION,6,"2019/05/16 06:05:00",0,"2019/05/16 06:05:00",F_T+NIL_BB_TG_R6,0.0001,0,0,"2019/05/16 06:00:26",,"2016/04/12 00:00:00",1,85
D,P5MIN,CONSTRAINTSOLUTION,6,"2019/05/16 06:05:00",0,"2019/05/16 06:05:00",F_T+NIL_BB_TG_R60,0.0001,0,0,"2019/05/16 06:00:26",,"2016/04/12 00:00:00",1,85
D,P5MIN,CONSTRAINTSOLUTION,6,"2019/05/16 06:05:00",0,"2019/05/16 06:05:00",F_T+NIL_MG_R5,63.57223,0,0,"2019/05/16 06:00:26",,"2016/04/12 00:00:00",1,64.13
D,P5MIN,CONSTRAINTSOLUTION,6,"2019/05/16 06:05:00",0,"2019/05/16 06:05:00",F_T+NIL_MG_R6,61.66973,0,0,"2019/05/16 06:00:26",,"2016/04/12 00:00:00",1,85
D,P5MIN,CONSTRAINTSOLUTION,6,"2019/05/16 06:05:00",0,"2019/05/16 06:05:00",F_T+NIL_MG_R60,77.08714,0,0,"2019/05/16 06:00:26",,"2016/04/12 00:00:00",1,85
D,P5MIN,CONSTRAINTSOLUTION,6,"2019/05/16 06:05:00",0,"2019/05/16 06:05:00",F_T+NIL_MG_RECL_R5,51.85029,0,0,"2019/05/16 06:00:26",,"2016/12/02 00:00:00",1,64.13
D,P5MIN,CONSTRAINTSOLUTION,6,"2019/05/16 06:05:00",0,"2019/05/16 06:05:00",F_T+NIL_MG_RECL_R6,48.66846,0,0,"2019/05/16 06:00:26",,"2016/12/02 00:00:00",1,85
D,P5MIN,CONSTRAINTSOLUTION,6,"2019/05/16 06:05:00",0,"2019/05/16 06:05:00",F_T+NIL_MG_RECL_R60,60.83555,0,0,"2019/05/16 06:00:26",,"2016/12/02 00:00:00",1,85
D,P5MIN,CONSTRAINTSOLUTION,6,"2019/05/16 06:05:00",0,"2019/05/16 06:05:00",F_T+NIL_ML_L5,-9935.535,0,0,"2019/05/16 06:00:26",,"2016/04/12 00:00:00",1,80
D,P5MIN,CONSTRAINTSOLUTION,6,"2019/05/16 06:05:00",0,"2019/05/16 06:05:00",F_T+NIL_ML_L6,-9939.87486,0,0,"2019/05/16 06:00:26",,"2016/04/12 00:00:00",1,0
D,P5MIN,CONSTRAINTSOLUTION,6,"2019/05/16 06:05:00",0,"2019/05/16 06:05:00",F_T+NIL_ML_L60,-9924.84357,0,0,"2019/05/16 06:00:26",,"2016/04/12 00:00:00",1,46.68
D,P5MIN,CONSTRAINTSOLUTION,6,"2019/05/16 06:05:00",0,"2019/05/16 06:05:00",F_T+NIL_TL_L5_DS,-19883.99803,0,0,"2019/05/16 06:00:26",,"2016/10/25 00:00:00",1,80
D,P5MIN,CONSTRAINTSOLUTION,6,"2019/05/16 06:05:00",0,"2019/05/16 06:05:00",F_T+NIL_TL_L60_DS,-19859.5363,0,0,"2019/05/16 06:00:26",,"2016/10/25 00:00:00",1,46.68
D,P5MIN,CONSTRAINTSOLUTION,6,"2019/05/16 06:05:00",0,"2019/05/16 06:05:00",F_T+NIL_TL_L6_DS,-19887.62904,0,0,"2019/05/16 06:00:26",,"2016/10/25 00:00:00",1,0
D,P5MIN,CONSTRAINTSOLUTION,6,"2019/05/16 06:05:00",0,"2019/05/16 06:05:00",F_T+NIL_WF_TG_R5,-30.60733,0,0,"2019/05/16 06:00:26",,"2016/04/12 00:00:00",1,64.13
D,P5MIN,CONSTRAINTSOLUTION,6,"2019/05/16 06:05:00",0,"2019/05/16 06:05:00",F_T+NIL_WF_TG_R6,0.0001,0,0,"2019/05/16 06:00:26",,"2016/04/12 00:00:00",1,85
D,P5MIN,CONSTRAINTSOLUTION,6,"2019/05/16 06:05:00",0,"2019/05/16 06:05:00",F_T+NIL_WF_TG_R60,0.0001,0,0,"2019/05/16 06:00:26",,"2016/04/12 00:00:00",1,85
D,P5MIN,CONSTRAINTSOLUTION,6,"2019/05/16 06:05:00",0,"2019/05/16 06:05:00",F_T+RREG_0050,-9950,0,0,"2019/05/16 06:00:26",,"2015/01/29 00:00:00",1,50
D,P5MIN,CONSTRAINTSOLUTION,6,"2019/05/16 06:05:00",0,"2019/05/16 06:05:00",F_TASCAP_LREG_0190,140,0,0,"2019/05/16 06:00:26",,"2019/04/16 00:00:00",1,140
D,P5MIN,CONSTRAINTSOLUTION,6,"2019/05/16 06:05:00",0,"2019/05/16 06:05:00",F_TASCAP_RREG_0200,150,15.55942,0,"2019/05/16 06:00:26",,"2019/03/18 00:00:00",1,150
D,P5MIN,CONSTRAINTSOLUTION,6,"2019/05/16 06:05:00",0,"2019/05/16 06:05:00",F_T_NIL_MINP_R6,35,0.96,0,"2019/05/16 06:00:26",,"2018/04/30 00:00:00",1,35.00173
D,P5MIN,CONSTRAINTSOLUTION,6,"2019/05/16 06:05:00",0,"2019/05/16 06:05:00",N::Q_BWLD_KC,1273.25642,0,0,"2019/05/16 06:00:26",,"2018/01/19 00:00:00",1,554.81732
D,P5MIN,CONSTRAINTSOLUTION,6,"2019/05/16 06:05:00",0,"2019/05/16 06:05:00",N::Q_BWLD_LDMU,738.82303,0,0,"2019/05/16 06:00:26",,"2018/01/19 00:00:00",1,-481.36698
D,P5MIN,CONSTRAINTSOLUTION,6,"2019/05/16 06:05:00",0,"2019/05/16 06:05:00",N::Q_BWLD_LDTW,658.53735,0,0,"2019/05/16 06:00:26",,"2018/01/19 00:00:00",1,-483.53998
D,P5MIN,CONSTRAINTSOLUTION,6,"2019/05/16 06:05:00",0,"2019/05/16 06:05:00",N::Q_BWLD_TNT,1315.31768,0,0,"2019/05/16 06:00:26",,"2018/01/19 00:00:00",1,111.09913
D,P5MIN,CONSTRAINTSOLUTION,6,"2019/05/16 06:05:00",0,"2019/05/16 06:05:00",N::Q_NIL_KC,1353.25642,0,0,"2019/05/16 06:00:26",,"2017/12/06 00:00:00",1,554.81732
D,P5MIN,CONSTRAINTSOLUTION,6,"2019/05/16 06:05:00",0,"2019/05/16 06:05:00",N::Q_NIL_LDMU,818.82303,0,0,"2019/05/16 06:00:26",,"2017/12/06 00:00:00",1,-481.36698
D,P5MIN,CONSTRAINTSOLUTION,6,"2019/05/16 06:05:00",0,"2019/05/16 06:05:00",N::Q_NIL_LDTW,738.53735,0,0,"2019/05/16 06:00:26",,"2017/12/06 00:00:00",1,-483.53998
D,P5MIN,CONSTRAINTSOLUTION,6,"2019/05/16 06:05:00",0,"2019/05/16 06:05:00",N::Q_NIL_TNT,1395.31768,0,0,"2019/05/16 06:00:26",,"2017/12/06 00:00:00",1,111.09913
D,P5MIN,CONSTRAINTSOLUTION,6,"2019/05/16 06:05:00",0,"2019/05/16 06:05:00",N::V_NIL_BWSW,1510.59418,0,0,"2019/05/16 06:00:26",,"2018/06/26 00:00:00",1,313.70231
D,P5MIN,CONSTRAINTSOLUTION,6,"2019/05/16 06:05:00",0,"2019/05/16 06:05:00",N::V_NIL_MSDD,1462.35786,0,0,"2019/05/16 06:00:26",,"2018/06/26 00:00:00",1,344.93216
D,P5MIN,CONSTRAINTSOLUTION,6,"2019/05/16 06:05:00",0,"2019/05/16 06:05:00",N::V_NIL_UTMS,1607.91066,0,0,"2019/05/16 06:00:26",,"2018/06/26 00:00:00",1,313.70231
D,P5MIN,CONSTRAINTSOLUTION,6,"2019/05/16 06:05:00",0,"2019/05/16 06:05:00",N:V_NIL_BWRG,1248.53826,0,0,"2019/05/16 06:00:26",,"2018/06/26 00:00:00",1,313.70231
D,P5MIN,CONSTRAINTSOLUTION,6,"2019/05/16 06:05:00",0,"2019/05/16 06:05:00",N:V_NIL_BYYS,1603.62973,0,0,"2019/05/16 06:00:26",,"2018/06/26 00:00:00",1,313.70231
D,P5MIN,CONSTRAINTSOLUTION,6,"2019/05/16 06:05:00",0,"2019/05/16 06:05:00",N>>N-BWLD_ONE_A,1277.40072,0,0,"2019/05/16 06:00:26",,"2019/03/04 00:00:00",1,-1231.54043
D,P5MIN,CONSTRAINTSOLUTION,6,"2019/05/16 06:05:00",0,"2019/05/16 06:05:00",N>>N-BWLD_ONE_B,2794.75906,0,0,"2019/05/16 06:00:26",,"2019/03/04 00:00:00",1,1231.54043
D,P5MIN,CONSTRAINTSOLUTION,6,"2019/05/16 06:05:00",0,"2019/05/16 06:05:00",N>>N-BWLD_ONE_C,1914.91018,0,0,"2019/05/16 06:00:26",,"2019/03/04 00:00:00",1,-790.39871
D,P5MIN,CONSTRAINTSOLUTION,6,"2019/05/16 06:05:00",0,"2019/05/16 06:05:00",N>>N-BWLD_ONE_D,2553.1554,0,0,"2019/05/16 06:00:26",,"2019/03/04 00:00:00",1,1267.94079
D,P5MIN,CONSTRAINTSOLUTION,6,"2019/05/16 06:05:00",0,"2019/05/16 06:05:00",N>>N-BWLD_ONE_E,2605.21333,0,0,"2019/05/16 06:00:26",,"2019/03/04 00:00:00",1,1256.08569
D,P5MIN,CONSTRAINTSOLUTION,6,"2019/05/16 06:05:00",0,"2019/05/16 06:05:00",N>>N-BYSW_A1_15M,3604.54982,0,0,"2019/05/16 06:00:26",,"2019/03/04 00:00:00",1,92.58082
D,P5MIN,CONSTRAINTSOLUTION,6,"2019/05/16 06:05:00",0,"2019/05/16 06:05:00",N>>N-BYSW_A2_15M,1353.27356,0,0,"2019/05/16 06:00:26",,"2019/03/04 00:00:00",1,-92.58082
D,P5MIN,CONSTRAINTSOLUTION,6,"2019/05/16 06:05:00",0,"2019/05/16 06:05:00",N>>N-BYSW_B,3620.19024,0,0,"2019/05/16 06:00:26",,"2019/03/04 00:00:00",1,1080.225
D,P5MIN,CONSTRAINTSOLUTION,6,"2019/05/16 06:05:00",0,"2019/05/16 06:05:00",N>>N-BYSW_C,3858.25713,0,0,"2019/05/16 06:00:26",,"2019/03/04 00:00:00",1,1920.17099
D,P5MIN,CONSTRAINTSOLUTION,6,"2019/05/16 06:05:00",0,"2019/05/16 06:05:00",N>>N-BYSW_G1_15M,3797.43208,0,0,"2019/05/16 06:00:26",,"2019/03/04 00:00:00",1,98.08935
D,P5MIN,CONSTRAINTSOLUTION,6,"2019/05/16 06:05:00",0,"2019/05/16 06:05:00",N>>N-BYSW_G2_15M,1643.65761,0,0,"2019/05/16 06:00:26",,"2019/03/04 00:00:00",1,-98.08935
D,P5MIN,CONSTRAINTSOLUTION,6,"2019/05/16 06:05:00",0,"2019/05/16 06:05:00",N>>N-BYSW_H_15M,3798.8454,0,0,"2019/05/16 06:00:26",,"2019/03/04 00:00:00",1,77.93935
D,P5MIN,CONSTRAINTSOLUTION,6,"2019/05/16 06:05:00",0,"2019/05/16 06:05:00",N>>N-BYSW_J,3664.02216,0,0,"2019/05/16 06:00:26",,"2019/03/04 00:00:00",1,1080.96142
D,P5MIN,CONSTRAINTSOLUTION,6,"2019/05/16 06:05:00",0,"2019/05/16 06:05:00",N>>N-BYSW_K,3475.3777,0,0,"2019/05/16 06:00:26",,"2019/03/04 00:00:00",1,801.18721
D,P5MIN,CONSTRAINTSOLUTION,6,"2019/05/16 06:05:00",0,"2019/05/16 06:05:00",N>>N-KC_TX_01,2970.25975,0,0,"2019/05/16 06:00:26",,"2019/03/04 00:00:00",1,2578.32243
D,P5MIN,CONSTRAINTSOLUTION,6,"2019/05/16 06:05:00",0,"2019/05/16 06:05:00",N>>N-KC_TX_02,3885.51782,0,0,"2019/05/16 06:00:26",,"2019/03/04 00:00:00",1,2858.33496
D,P5MIN,CONSTRAINTSOLUTION,6,"2019/05/16 06:05:00",0,"2019/05/16 06:05:00",N>>N-KC_TX_03,3847.91573,0,0,"2019/05/16 06:00:26",,"2019/03/04 00:00:00",1,2867.97108
D,P5MIN,CONSTRAINTSOLUTION,6,"2019/05/16 06:05:00",0,"2019/05/16 06:05:00",N>>N-KC_TX_05,3904.92219,0,0,"2019/05/16 06:00:26",,"2019/03/04 00:00:00",1,2756.48296
D,P5MIN,CONSTRAINTSOLUTION,6,"2019/05/16 06:05:00",0,"2019/05/16 06:05:00",N>>N-KC_TX_06,3809.96235,0,0,"2019/05/16 06:00:26",,"2019/03/04 00:00:00",1,3083.73483
D,P5MIN,CONSTRAINTSOLUTION,6,"2019/05/16 06:05:00",0,"2019/05/16 06:05:00",N>>N-NIL_01N,2146.6683,0,0,"2019/05/16 06:00:26",,"2019/03/01 00:00:00",1,15.73174
D,P5MIN,CONSTRAINTSOLUTION,6,"2019/05/16 06:05:00",0,"2019/05/16 06:05:00",N>>N-NIL_01S,622.37813,0,0,"2019/05/16 06:00:26",,"2019/03/01 00:00:00",1,-15.73174
D,P5MIN,CONSTRAINTSOLUTION,6,"2019/05/16 06:05:00",0,"2019/05/16 06:05:00",N>>N-NIL_03,621.1087,0,0,"2019/05/16 06:00:26",,"2019/03/01 00:00:00",1,-35.88174
D,P5MIN,CONSTRAINTSOLUTION,6,"2019/05/16 06:05:00",0,"2019/05/16 06:05:00",N>>N-NIL_17N,3877.6314,0,0,"2019/05/16 06:00:26",,"2019/03/01 00:00:00",1,73.57573
D,P5MIN,CONSTRAINTSOLUTION,6,"2019/05/16 06:05:00",0,"2019/05/16 06:05:00",N>>N-NIL_17S,1581.50884,0,0,"2019/05/16 06:00:26",,"2019/03/01 00:00:00",1,-73.57573
D,P5MIN,CONSTRAINTSOLUTION,6,"2019/05/16 06:05:00",0,"2019/05/16 06:05:00",N>>N-NIL_1A,1380.00579,0,0,"2019/05/16 06:00:26",,"2019/02/28 00:00:00",1,-1252.71151
D,P5MIN,CONSTRAINTSOLUTION,6,"2019/05/16 06:05:00",0,"2019/05/16 06:05:00",N>>N-NIL_1E_OPENED,5907.79427,0,0,"2019/05/16 06:00:26",,"2019/02/28 00:00:00",1,1375.42088
D,P5MIN,CONSTRAINTSOLUTION,6,"2019/05/16 06:05:00",0,"2019/05/16 06:05:00",N>>N-NIL_1G,4529.13882,0,0,"2019/05/16 06:00:26",,"2019/02/28 00:00:00",1,3331.76983
D,P5MIN,CONSTRAINTSOLUTION,6,"2019/05/16 06:05:00",0,"2019/05/16 06:05:00",N>>N-NIL_1N_OPENED,6526.38547,0,0,"2019/05/16 06:00:26",,"2019/02/28 00:00:00",1,1371.16818
D,P5MIN,CONSTRAINTSOLUTION,6,"2019/05/16 06:05:00",0,"2019/05/16 06:05:00",N>>N-NIL_1O,7014.95927,0,0,"2019/05/16 06:00:26",,"2019/02/28 00:00:00",1,1942.70126
D,P5MIN,CONSTRAINTSOLUTION,6,"2019/05/16 06:05:00",0,"2019/05/16 06:05:00",N>>N-NIL_1R,4369.80101,0,0,"2019/05/16 06:00:26",,"2019/02/28 00:00:00",1,3067.64204
D,P5MIN,CONSTRAINTSOLUTION,6,"2019/05/16 06:05:00",0,"2019/05/16 06:05:00",N>>N-NIL_1S,6862.94429,0,0,"2019/05/16 06:00:26",,"2019/02/28 00:00:00",1,1378.11078
D,P5MIN,CONSTRAINTSOLUTION,6,"2019/05/16 06:05:00",0,"2019/05/16 06:05:00",N>>N-NIL_1T,8083.92398,0,0,"2019/05/16 06:00:26",,"2019/02/28 00:00:00",1,1368.09165
D,P5MIN,CONSTRAINTSOLUTION,6,"2019/05/16 06:05:00",0,"2019/05/16 06:05:00",N>>N-NIL_1WN,3675.15619,0,0,"2019/05/16 06:00:26",,"2019/03/01 00:00:00",1,88.6334
D,P5MIN,CONSTRAINTSOLUTION,6,"2019/05/16 06:05:00",0,"2019/05/16 06:05:00",N>>N-NIL_1WS,1305.14489,0,0,"2019/05/16 06:00:26",,"2019/03/01 00:00:00",1,-88.6334
D,P5MIN,CONSTRAINTSOLUTION,6,"2019/05/16 06:05:00",0,"2019/05/16 06:05:00",N>>N-NIL_1XN,3622.81966,0,0,"2019/05/16 06:00:26",,"2019/03/01 00:00:00",1,88.63445
D,P5MIN,CONSTRAINTSOLUTION,6,"2019/05/16 06:05:00",0,"2019/05/16 06:05:00",N>>N-NIL_1XS,1252.18947,0,0,"2019/05/16 06:00:26",,"2019/03/01 00:00:00",1,-88.63445
D,P5MIN,CONSTRAINTSOLUTION,6,"2019/05/16 06:05:00",0,"2019/05/16 06:05:00",N>>N-NIL_1Y,3875.95308,0,0,"2019/05/16 06:00:26",,"2019/03/01 00:00:00",1,93.72378
D,P5MIN,CONSTRAINTSOLUTION,6,"2019/05/16 06:05:00",0,"2019/05/16 06:05:00",N>>N-NIL_1YS,1584.83309,0,0,"2019/05/16 06:00:26",,"2019/03/01 00:00:00",1,-93.72378
D,P5MIN,CONSTRAINTSOLUTION,6,"2019/05/16 06:05:00",0,"2019/05/16 06:05:00",N>>N-NIL_1Z,3980.81829,0,0,"2019/05/16 06:00:26",,"2019/03/01 00:00:00",1,93.72378
D,P5MIN,CONSTRAINTSOLUTION,6,"2019/05/16 06:05:00",0,"2019/05/16 06:05:00",N>>N-NIL_1ZS,1690.55466,0,0,"2019/05/16 06:00:26",,"2019/03/01 00:00:00",1,-93.72378
D,P5MIN,CONSTRAINTSOLUTION,6,"2019/05/16 06:05:00",0,"2019/05/16 06:05:00",N>>N-NIL_23N,3982.52537,0,0,"2019/05/16 06:00:26",,"2019/03/01 00:00:00",1,73.57378
D,P5MIN,CONSTRAINTSOLUTION,6,"2019/05/16 06:05:00",0,"2019/05/16 06:05:00",N>>N-NIL_23S,1745.93844,0,0,"2019/05/16 06:00:26",,"2019/01/11 00:00:00",1,-73.67736
D,P5MIN,CONSTRAINTSOLUTION,6,"2019/05/16 06:05:00",0,"2019/05/16 06:05:00",N>>N-NIL_28,4303.34383,0,0,"2019/05/16 06:00:26",,"2019/02/28 00:00:00",1,686.25433
D,P5MIN,CONSTRAINTSOLUTION,6,"2019/05/16 06:05:00",0,"2019/05/16 06:05:00",N>>N-NIL_29N,3676.61233,0,0,"2019/05/16 06:00:26",,"2019/03/01 00:00:00",1,56.01806
D,P5MIN,CONSTRAINTSOLUTION,6,"2019/05/16 06:05:00",0,"2019/05/16 06:05:00",N>>N-NIL_29S,1164.75869,0,0,"2019/05/16 06:00:26",,"2019/03/01 00:00:00",1,-129.62797
D,P5MIN,CONSTRAINTSOLUTION,6,"2019/05/16 06:05:00",0,"2019/05/16 06:05:00",N>>N-NIL_31N,3770.34118,0,0,"2019/05/16 06:00:26",,"2019/03/01 00:00:00",1,56.01605
D,P5MIN,CONSTRAINTSOLUTION,6,"2019/05/16 06:05:00",0,"2019/05/16 06:05:00",N>>N-NIL_31S,1254.27054,0,0,"2019/05/16 06:00:26",,"2019/03/01 00:00:00",1,-129.62797
D,P5MIN,CONSTRAINTSOLUTION,6,"2019/05/16 06:05:00",0,"2019/05/16 06:05:00",N>>N-NIL_36,2902.5881,0,0,"2019/05/16 06:00:26",,"2019/05/06 00:00:00",1,227.68705
D,P5MIN,CONSTRAINTSOLUTION,6,"2019/05/16 06:05:00",0,"2019/05/16 06:05:00",N>>N-NIL_45,1938.56003,0,0,"2019/05/16 06:00:26",,"2019/03/01 00:00:00",1,89.56174
D,P5MIN,CONSTRAINTSOLUTION,6,"2019/05/16 06:05:00",0,"2019/05/16 06:05:00",N>>N-NIL_46,990.76965,0,0,"2019/05/16 06:00:26",,"2019/03/01 00:00:00",1,-8.15034
D,P5MIN,CONSTRAINTSOLUTION,6,"2019/05/16 06:05:00",0,"2019/05/16 06:05:00",N>>N-NIL_47,1648.72692,0,0,"2019/05/16 06:00:26",,"2019/03/01 00:00:00",1,7.90796
D,P5MIN,CONSTRAINTSOLUTION,6,"2019/05/16 06:05:00",0,"2019/05/16 06:05:00",N>>N-NIL_48,1650.64892,0,0,"2019/05/16 06:00:26",,"2019/03/01 00:00:00",1,8.15034
D,P5MIN,CONSTRAINTSOLUTION,6,"2019/05/16 06:05:00",0,"2019/05/16 06:05:00",N>>N-NIL_49,994.96131,0,0,"2019/05/16 06:00:26",,"2019/03/01 00:00:00",1,-7.90796
D,P5MIN,CONSTRAINTSOLUTION,6,"2019/05/16 06:05:00",0,"2019/05/16 06:05:00",N>>N-NIL_56,1983.04051,0,0,"2019/05/16 06:00:26",,"2019/03/01 00:00:00",1,98.84847
D,P5MIN,CONSTRAINTSOLUTION,6,"2019/05/16 06:05:00",0,"2019/05/16 06:05:00",N>>N-NIL_57,986.14046,0,0,"2019/05/16 06:00:26",,"2019/03/01 00:00:00",1,-16.587
D,P5MIN,CONSTRAINTSOLUTION,6,"2019/05/16 06:05:00",0,"2019/05/16 06:05:00",N>>N-NIL_58,6067.72175,0,0,"2019/05/16 06:00:26",,"2019/02/28 00:00:00",1,711.78031
D,P5MIN,CONSTRAINTSOLUTION,6,"2019/05/16 06:05:00",0,"2019/05/16 06:05:00",N>>N-NIL_59,6070.07924,0,0,"2019/05/16 06:00:26",,"2019/02/28 00:00:00",1,750.40585
D,P5MIN,CONSTRAINTSOLUTION,6,"2019/05/16 06:05:00",0,"2019/05/16 06:05:00",N>>N-NIL_60,1939.63496,0,0,"2019/05/16 06:00:26",,"2019/03/01 00:00:00",1,98.10004
D,P5MIN,CONSTRAINTSOLUTION,6,"2019/05/16 06:05:00",0,"2019/05/16 06:05:00",N>>N-NIL_61,1979.20537,0,0,"2019/05/16 06:00:26",,"2019/03/01 00:00:00",1,98.49459
D,P5MIN,CONSTRAINTSOLUTION,6,"2019/05/16 06:05:00",0,"2019/05/16 06:05:00",N>>N-NIL_62,1628.68103,0,0,"2019/05/16 06:00:26",,"2019/03/01 00:00:00",1,6.9328
D,P5MIN,CONSTRAINTSOLUTION,6,"2019/05/16 06:05:00",0,"2019/05/16 06:05:00",N>>N-NIL_63,1644.33208,0,0,"2019/05/16 06:00:26",,"2019/03/01 00:00:00",1,7.47906
D,P5MIN,CONSTRAINTSOLUTION,6,"2019/05/16 06:05:00",0,"2019/05/16 06:05:00",N>>N-NIL_64,5706.61892,0,0,"2019/05/16 06:00:26",,"2019/02/28 00:00:00",1,2230.45061
D,P5MIN,CONSTRAINTSOLUTION,6,"2019/05/16 06:05:00",0,"2019/05/16 06:05:00",N>>N-NIL_65,5458.4582,0,0,"2019/05/16 06:00:26",,"2019/02/28 00:00:00",1,2083.43568
D,P5MIN,CONSTRAINTSOLUTION,6,"2019/05/16 06:05:00",0,"2019/05/16 06:05:00",N>>N-NIL_8E_8C,1322,0,0,"2019/05/16 06:00:26",,"2019/01/11 00:00:00",1,560.90228
D,P5MIN,CONSTRAINTSOLUTION,6,"2019/05/16 06:05:00",0,"2019/05/16 06:05:00",N>>N-NIL_996_IN,615.25105,0,0,"2019/05/16 06:00:26",,"2019/05/06 00:00:00",1,119.72008
D,P5MIN,CONSTRAINTSOLUTION,6,"2019/05/16 06:05:00",0,"2019/05/16 06:05:00",N>>N-NIL_DPTX,471.93838,0,0,"2019/05/16 06:00:26",,"2019/05/06 00:00:00",1,-53.18403
D,P5MIN,CONSTRAINTSOLUTION,6,"2019/05/16 06:05:00",0,"2019/05/16 06:05:00",N>>N-NIL_DPTX_2,840.93783,0,0,"2019/05/16 06:00:26",,"2019/05/06 00:00:00",1,53.18403
D,P5MIN,CONSTRAINTSOLUTION,6,"2019/05/16 06:05:00",0,"2019/05/16 06:05:00",N>>N-NIL_H01,3454.81576,0,0,"2019/05/16 06:00:26",,"2019/03/01 00:00:00",1,96.16505
D,P5MIN,CONSTRAINTSOLUTION,6,"2019/05/16 06:05:00",0,"2019/05/16 06:05:00",N>>N-NIL_H02,4057.83114,0,0,"2019/05/16 06:00:26",,"2019/01/11 00:00:00",1,85.86869
D,P5MIN,CONSTRAINTSOLUTION,6,"2019/05/16 06:05:00",0,"2019/05/16 06:05:00",N>>N-NIL_H03,3841.30008,0,0,"2019/05/16 06:00:26",,"2019/01/11 00:00:00",1,-3.56085
D,P5MIN,CONSTRAINTSOLUTION,6,"2019/05/16 06:05:00",0,"2019/05/16 06:05:00",N>>N-NIL_H051,1281.52656,0,0,"2019/05/16 06:00:26",,"2019/05/06 00:00:00",1,93.7987
D,P5MIN,CONSTRAINTSOLUTION,6,"2019/05/16 06:05:00",0,"2019/05/16 06:05:00",N>>N-NIL_H060,1708.4628,0,0,"2019/05/16 06:00:26",,"2019/05/06 00:00:00",1,-193.69327
D,P5MIN,CONSTRAINTSOLUTION,6,"2019/05/16 06:05:00",0,"2019/05/16 06:05:00",N>>N-NIL_H07,3770.85357,0,0,"2019/05/16 06:00:26",,"2019/03/01 00:00:00",1,-26.62517
D,P5MIN,CONSTRAINTSOLUTION,6,"2019/05/16 06:05:00",0,"2019/05/16 06:05:00",N>>N-NIL_HE,3305.62274,0,0,"2019/05/16 06:00:26",,"2019/01/11 00:00:00",1,-497.73643
D,P5MIN,CONSTRAINTSOLUTION,6,"2019/05/16 06:05:00",0,"2019/05/16 06:05:00",N>>N-NIL_HF,3155.28502,0,0,"2019/05/16 06:00:26",,"2019/05/06 00:00:00",1,173.44414
D,P5MIN,CONSTRAINTSOLUTION,6,"2019/05/16 06:05:00",0,"2019/05/16 06:05:00",N>>N-NIL_HI_15M,3571.41609,0,0,"2019/05/16 06:00:26",,"2019/05/06 00:00:00",1,72.41038
D,P5MIN,CONSTRAINTSOLUTION,6,"2019/05/16 06:05:00",0,"2019/05/16 06:05:00",N>>N-NIL_HK_15M,3700.36067,0,0,"2019/05/16 06:00:26",,"2019/03/01 00:00:00",1,72.20015
D,P5MIN,CONSTRAINTSOLUTION,6,"2019/05/16 06:05:00",0,"2019/05/16 06:05:00",N>>N-NIL_HL,3656.2146,0,0,"2019/05/16 06:00:26",,"2019/05/06 00:00:00",1,-299.66682
D,P5MIN,CONSTRAINTSOLUTION,6,"2019/05/16 06:05:00",0,"2019/05/16 06:05:00",N>>N-NIL_HM,3263.18614,0,0,"2019/05/16 06:00:26",,"2019/05/06 00:00:00",1,299.66682
D,P5MIN,CONSTRAINTSOLUTION,6,"2019/05/16 06:05:00",0,"2019/05/16 06:05:00",N>>N-NIL_HU_15M,3630.59981,0,0,"2019/05/16 06:00:26",,"2019/05/06 00:00:00",1,81.20668
D,P5MIN,CONSTRAINTSOLUTION,6,"2019/05/16 06:05:00",0,"2019/05/16 06:05:00",N>>N-NIL__2_OPENED,667.35753,0,0,"2019/05/16 06:00:26",,"2019/01/11 00:00:00",1,-692.13339
D,P5MIN,CONSTRAINTSOLUTION,6,"2019/05/16 06:05:00",0,"2019/05/16 06:05:00",N>>N-NIL__3_OPENED,665.45266,0,0,"2019/05/16 06:00:26",,"2019/01/11 00:00:00",1,-692.13339
D,P5MIN,CONSTRAINTSOLUTION,6,"2019/05/16 06:05:00",0,"2019/05/16 06:05:00",N>>N-NIL__A_15M,3408.83151,0,0,"2019/05/16 06:00:26",,"2019/05/06 00:00:00",1,13.80505
D,P5MIN,CONSTRAINTSOLUTION,6,"2019/05/16 06:05:00",0,"2019/05/16 06:05:00",N>>N-NIL__B_15M,3031.36241,0,0,"2019/05/16 06:00:26",,"2019/05/06 00:00:00",1,67.26499
D,P5MIN,CONSTRAINTSOLUTION,6,"2019/05/16 06:05:00",0,"2019/05/16 06:05:00",N>>N-NIL__C_15M,3260.94768,0,0,"2019/05/16 06:00:26",,"2019/01/11 00:00:00",1,-8.38729
D,P5MIN,CONSTRAINTSOLUTION,6,"2019/05/16 06:05:00",0,"2019/05/16 06:05:00",N>>N-NIL__D_15M,3267.87317,0,0,"2019/05/16 06:00:26",,"2019/03/01 00:00:00",1,80.22993
D,P5MIN,CONSTRAINTSOLUTION,6,"2019/05/16 06:05:00",0,"2019/05/16 06:05:00",N>>N-NIL__E_15M,2869.65461,0,0,"2019/05/16 06:00:26",,"2019/03/01 00:00:00",1,92.70264
D,P5MIN,CONSTRAINTSOLUTION,6,"2019/05/16 06:05:00",0,"2019/05/16 06:05:00",N>>N-NIL__F_15M,3299.71666,0,0,"2019/05/16 06:00:26",,"2019/01/11 00:00:00",1,89.08195
D,P5MIN,CONSTRAINTSOLUTION,6,"2019/05/16 06:05:00",0,"2019/05/16 06:05:00",N>>N-NIL__G_15M,3612.45946,0,0,"2019/05/16 06:00:26",,"2019/01/11 00:00:00",1,67.46965
D,P5MIN,CONSTRAINTSOLUTION,6,"2019/05/16 06:05:00",0,"2019/05/16 06:05:00",N>>N-NIL__H_15M,3121.0085,0,0,"2019/05/16 06:00:26",,"2019/03/01 00:00:00",1,-20.43982
D,P5MIN,CONSTRAINTSOLUTION,6,"2019/05/16 06:05:00",0,"2019/05/16 06:05:00",N>>N-NIL__K,5717.3186,0,0,"2019/05/16 06:00:26",,"2019/02/28 00:00:00",1,1803.35124
D,P5MIN,CONSTRAINTSOLUTION,6,"2019/05/16 06:05:00",0,"2019/05/16 06:05:00",N>>N-NIL__L,5745.38493,0,0,"2019/05/16 06:00:26",,"2019/02/28 00:00:00",1,1803.35221
D,P5MIN,CONSTRAINTSOLUTION,6,"2019/05/16 06:05:00",0,"2019/05/16 06:05:00",N>>N-NIL__M,4352.13955,0,0,"2019/05/16 06:00:26",,"2019/02/28 00:00:00",1,672.23584
D,P5MIN,CONSTRAINTSOLUTION,6,"2019/05/16 06:05:00",0,"2019/05/16 06:05:00",N>>N-NIL__N,6112.25092,0,0,"2019/05/16 06:00:26",,"2019/02/28 00:00:00",1,672.3294
D,P5MIN,CONSTRAINTSOLUTION,6,"2019/05/16 06:05:00",0,"2019/05/16 06:05:00",N>>N-NIL__O,6114.5004,0,0,"2019/05/16 06:00:26",,"2019/02/28 00:00:00",1,704.1788
D,P5MIN,CONSTRAINTSOLUTION,6,"2019/05/16 06:05:00",0,"2019/05/16 06:05:00",N>>N-NIL__P,5059.93297,0,0,"2019/05/16 06:00:26",,"2019/02/28 00:00:00",1,1075.37886
D,P5MIN,CONSTRAINTSOLUTION,6,"2019/05/16 06:05:00",0,"2019/05/16 06:05:00",N>>N-NIL__R,5999.0241,0,0,"2019/05/16 06:00:26",,"2019/02/28 00:00:00",1,845.26558
D,P5MIN,CONSTRAINTSOLUTION,6,"2019/05/16 06:05:00",0,"2019/05/16 06:05:00",N>>N-NIL__S,3818.64219,0,0,"2019/05/16 06:00:26",,"2019/02/28 00:00:00",1,1721.54436
D,P5MIN,CONSTRAINTSOLUTION,6,"2019/05/16 06:05:00",0,"2019/05/16 06:05:00",N>>Q-BWLD_ONE,430.0696,0,0,"2019/05/16 06:00:26",,"2019/03/06 00:00:00",1,-1231.54043
D,P5MIN,CONSTRAINTSOLUTION,6,"2019/05/16 06:05:00",0,"2019/05/16 06:05:00",N>>V-NIL_0X1,543.90936,0,0,"2019/05/16 06:00:26",,"2019/05/06 00:00:00",1,130.89919
D,P5MIN,CONSTRAINTSOLUTION,6,"2019/05/16 06:05:00",0,"2019/05/16 06:05:00",N>>V-NIL_HC,992.79186,0,0,"2019/05/16 06:00:26",,"2019/05/06 00:00:00",1,295.16959
D,P5MIN,CONSTRAINTSOLUTION,6,"2019/05/16 06:05:00",0,"2019/05/16 06:05:00",N>>V-NIL_HD,1057.22659,0,0,"2019/05/16 06:00:26",,"2019/05/06 00:00:00",1,268.73119
D,P5MIN,CONSTRAINTSOLUTION,6,"2019/05/16 06:05:00",0,"2019/05/16 06:05:00",N>>V-NIL_HJ,1016.363,0,0,"2019/05/16 06:00:26",,"2019/05/06 00:00:00",1,360.43383
D,P5MIN,CONSTRAINTSOLUTION,6,"2019/05/16 06:05:00",0,"2019/05/16 06:05:00",N>>V-NIL_HK,2748.73178,0,0,"2019/05/16 06:00:26",,"2019/05/06 00:00:00",1,170.52187
D,P5MIN,CONSTRAINTSOLUTION,6,"2019/05/16 06:05:00",0,"2019/05/16 06:05:00",N>>V-NIL_N,1293.50445,0,0,"2019/05/16 06:00:26",,"2019/01/11 00:00:00",1,191.43203
D,P5MIN,CONSTRAINTSOLUTION,6,"2019/05/16 06:05:00",0,"2019/05/16 06:05:00",N>>V-NIL_O,651.76447,0,0,"2019/05/16 06:00:26",,"2019/01/11 00:00:00",1,325.79759
D,P5MIN,CONSTRAINTSOLUTION,6,"2019/05/16 06:05:00",0,"2019/05/16 06:05:00",N>N-ARKK_CH_CB892A,9983.5,0,0,"2019/05/16 06:00:26",,"2016/01/11 00:00:00",1,-41
D,P5MIN,CONSTRAINTSOLUTION,6,"2019/05/16 06:05:00",0,"2019/05/16 06:05:00",N>N-ARKK_C_BYPASS,10635.15687,0,0,"2019/05/16 06:00:26",,"2018/09/14 00:00:00",1,110.50335
D,P5MIN,CONSTRAINTSOLUTION,6,"2019/05/16 06:05:00",0,"2019/05/16 06:05:00",N>N-ARKK_C_PSTMAN,10734.56205,0,0,"2019/05/16 06:00:26",,"2019/03/08 00:00:00",1,109.88271
D,P5MIN,CONSTRAINTSOLUTION,6,"2019/05/16 06:05:00",0,"2019/05/16 06:05:00",N>N-KC_TX_07,1765.36853,0,0,"2019/05/16 06:00:26",,"2019/03/08 00:00:00",1,1398.20833
D,P5MIN,CONSTRAINTSOLUTION,6,"2019/05/16 06:05:00",0,"2019/05/16 06:05:00",N>N-NIL_8J_8C,1322,0,0,"2019/05/16 06:00:26",,"2019/01/11 00:00:00",1,331.58228
D,P5MIN,CONSTRAINTSOLUTION,6,"2019/05/16 06:05:00",0,"2019/05/16 06:05:00",N>N-NIL_DC,1476.87336,0,0,"2019/05/16 06:00:26",,"2019/01/21 00:00:00",1,680.68098
D,P5MIN,CONSTRAINTSOLUTION,6,"2019/05/16 06:05:00",0,"2019/05/16 06:05:00",N>N-NIL_F7_15M,828.23946,0,0,"2019/05/16 06:00:26",,"2019/01/11 00:00:00",1,-680.68098
D,P5MIN,CONSTRAINTSOLUTION,6,"2019/05/16 06:05:00",0,"2019/05/16 06:05:00",N>N-NIL_LSDU,91.33259,0,0,"2019/05/16 06:00:26",,"2019/01/11 00:00:00",1,-41
D,P5MIN,CONSTRAINTSOLUTION,6,"2019/05/16 06:05:00",0,"2019/05/16 06:05:00",N>N-NIL_MBDU,221.45999,0,0,"2019/05/16 06:00:26",,"2019/01/11 00:00:00",1,41
D,P5MIN,CONSTRAINTSOLUTION,6,"2019/05/16 06:05:00",0,"2019/05/16 06:05:00",N>N-NIL_TE_D2,268.18667,0,0,"2019/05/16 06:00:26",,"2019/01/11 00:00:00",1,-41
D,P5MIN,CONSTRAINTSOLUTION,6,"2019/05/16 06:05:00",0,"2019/05/16 06:05:00",N>N-NIL_TE_E1,9982.66667,0,0,"2019/05/16 06:00:26",,"2019/01/11 00:00:00",1,-41
D,P5MIN,CONSTRAINTSOLUTION,6,"2019/05/16 06:05:00",0,"2019/05/16 06:05:00",N>N-NIL_TE_E2,9982.66667,0,0,"2019/05/16 06:00:26",,"2019/01/11 00:00:00",1,-41
D,P5MIN,CONSTRAINTSOLUTION,6,"2019/05/16 06:05:00",0,"2019/05/16 06:05:00",N>N-NIL_TE_LOAD,9999,0,0,"2019/05/16 06:00:26",,"2013/08/21 00:00:00",1,41
D,P5MIN,CONSTRAINTSOLUTION,6,"2019/05/16 06:05:00",0,"2019/05/16 06:05:00",N>N-NIL__4_15M,663.69224,0,0,"2019/05/16 06:00:26",,"2019/01/11 00:00:00",1,-691.79957
D,P5MIN,CONSTRAINTSOLUTION,6,"2019/05/16 06:05:00",0,"2019/05/16 06:05:00",N>N-NIL__7,1569.46299,0,0,"2019/05/16 06:00:26",,"2019/01/11 00:00:00",1,-680.68098
D,P5MIN,CONSTRAINTSOLUTION,6,"2019/05/16 06:05:00",0,"2019/05/16 06:05:00",NQTE_ROC,30.2,0,0,"2019/05/16 06:00:26",,"2010/11/08 00:00:00",2,-41
D,P5MIN,CONSTRAINTSOLUTION,6,"2019/05/16 06:05:00",0,"2019/05/16 06:05:00",NRM_NSW1_QLD1,10000,0,0,"2019/05/16 06:00:26",,"2012/06/12 00:00:00",1,-372.58228
D,P5MIN,CONSTRAINTSOLUTION,6,"2019/05/16 06:05:00",0,"2019/05/16 06:05:00",NRM_NSW1_VIC1,10380.77325,0,0,"2019/05/16 06:00:26",,"2012/06/12 00:00:00",1,375.37603
D,P5MIN,CONSTRAINTSOLUTION,6,"2019/05/16 06:05:00",0,"2019/05/16 06:05:00",NRM_QLD1_NSW1,10407.63081,0,0,"2019/05/16 06:00:26",,"2012/06/12 00:00:00",1,372.58228
D,P5MIN,CONSTRAINTSOLUTION,6,"2019/05/16 06:05:00",0,"2019/05/16 06:05:00",NRM_SA1_VIC1,10146.84035,0,0,"2019/05/16 06:00:26",,"2012/06/12 00:00:00",1,169.28186
D,P5MIN,CONSTRAINTSOLUTION,6,"2019/05/16 06:05:00",0,"2019/05/16 06:05:00",NRM_VIC1_NSW1,10000,0,0,"2019/05/16 06:00:26",,"2012/06/12 00:00:00",1,-375.37603
D,P5MIN,CONSTRAINTSOLUTION,6,"2019/05/16 06:05:00",0,"2019/05/16 06:05:00",NRM_VIC1_SA1,10000,0,0,"2019/05/16 06:00:26",,"2012/06/12 00:00:00",1,-169.28186
D,P5MIN,CONSTRAINTSOLUTION,6,"2019/05/16 06:05:00",0,"2019/05/16 06:05:00",N^^N_NIL_1,2576.4175,0,0,"2019/05/16 06:00:26",,"2018/05/02 00:00:00",1,44.03669
D,P5MIN,CONSTRAINTSOLUTION,6,"2019/05/16 06:05:00",0,"2019/05/16 06:05:00",N^^Q_NIL_A,443.63215,0,0,"2019/05/16 06:00:26",,"2017/12/06 00:00:00",1,-487.24228
D,P5MIN,CONSTRAINTSOLUTION,6,"2019/05/16 06:05:00",0,"2019/05/16 06:05:00",N^^Q_NIL_B,622.60473,0,0,"2019/05/16 06:00:26",,"2017/12/06 00:00:00",1,-472.07228
D,P5MIN,CONSTRAINTSOLUTION,6,"2019/05/16 06:05:00",0,"2019/05/16 06:05:00",N^^Q_NIL_B1,937.24474,0,0,"2019/05/16 06:00:26",,"2017/12/06 00:00:00",1,202.92772
D,P5MIN,CONSTRAINTSOLUTION,6,"2019/05/16 06:05:00",0,"2019/05/16 06:05:00",N^^Q_NIL_B2,937.24474,0,0,"2019/05/16 06:00:26",,"2017/12/06 00:00:00",1,-85.07228
D,P5MIN,CONSTRAINTSOLUTION,6,"2019/05/16 06:05:00",0,"2019/05/16 06:05:00",N^^Q_NIL_B3,937.24474,0,0,"2019/05/16 06:00:26",,"2017/12/06 00:00:00",1,-80.57228
D,P5MIN,CONSTRAINTSOLUTION,6,"2019/05/16 06:05:00",0,"2019/05/16 06:05:00",N^^Q_NIL_B4,897.24474,0,0,"2019/05/16 06:00:26",,"2017/12/06 00:00:00",1,-139.70226
D,P5MIN,CONSTRAINTSOLUTION,6,"2019/05/16 06:05:00",0,"2019/05/16 06:05:00",N^^Q_NIL_B5,907.24474,0,0,"2019/05/16 06:00:26",,"2017/12/06 00:00:00",1,-106.67228
D,P5MIN,CONSTRAINTSOLUTION,6,"2019/05/16 06:05:00",0,"2019/05/16 06:05:00",N^^Q_NIL_B6,907.24474,0,0,"2019/05/16 06:00:26",,"2017/12/06 00:00:00",1,-106.67228
D,P5MIN,CONSTRAINTSOLUTION,6,"2019/05/16 06:05:00",0,"2019/05/16 06:05:00",N^^Q_WIV_N-2,937.24474,0,0,"2019/05/16 06:00:26",,"2018/01/19 00:00:00",1,-472.07228
D,P5MIN,CONSTRAINTSOLUTION,6,"2019/05/16 06:05:00",0,"2019/05/16 06:05:00",N^^V_NIL_1,120.34791,-3.30824,0,"2019/05/16 06:00:26",,"2019/05/15 00:00:00",1,120.34791
D,P5MIN,CONSTRAINTSOLUTION,6,"2019/05/16 06:05:00",0,"2019/05/16 06:05:00",N_NIL_TE_A,163.5,0,0,"2019/05/16 06:00:26",,"2012/07/04 00:00:00",1,-41
D,P5MIN,CONSTRAINTSOLUTION,6,"2019/05/16 06:05:00",0,"2019/05/16 06:05:00",N_NIL_TE_B,196.5,0,0,"2019/05/16 06:00:26",,"2012/07/04 00:00:00",1,41
D,P5MIN,CONSTRAINTSOLUTION,6,"2019/05/16 06:05:00",0,"2019/05/16 06:05:00",N_V_HV1700_OSC_AUTO,11768.10001,0,0,"2019/05/16 06:00:26",,"2013/07/19 00:00:00",1,470.37603
D,P5MIN,CONSTRAINTSOLUTION,6,"2019/05/16 06:05:00",0,"2019/05/16 06:05:00",Q::N_BI_POT_WIV_N-2,1209.34247,0,0,"2019/05/16 06:00:26",,"2018/01/16 00:00:00",1,423.31028
D,P5MIN,CONSTRAINTSOLUTION,6,"2019/05/16 06:05:00",0,"2019/05/16 06:05:00",Q::N_NIL_AR_2L-G,1111.64688,0,0,"2019/05/16 06:00:26",,"2018/01/15 00:00:00",2,544.16192
D,P5MIN,CONSTRAINTSOLUTION,6,"2019/05/16 06:05:00",0,"2019/05/16 06:05:00",Q::N_NIL_BI_POT,1209.33249,0,0,"2019/05/16 06:00:26",,"2018/01/15 00:00:00",2,423.31028
D,P5MIN,CONSTRAINTSOLUTION,6,"2019/05/16 06:05:00",0,"2019/05/16 06:05:00",Q:NIL_CS,4280.83523,0,0,"2019/05/16 06:00:26",,"2018/12/27 00:00:00",1,3141.689
D,P5MIN,CONSTRAINTSOLUTION,6,"2019/05/16 06:05:00",0,"2019/05/16 06:05:00",Q:N_NIL_BWRG,1412.046,0,0,"2019/05/16 06:00:26",,"2013/10/23 00:00:00",1,331.58228
D,P5MIN,CONSTRAINTSOLUTION,6,"2019/05/16 06:05:00",0,"2019/05/16 06:05:00",Q:N_NIL_LDNC,1413.98581,0,0,"2019/05/16 06:00:26",,"2013/10/23 00:00:00",1,331.58228
D,P5MIN,CONSTRAINTSOLUTION,6,"2019/05/16 06:05:00",0,"2019/05/16 06:05:00",Q:N_NIL_OSC,1200,0,0,"2019/05/16 06:00:26",,"2013/07/25 00:00:00",1,331.58228
D,P5MIN,CONSTRAINTSOLUTION,6,"2019/05/16 06:05:00",0,"2019/05/16 06:05:00",Q>>LCCP_BCCP_CLWU_2,2990.92083,0,0,"2019/05/16 06:00:26",,"2018/12/27 00:00:00",1,1946.52754
D,P5MIN,CONSTRAINTSOLUTION,6,"2019/05/16 06:05:00",0,"2019/05/16 06:05:00",Q>>LCCP_CLWU_BCCP_2,2573.63352,0,0,"2019/05/16 06:00:26",,"2018/12/27 00:00:00",1,1748.48556
D,P5MIN,CONSTRAINTSOLUTION,6,"2019/05/16 06:05:00",0,"2019/05/16 06:05:00",Q>>NIL_MRGB_MRTX1,11094.27861,0,0,"2019/05/16 06:00:26",,"2019/01/11 00:00:00",1,1115.01351
D,P5MIN,CONSTRAINTSOLUTION,6,"2019/05/16 06:05:00",0,"2019/05/16 06:05:00",Q>>NIL_MRTX5_MRTX4,3119.12061,0,0,"2019/05/16 06:00:26",,"2019/01/11 00:00:00",1,1293.20753
D,P5MIN,CONSTRAINTSOLUTION,6,"2019/05/16 06:05:00",0,"2019/05/16 06:05:00",Q>>WOPW_WOSP_WOGP_1,2914.30109,0,0,"2019/05/16 06:00:26",,"2019/04/10 00:00:00",1,2234.75517
D,P5MIN,CONSTRAINTSOLUTION,6,"2019/05/16 06:05:00",0,"2019/05/16 06:05:00",Q>>WOPW_WOSP_WOGP_2,2775.29108,0,0,"2019/05/16 06:00:26",,"2019/04/10 00:00:00",1,2234.79973
D,P5MIN,CONSTRAINTSOLUTION,6,"2019/05/16 06:05:00",0,"2019/05/16 06:05:00",Q>N-NIL_8L_8M,1379,0,0,"2019/05/16 06:00:26",,"2013/08/21 00:00:00",1,331.58228
D,P5MIN,CONSTRAINTSOLUTION,6,"2019/05/16 06:05:00",0,"2019/05/16 06:05:00",Q>NIL_BI_CAGS_CALV_O,531.94306,0,0,"2019/05/16 06:00:26",,"2019/01/11 00:00:00",1,169.768
D,P5MIN,CONSTRAINTSOLUTION,6,"2019/05/16 06:05:00",0,"2019/05/16 06:05:00",Q>NIL_MRTA_A,9990,0,0,"2019/05/16 06:00:26",,"2019/01/11 00:00:00",1,0
D,P5MIN,CONSTRAINTSOLUTION,6,"2019/05/16 06:05:00",0,"2019/05/16 06:05:00",Q>NIL_MRTA_B,9990,0,0,"2019/05/16 06:00:26",,"2019/01/11 00:00:00",1,0
D,P5MIN,CONSTRAINTSOLUTION,6,"2019/05/16 06:05:00",0,"2019/05/16 06:05:00",Q>NIL_MRTA_C,371.25,0,0,"2019/05/16 06:00:26",,"2019/01/11 00:00:00",1,0
D,P5MIN,CONSTRAINTSOLUTION,6,"2019/05/16 06:05:00",0,"2019/05/16 06:05:00",Q>NIL_MUTE_757,201.6,0,0,"2019/05/16 06:00:26",,"2014/09/02 00:00:00",1,41
D,P5MIN,CONSTRAINTSOLUTION,6,"2019/05/16 06:05:00",0,"2019/05/16 06:05:00",Q>NIL_MUTE_758,201.6,0,0,"2019/05/16 06:00:26",,"2014/09/02 00:00:00",1,41
D,P5MIN,CONSTRAINTSOLUTION,6,"2019/05/16 06:05:00",0,"2019/05/16 06:05:00",Q>NIL_TV66,410.96679,0,0,"2019/05/16 06:00:26",,"2018/08/20 00:00:00",1,0
D,P5MIN,CONSTRAINTSOLUTION,6,"2019/05/16 06:05:00",0,"2019/05/16 06:05:00",QNI_SOUTH_1150_DYN,1150,0,0,"2019/05/16 06:00:26",,"2019/01/30 00:00:00",1,331.58228
D,P5MIN,CONSTRAINTSOLUTION,6,"2019/05/16 06:05:00",0,"2019/05/16 06:05:00",QNTE_ROC,129.8,0,0,"2019/05/16 06:00:26",,"2010/11/08 00:00:00",3,41
D,P5MIN,CONSTRAINTSOLUTION,6,"2019/05/16 06:05:00",0,"2019/05/16 06:05:00",QN_1078_OSC_AUTO,11078,0,0,"2019/05/16 06:00:26",,"2013/07/25 00:00:00",1,331.58228
D,P5MIN,CONSTRAINTSOLUTION,6,"2019/05/16 06:05:00",0,"2019/05/16 06:05:00",Q^NIL_CN_FDR,-563.51351,0,0,"2019/05/16 06:00:26",,"2018/08/28 00:00:00",1,190.224
D,P5MIN,CONSTRAINTSOLUTION,6,"2019/05/16 06:05:00",0,"2019/05/16 06:05:00",Q^NIL_CN_GT,-709.99691,0,0,"2019/05/16 06:00:26",,"2018/08/28 00:00:00",1,144
D,P5MIN,CONSTRAINTSOLUTION,6,"2019/05/16 06:05:00",0,"2019/05/16 06:05:00",Q^NIL_FNQ,-316.00347,0,0,"2019/05/16 06:00:26",,"2018/08/28 00:00:00",1,144
D,P5MIN,CONSTRAINTSOLUTION,6,"2019/05/16 06:05:00",0,"2019/05/16 06:05:00",Q^NIL_GC,-5907.54542,0,0,"2019/05/16 06:00:26",,"2013/08/21 00:00:00",1,-41
D,P5MIN,CONSTRAINTSOLUTION,6,"2019/05/16 06:05:00",0,"2019/05/16 06:05:00",Q^^CS_-080,2978.92464,0,0,"2019/05/16 06:00:26",,"2018/08/30 00:00:00",1,1908.10621
D,P5MIN,CONSTRAINTSOLUTION,6,"2019/05/16 06:05:00",0,"2019/05/16 06:05:00",Q^^NIL_CS,3058.92463,0,0,"2019/05/16 06:00:26",,"2018/08/30 00:00:00",1,1908.10621
D,P5MIN,CONSTRAINTSOLUTION,6,"2019/05/16 06:05:00",0,"2019/05/16 06:05:00",Q^^NIL_QNI_SRAR,973.86409,0,0,"2019/05/16 06:00:26",,"2019/04/11 00:00:00",1,570.07508
D,P5MIN,CONSTRAINTSOLUTION,6,"2019/05/16 06:05:00",0,"2019/05/16 06:05:00",Q^^NIL_TR_CLHA,5547.07014,0,0,"2019/05/16 06:00:26",,"2018/12/19 00:00:00",1,3216.18029
D,P5MIN,CONSTRAINTSOLUTION,6,"2019/05/16 06:05:00",0,"2019/05/16 06:05:00",Q^^NIL_TR_TRBK,5779.09915,0,0,"2019/05/16 06:00:26",,"2018/12/19 00:00:00",1,3531.08874
D,P5MIN,CONSTRAINTSOLUTION,6,"2019/05/16 06:05:00",0,"2019/05/16 06:05:00",Q^^TR_CLHA_-250,5057.5812,0,0,"2019/05/16 06:00:26",,"2018/12/19 00:00:00",1,3216.18029
D,P5MIN,CONSTRAINTSOLUTION,6,"2019/05/16 06:05:00",0,"2019/05/16 06:05:00",Q^^TR_TRBK_-150,5482.82282,0,0,"2019/05/16 06:00:26",,"2018/12/19 00:00:00",1,3531.08874
D,P5MIN,CONSTRAINTSOLUTION,6,"2019/05/16 06:05:00",0,"2019/05/16 06:05:00",Q_CS_2000,4198.67471,0,0,"2019/05/16 06:00:26",,"2019/01/15 00:00:00",1,3141.689
D,P5MIN,CONSTRAINTSOLUTION,6,"2019/05/16 06:05:00",0,"2019/05/16 06:05:00",S::V_NIL_TBSE_1,660.07794,0,0,"2019/05/16 06:00:26",,"2019/03/21 00:00:00",1,157.29352
D,P5MIN,CONSTRAINTSOLUTION,6,"2019/05/16 06:05:00",0,"2019/05/16 06:05:00",S::V_NIL_TBSE_2-DS,10000,0,0,"2019/05/16 06:00:26",,"2019/03/21 00:00:00",1,157.03039
D,P5MIN,CONSTRAINTSOLUTION,6,"2019/05/16 06:05:00",0,"2019/05/16 06:05:00",S:VS_580_OSC_AUTO_1,10000,0,0,"2019/05/16 06:00:26",,"2016/06/30 00:00:00",1,169.28186
D,P5MIN,CONSTRAINTSOLUTION,6,"2019/05/16 06:05:00",0,"2019/05/16 06:05:00",S:VS_650_HY_TEST,650,0,0,"2019/05/16 06:00:26",,"2018/08/07 00:00:00",1,169.28186
D,P5MIN,CONSTRAINTSOLUTION,6,"2019/05/16 06:05:00",0,"2019/05/16 06:05:00",S:VS_650_HY_TEST_DYN,650,0,0,"2019/05/16 06:00:26",,"2015/11/25 00:00:00",1,169.28186
D,P5MIN,CONSTRAINTSOLUTION,6,"2019/05/16 06:05:00",0,"2019/05/16 06:05:00",S:VS_700_1,10000,0,0,"2019/05/16 06:00:26",,"2016/08/16 00:00:00",1,169.28186
D,P5MIN,CONSTRAINTSOLUTION,6,"2019/05/16 06:05:00",0,"2019/05/16 06:05:00",S:VS_700_OSC_AUTO,10700,0,0,"2019/05/16 06:00:26",,"2016/06/30 00:00:00",1,169.28186
D,P5MIN,CONSTRAINTSOLUTION,6,"2019/05/16 06:05:00",0,"2019/05/16 06:05:00",S:VS_800,800,0,0,"2019/05/16 06:00:26",,"2018/08/07 00:00:00",1,169.28186
D,P5MIN,CONSTRAINTSOLUTION,6,"2019/05/16 06:05:00",0,"2019/05/16 06:05:00",S:V_460_OSC_AUTO_1,10000,0,0,"2019/05/16 06:00:26",,"2016/06/30 00:00:00",1,160
D,P5MIN,CONSTRAINTSOLUTION,6,"2019/05/16 06:05:00",0,"2019/05/16 06:05:00",S:V_500_HY_TEST,500,0,0,"2019/05/16 06:00:26",,"2018/08/07 00:00:00",1,160
D,P5MIN,CONSTRAINTSOLUTION,6,"2019/05/16 06:05:00",0,"2019/05/16 06:05:00",S:V_500_HY_TEST_DYN,500,0,0,"2019/05/16 06:00:26",,"2015/11/25 00:00:00",1,160
D,P5MIN,CONSTRAINTSOLUTION,6,"2019/05/16 06:05:00",0,"2019/05/16 06:05:00",S:V_550_1,10000,0,0,"2019/05/16 06:00:26",,"2016/08/16 00:00:00",1,160
D,P5MIN,CONSTRAINTSOLUTION,6,"2019/05/16 06:05:00",0,"2019/05/16 06:05:00",S:V_550_OSC_AUTO,10550,0,0,"2019/05/16 06:00:26",,"2016/06/30 00:00:00",1,160
D,P5MIN,CONSTRAINTSOLUTION,6,"2019/05/16 06:05:00",0,"2019/05/16 06:05:00",S:V_650,650,0,0,"2019/05/16 06:00:26",,"2018/08/07 00:00:00",1,160
D,P5MIN,CONSTRAINTSOLUTION,6,"2019/05/16 06:05:00",0,"2019/05/16 06:05:00",S>>HUBG_AWHU_WEWT,325.07029,0,0,"2019/05/16 06:00:26",,"2019/05/15 00:00:00",1,58.57428
D,P5MIN,CONSTRAINTSOLUTION,6,"2019/05/16 06:05:00",0,"2019/05/16 06:05:00",S>>HUBG_BGDV_WEMWP4,258.26571,0,0,"2019/05/16 06:00:26",,"2019/05/15 00:00:00",1,-38.95452
D,P5MIN,CONSTRAINTSOLUTION,6,"2019/05/16 06:05:00",0,"2019/05/16 06:05:00",S>>HUBG_BGDV_WTWE,322.97104,0,0,"2019/05/16 06:00:26",,"2019/05/15 00:00:00",1,-71.59397
D,P5MIN,CONSTRAINTSOLUTION,6,"2019/05/16 06:05:00",0,"2019/05/16 06:05:00",S>>HUBG_BLDV_WEWT,326.96675,0,0,"2019/05/16 06:00:26",,"2019/05/15 00:00:00",1,69.51422
D,P5MIN,CONSTRAINTSOLUTION,6,"2019/05/16 06:05:00",0,"2019/05/16 06:05:00",S>>HUBG_BLDV_WTTP,474.2596,0,0,"2019/05/16 06:00:26",,"2019/05/15 00:00:00",1,83.82815
D,P5MIN,CONSTRAINTSOLUTION,6,"2019/05/16 06:05:00",0,"2019/05/16 06:05:00",S>>HUBG_BWMP_WEWT,326.96174,0,0,"2019/05/16 06:00:26",,"2019/03/13 00:00:00",1,54.99354
D,P5MIN,CONSTRAINTSOLUTION,6,"2019/05/16 06:05:00",0,"2019/05/16 06:05:00",S>>HUBG_LKDV_WEWT,321.65168,0,0,"2019/05/16 06:00:26",,"2019/05/15 00:00:00",1,81.70944
D,P5MIN,CONSTRAINTSOLUTION,6,"2019/05/16 06:05:00",0,"2019/05/16 06:05:00",S>>HUBG_LKDV_WTTP,517.56845,0,0,"2019/05/16 06:00:26",,"2019/05/15 00:00:00",1,86.87685
D,P5MIN,CONSTRAINTSOLUTION,6,"2019/05/16 06:05:00",0,"2019/05/16 06:05:00",S>>HUBG_MNCLN_WEMWP4,205.10352,0,0,"2019/05/16 06:00:26",,"2019/05/15 00:00:00",1,-29.91873
D,P5MIN,CONSTRAINTSOLUTION,6,"2019/05/16 06:05:00",0,"2019/05/16 06:05:00",S>>HUBG_MNCLN_WTWE,272.94601,0,0,"2019/05/16 06:00:26",,"2019/05/15 00:00:00",1,-48.55049
D,P5MIN,CONSTRAINTSOLUTION,6,"2019/05/16 06:05:00",0,"2019/05/16 06:05:00",S>>HUBG_RBTU_WEWT,312.48822,0,0,"2019/05/16 06:00:26",,"2019/05/15 00:00:00",1,90.70917
D,P5MIN,CONSTRAINTSOLUTION,6,"2019/05/16 06:05:00",0,"2019/05/16 06:05:00",S>>HUBG_RBTU_WTTP,482.6273,0,0,"2019/05/16 06:00:26",,"2019/05/15 00:00:00",1,115.91411
D,P5MIN,CONSTRAINTSOLUTION,6,"2019/05/16 06:05:00",0,"2019/05/16 06:05:00",S>>HUBG_RBTX1_WEWT,305.60288,0,0,"2019/05/16 06:00:26",,"2019/05/15 00:00:00",1,48.48976
D,P5MIN,CONSTRAINTSOLUTION,6,"2019/05/16 06:05:00",0,"2019/05/16 06:05:00",S>>HUBG_WTTP_WEMWP4,223.41597,0,0,"2019/05/16 06:00:26",,"2019/05/15 00:00:00",1,7.57185
D,P5MIN,CONSTRAINTSOLUTION,6,"2019/05/16 06:05:00",0,"2019/05/16 06:05:00",S>>HUBG_WTTP_WTWE,287.65524,0,0,"2019/05/16 06:00:26",,"2019/05/15 00:00:00",1,-6.75192
D,P5MIN,CONSTRAINTSOLUTION,6,"2019/05/16 06:05:00",0,"2019/05/16 06:05:00",S>>NIL_BGBW_BRTW,1266.82377,0,0,"2019/05/16 06:00:26",,"2019/05/15 00:00:00",1,229.67551
D,P5MIN,CONSTRAINTSOLUTION,6,"2019/05/16 06:05:00",0,"2019/05/16 06:05:00",S>>NIL_BRTW_WEP4,367.74717,0,0,"2019/05/16 06:00:26",,"2019/05/15 00:00:00",1,-4.2358
D,P5MIN,CONSTRAINTSOLUTION,6,"2019/05/16 06:05:00",0,"2019/05/16 06:05:00",S>>NIL_BRTW_WTTP,574.31211,0,0,"2019/05/16 06:00:26",,"2019/05/15 00:00:00",1,133.22036
D,P5MIN,CONSTRAINTSOLUTION,6,"2019/05/16 06:05:00",0,"2019/05/16 06:05:00",S>>NIL_BRTX_WEP4,326.74699,0,0,"2019/05/16 06:00:26",,"2019/05/15 00:00:00",1,-17.91755
D,P5MIN,CONSTRAINTSOLUTION,6,"2019/05/16 06:05:00",0,"2019/05/16 06:05:00",S>>NIL_BRTX_WTTP,531.07468,0,0,"2019/05/16 06:00:26",,"2019/05/15 00:00:00",1,95.19287
D,P5MIN,CONSTRAINTSOLUTION,6,"2019/05/16 06:05:00",0,"2019/05/16 06:05:00",S>>NIL_BWMP_BRTW,1266.09981,0,0,"2019/05/16 06:00:26",,"2019/05/15 00:00:00",1,273.80205
D,P5MIN,CONSTRAINTSOLUTION,6,"2019/05/16 06:05:00",0,"2019/05/16 06:05:00",S>>NIL_BWMP_TPRS,468.65717,0,0,"2019/05/16 06:00:26",,"2019/05/15 00:00:00",1,96.9999
D,P5MIN,CONSTRAINTSOLUTION,6,"2019/05/16 06:05:00",0,"2019/05/16 06:05:00",S>>NIL_BWMP_TWPA,1138.01822,0,0,"2019/05/16 06:00:26",,"2019/05/15 00:00:00",1,258.91694
D,P5MIN,CONSTRAINTSOLUTION,6,"2019/05/16 06:05:00",0,"2019/05/16 06:05:00",S>>NIL_BWMP_WEP4,286.03978,0,0,"2019/05/16 06:00:26",,"2019/05/15 00:00:00",1,-12.41586
D,P5MIN,CONSTRAINTSOLUTION,6,"2019/05/16 06:05:00",0,"2019/05/16 06:05:00",S>>NIL_BWMP_WTTP,585.69958,0,0,"2019/05/16 06:00:26",,"2019/05/15 00:00:00",1,132.11167
D,P5MIN,CONSTRAINTSOLUTION,6,"2019/05/16 06:05:00",0,"2019/05/16 06:05:00",S>>NIL_CGTB_TUTB_1,685.73305,0,0,"2019/05/16 06:00:26",,"2019/05/15 00:00:00",1,156.27483
D,P5MIN,CONSTRAINTSOLUTION,6,"2019/05/16 06:05:00",0,"2019/05/16 06:05:00",S>>NIL_CNRB_WEMWP4,387.5866,0,0,"2019/05/16 06:00:26",,"2019/05/15 00:00:00",1,25.99788
D,P5MIN,CONSTRAINTSOLUTION,6,"2019/05/16 06:05:00",0,"2019/05/16 06:05:00",S>>NIL_HUBG-T_WEWT,10000,0,0,"2019/05/16 06:00:26",,"2019/05/15 00:00:00",1,58.57428
D,P5MIN,CONSTRAINTSOLUTION,6,"2019/05/16 06:05:00",0,"2019/05/16 06:05:00",S>>NIL_HUBG-T_WEWT2,323.71765,0,0,"2019/05/16 06:00:26",,"2019/05/15 00:00:00",1,58.57428
D,P5MIN,CONSTRAINTSOLUTION,6,"2019/05/16 06:05:00",0,"2019/05/16 06:05:00",S>>NIL_LKDV_WEWT,294.19318,0,0,"2019/05/16 06:00:26",,"2019/05/15 00:00:00",1,73.64689
D,P5MIN,CONSTRAINTSOLUTION,6,"2019/05/16 06:05:00",0,"2019/05/16 06:05:00",S>>NIL_MKRB_WEMWP4,369.02228,0,0,"2019/05/16 06:00:26",,"2019/05/15 00:00:00",1,-9.75612
D,P5MIN,CONSTRAINTSOLUTION,6,"2019/05/16 06:05:00",0,"2019/05/16 06:05:00",S>>NIL_RBPA_RBTU,1191.71083,0,0,"2019/05/16 06:00:26",,"2019/05/15 00:00:00",1,320.76817
D,P5MIN,CONSTRAINTSOLUTION,6,"2019/05/16 06:05:00",0,"2019/05/16 06:05:00",S>>NIL_RBPA_WEWT,314.43635,0,0,"2019/05/16 06:00:26",,"2019/05/15 00:00:00",1,78.49073
D,P5MIN,CONSTRAINTSOLUTION,6,"2019/05/16 06:05:00",0,"2019/05/16 06:05:00",S>>NIL_RBTU_BRTW,1409.33624,0,0,"2019/05/16 06:00:26",,"2019/05/15 00:00:00",1,269.10831
D,P5MIN,CONSTRAINTSOLUTION,6,"2019/05/16 06:05:00",0,"2019/05/16 06:05:00",S>>NIL_RBTU_RBPA,1278.18502,0,0,"2019/05/16 06:00:26",,"2019/05/15 00:00:00",1,319.73951
D,P5MIN,CONSTRAINTSOLUTION,6,"2019/05/16 06:05:00",0,"2019/05/16 06:05:00",S>>NIL_RBTU_TWPA,1123.93755,0,0,"2019/05/16 06:00:26",,"2019/05/15 00:00:00",1,229.12801
D,P5MIN,CONSTRAINTSOLUTION,6,"2019/05/16 06:05:00",0,"2019/05/16 06:05:00",S>>NIL_RBTU_WEWT,307.543,0,0,"2019/05/16 06:00:26",,"2019/05/15 00:00:00",1,86.22211
D,P5MIN,CONSTRAINTSOLUTION,6,"2019/05/16 06:05:00",0,"2019/05/16 06:05:00",S>>NIL_RBTU_WTTP,600.34242,0,0,"2019/05/16 06:00:26",,"2019/05/15 00:00:00",1,146.41471
D,P5MIN,CONSTRAINTSOLUTION,6,"2019/05/16 06:05:00",0,"2019/05/16 06:05:00",S>>NIL_RBTX1_WTWE,281.17152,0,0,"2019/05/16 06:00:26",,"2019/05/15 00:00:00",1,-39.22304
D,P5MIN,CONSTRAINTSOLUTION,6,"2019/05/16 06:05:00",0,"2019/05/16 06:05:00",S>>NIL_SETB_SETB_1,905.69343,0,0,"2019/05/16 06:00:26",,"2019/05/15 00:00:00",1,-156.40151
D,P5MIN,CONSTRAINTSOLUTION,6,"2019/05/16 06:05:00",0,"2019/05/16 06:05:00",S>>NIL_TBCG_TBTU_1,889.35145,0,0,"2019/05/16 06:00:26",,"2019/05/15 00:00:00",1,-156.27483
D,P5MIN,CONSTRAINTSOLUTION,6,"2019/05/16 06:05:00",0,"2019/05/16 06:05:00",S>>NIL_TBSE_PWSE_1,10000,0,0,"2019/05/16 06:00:26",,"2019/03/11 00:00:00",1,37.29147
D,P5MIN,CONSTRAINTSOLUTION,6,"2019/05/16 06:05:00",0,"2019/05/16 06:05:00",S>>NIL_TBSE_TBSE_1,758.19635,0,0,"2019/05/16 06:00:26",,"2019/05/15 00:00:00",1,156.40151
D,P5MIN,CONSTRAINTSOLUTION,6,"2019/05/16 06:05:00",0,"2019/05/16 06:05:00",S>>NIL_TBTU_TBCG_1,942.83266,0,0,"2019/05/16 06:00:26",,"2019/05/15 00:00:00",1,-156.27483
D,P5MIN,CONSTRAINTSOLUTION,6,"2019/05/16 06:05:00",0,"2019/05/16 06:05:00",S>>NIL_TBTU_TBMO_1,434.7422,0,0,"2019/05/16 06:00:26",,"2019/05/15 00:00:00",1,-78.55361
D,P5MIN,CONSTRAINTSOLUTION,6,"2019/05/16 06:05:00",0,"2019/05/16 06:05:00",S>>NIL_TUTB_CGTB_1,739.39916,0,0,"2019/05/16 06:00:26",,"2019/05/15 00:00:00",1,156.27483
D,P5MIN,CONSTRAINTSOLUTION,6,"2019/05/16 06:05:00",0,"2019/05/16 06:05:00",S>>NIL_TUTB_PAAC,775.83568,0,0,"2019/05/16 06:00:26",,"2019/05/15 00:00:00",1,91.29149
D,P5MIN,CONSTRAINTSOLUTION,6,"2019/05/16 06:05:00",0,"2019/05/16 06:05:00",S>>NIL_TWPA_BWMP,927.87906,0,0,"2019/05/16 06:00:26",,"2019/05/15 00:00:00",1,178.1016
D,P5MIN,CONSTRAINTSOLUTION,6,"2019/05/16 06:05:00",0,"2019/05/16 06:05:00",S>>NIL_TWPA_TPRS,383.24042,0,0,"2019/05/16 06:00:26",,"2019/05/15 00:00:00",1,107.36269
D,P5MIN,CONSTRAINTSOLUTION,6,"2019/05/16 06:05:00",0,"2019/05/16 06:05:00",S>>NIL_TWPA_WEMW4,302.99849,0,0,"2019/05/16 06:00:26",,"2019/05/15 00:00:00",1,11.08199
D,P5MIN,CONSTRAINTSOLUTION,6,"2019/05/16 06:05:00",0,"2019/05/16 06:05:00",S>>TBTX4_CGTB_TUTB,647.2115,0,0,"2019/05/16 06:00:26",,"2019/03/13 00:00:00",1,156.37708
D,P5MIN,CONSTRAINTSOLUTION,6,"2019/05/16 06:05:00",0,"2019/05/16 06:05:00",S>>TBTX4_TBCG_TBTU,801.56281,0,0,"2019/05/16 06:00:26",,"2019/03/13 00:00:00",1,-156.37708
D,P5MIN,CONSTRAINTSOLUTION,6,"2019/05/16 06:05:00",0,"2019/05/16 06:05:00",S>>TBTX4_TBTU_TBCG,799.62186,0,0,"2019/05/16 06:00:26",,"2019/03/13 00:00:00",1,-156.37708
D,P5MIN,CONSTRAINTSOLUTION,6,"2019/05/16 06:05:00",0,"2019/05/16 06:05:00",S>>TBTX4_TUTB_CGTB,653.95536,0,0,"2019/05/16 06:00:26",,"2019/03/13 00:00:00",1,156.37708
D,P5MIN,CONSTRAINTSOLUTION,6,"2019/05/16 06:05:00",0,"2019/05/16 06:05:00",S>>V_NIL_DVBG_STBG,184.8681,0,0,"2019/05/16 06:00:26",,"2019/05/14 00:00:00",1,-2.48304
D,P5MIN,CONSTRAINTSOLUTION,6,"2019/05/16 06:05:00",0,"2019/05/16 06:05:00",S>>V_NIL_NIL_HUWT,223.63518,0,0,"2019/05/16 06:00:26",,"2019/05/14 00:00:00",1,-2.12277
D,P5MIN,CONSTRAINTSOLUTION,6,"2019/05/16 06:05:00",0,"2019/05/16 06:05:00",S>>V_NIL_NIL_MNWT,302.87199,0,0,"2019/05/16 06:00:26",,"2019/05/14 00:00:00",1,-1.50697
D,P5MIN,CONSTRAINTSOLUTION,6,"2019/05/16 06:05:00",0,"2019/05/16 06:05:00",S>>V_NIL_RBTX_MW4RB,325.40021,0,0,"2019/05/16 06:00:26",,"2019/05/14 00:00:00",1,-23.94114
D,P5MIN,CONSTRAINTSOLUTION,6,"2019/05/16 06:05:00",0,"2019/05/16 06:05:00",S>>V_NIL_WTTP_WEMW4,308.29574,0,0,"2019/05/16 06:00:26",,"2019/05/14 00:00:00",1,14.91488
D,P5MIN,CONSTRAINTSOLUTION,6,"2019/05/16 06:05:00",0,"2019/05/16 06:05:00",S>DVTX_NIL_DVTX,166.44517,0,0,"2019/05/16 06:00:26",,"2019/01/22 00:00:00",1,0
D,P5MIN,CONSTRAINTSOLUTION,6,"2019/05/16 06:05:00",0,"2019/05/16 06:05:00",S>NIL_BRTW_MNWT,323.54724,0,0,"2019/05/16 06:00:26",,"2019/05/14 00:00:00",1,27.99894
D,P5MIN,CONSTRAINTSOLUTION,6,"2019/05/16 06:05:00",0,"2019/05/16 06:05:00",S>NIL_BWMP_CNRB,738.4694,0,0,"2019/05/16 06:00:26",,"2019/05/14 00:00:00",1,241.29522
D,P5MIN,CONSTRAINTSOLUTION,6,"2019/05/16 06:05:00",0,"2019/05/16 06:05:00",S>NIL_BWMP_HUWT,223.3838,0,0,"2019/05/16 06:00:26",,"2019/05/14 00:00:00",1,6.67917
D,P5MIN,CONSTRAINTSOLUTION,6,"2019/05/16 06:05:00",0,"2019/05/16 06:05:00",S>NIL_BWMP_RHBR-T,309.10558,0,0,"2019/05/16 06:00:26",,"2019/05/14 00:00:00",1,56.38306
D,P5MIN,CONSTRAINTSOLUTION,6,"2019/05/16 06:05:00",0,"2019/05/16 06:05:00",S>NIL_DVBG_BRTW,1599.21798,0,0,"2019/05/16 06:00:26",,"2019/05/14 00:00:00",1,276.5729
D,P5MIN,CONSTRAINTSOLUTION,6,"2019/05/16 06:05:00",0,"2019/05/16 06:05:00",S>NIL_DVTX_DVTX,165.89373,0,0,"2019/05/16 06:00:26",,"2019/01/11 00:00:00",1,0
D,P5MIN,CONSTRAINTSOLUTION,6,"2019/05/16 06:05:00",0,"2019/05/16 06:05:00",S>NIL_HUWT_STBG,10000,0,0,"2019/05/16 06:00:26",,"2019/01/11 00:00:00",1,0
D,P5MIN,CONSTRAINTSOLUTION,6,"2019/05/16 06:05:00",0,"2019/05/16 06:05:00",S>NIL_HUWT_STBG2,125.70516,0,0,"2019/05/16 06:00:26",,"2019/01/11 00:00:00",1,0
D,P5MIN,CONSTRAINTSOLUTION,6,"2019/05/16 06:05:00",0,"2019/05/16 06:05:00",S>NIL_LKDV_CNRB,455.07,0,0,"2019/05/16 06:00:26",,"2019/01/11 00:00:00",1,219.316
D,P5MIN,CONSTRAINTSOLUTION,6,"2019/05/16 06:05:00",0,"2019/05/16 06:05:00",S>NIL_MHNW1_MHNW2,10000,0,0,"2019/05/16 06:00:26",,"2019/01/11 00:00:00",1,-9.28186
D,P5MIN,CONSTRAINTSOLUTION,6,"2019/05/16 06:05:00",0,"2019/05/16 06:05:00",S>NIL_NIL_DLAW,116.21955,0,0,"2019/05/16 06:00:26",,"2019/01/11 00:00:00",1,0
D,P5MIN,CONSTRAINTSOLUTION,6,"2019/05/16 06:05:00",0,"2019/05/16 06:05:00",S>NIL_NIL_MHNW2,268.9539,0,0,"2019/05/16 06:00:26",,"2019/01/11 00:00:00",1,-9.28186
D,P5MIN,CONSTRAINTSOLUTION,6,"2019/05/16 06:05:00",0,"2019/05/16 06:05:00",S>NIL_NIL_MYSG-T,276.77938,0,0,"2019/05/16 06:00:26",,"2019/03/14 00:00:00",2,3.759
D,P5MIN,CONSTRAINTSOLUTION,6,"2019/05/16 06:05:00",0,"2019/05/16 06:05:00",S>NIL_NIL_NWMH2,225.61221,0,0,"2019/05/16 06:00:26",,"2019/01/11 00:00:00",1,9.28186
D,P5MIN,CONSTRAINTSOLUTION,6,"2019/05/16 06:05:00",0,"2019/05/16 06:05:00",S>NIL_NIL_SETX12,385.71703,0,0,"2019/05/16 06:00:26",,"2019/03/14 00:00:00",2,3.759
D,P5MIN,CONSTRAINTSOLUTION,6,"2019/05/16 06:05:00",0,"2019/05/16 06:05:00",S>NIL_NIL_SGBN,349.29118,0,0,"2019/05/16 06:00:26",,"2019/03/14 00:00:00",2,3.759
D,P5MIN,CONSTRAINTSOLUTION,6,"2019/05/16 06:05:00",0,"2019/05/16 06:05:00",S>NIL_NIL_SGMYSE-T2,405.02784,0,0,"2019/05/16 06:00:26",,"2019/03/14 00:00:00",2,3.759
D,P5MIN,CONSTRAINTSOLUTION,6,"2019/05/16 06:05:00",0,"2019/05/16 06:05:00",S>NIL_NWMH1_NWMH2,10000,0,0,"2019/05/16 06:00:26",,"2019/01/11 00:00:00",1,9.28186
D,P5MIN,CONSTRAINTSOLUTION,6,"2019/05/16 06:05:00",0,"2019/05/16 06:05:00",S>NIL_PL_GENMAX,75.92805,0,0,"2019/05/16 06:00:26",,"2019/01/11 00:00:00",1,0
D,P5MIN,CONSTRAINTSOLUTION,6,"2019/05/16 06:05:00",0,"2019/05/16 06:05:00",S>NIL_PL_GENMAX_YDMD,104.09543,0,0,"2019/05/16 06:00:26",,"2019/01/11 00:00:00",1,0
D,P5MIN,CONSTRAINTSOLUTION,6,"2019/05/16 06:05:00",0,"2019/05/16 06:05:00",S>NIL_RBMWP3_RBNW1,10000,0,0,"2019/05/16 06:00:26",,"2019/01/11 00:00:00",1,9.28186
D,P5MIN,CONSTRAINTSOLUTION,6,"2019/05/16 06:05:00",0,"2019/05/16 06:05:00",S>NIL_RBNW1_RBMWP3,10000,0,0,"2019/05/16 06:00:26",,"2019/01/11 00:00:00",1,9.28186
D,P5MIN,CONSTRAINTSOLUTION,6,"2019/05/16 06:05:00",0,"2019/05/16 06:05:00",S>NIL_SGBN_SGSE-T2,10000,0,0,"2019/05/16 06:00:26",,"2019/03/14 00:00:00",2,3.759
D,P5MIN,CONSTRAINTSOLUTION,6,"2019/05/16 06:05:00",0,"2019/05/16 06:05:00",S>NIL_TINO3_TINO4,350.33399,0,0,"2019/05/16 06:00:26",,"2019/03/14 00:00:00",2,-167.81
D,P5MIN,CONSTRAINTSOLUTION,6,"2019/05/16 06:05:00",0,"2019/05/16 06:05:00",S>NIL_WEMW4_WTTP,384.77643,0,0,"2019/05/16 06:00:26",,"2019/05/14 00:00:00",1,49.99379
D,P5MIN,CONSTRAINTSOLUTION,6,"2019/05/16 06:05:00",0,"2019/05/16 06:05:00",S>SETXH1_SETXL2,70.99111,0,0,"2019/05/16 06:00:26",,"2019/05/16 00:00:00",4,-15.27873
D,P5MIN,CONSTRAINTSOLUTION,6,"2019/05/16 06:05:00",0,"2019/05/16 06:05:00",S>V_NIL_NIL_RBNW,170.09372,0,0,"2019/05/16 06:00:26",,"2019/01/25 00:00:00",1,9.28186
D,P5MIN,CONSTRAINTSOLUTION,6,"2019/05/16 06:05:00",0,"2019/05/16 06:05:00",S>V_NIL_SEHY,742,0,0,"2019/05/16 06:00:26",,"2016/09/13 00:00:00",1,160
D,P5MIN,CONSTRAINTSOLUTION,6,"2019/05/16 06:05:00",0,"2019/05/16 06:05:00",S>V_NIL_SETX_SETX,10000,0,0,"2019/05/16 06:00:26",,"2019/05/08 00:00:00",2,0
D,P5MIN,CONSTRAINTSOLUTION,6,"2019/05/16 06:05:00",0,"2019/05/16 06:05:00",S>V_NIL_SETX_SETX1,178.35179,0,0,"2019/05/16 06:00:26",,"2019/05/08 00:00:00",2,3.759
D,P5MIN,CONSTRAINTSOLUTION,6,"2019/05/16 06:05:00",0,"2019/05/16 06:05:00",SVML_233,233,0,0,"2019/05/16 06:00:26",,"2014/10/01 00:00:00",1,9.28186
D,P5MIN,CONSTRAINTSOLUTION,6,"2019/05/16 06:05:00",0,"2019/05/16 06:05:00",SVML_ROC_80,88.98409,0,0,"2019/05/16 06:00:26",,"2016/08/23 00:00:00",1,9.28186
D,P5MIN,CONSTRAINTSOLUTION,6,"2019/05/16 06:05:00",0,"2019/05/16 06:05:00",S^NIL_PL_MAX,44.79406,0,0,"2019/05/16 06:00:26",,"2017/07/11 00:00:00",1,0
D,P5MIN,CONSTRAINTSOLUTION,6,"2019/05/16 06:05:00",0,"2019/05/16 06:05:00",S_LB2WF_CONF,198,0,0,"2019/05/16 06:00:26",,"2015/08/07 00:00:00",1,3.759
D,P5MIN,CONSTRAINTSOLUTION,6,"2019/05/16 06:05:00",0,"2019/05/16 06:05:00",S_NIL_STRENGTH_1,10516,0,0,"2019/05/16 06:00:26",,"2018/12/05 00:00:00",1,442.369
D,P5MIN,CONSTRAINTSOLUTION,6,"2019/05/16 06:05:00",0,"2019/05/16 06:05:00",S_NIL_STRENGTH_2,1790.84049,0,0,"2019/05/16 06:00:26",,"2018/11/26 00:00:00",1,282.369
D,P5MIN,CONSTRAINTSOLUTION,6,"2019/05/16 06:05:00",0,"2019/05/16 06:05:00",S_V_NIL_ROCOF,1273.80002,0,0,"2019/05/16 06:00:26",,"2019/01/03 00:00:00",1,160
D,P5MIN,CONSTRAINTSOLUTION,6,"2019/05/16 06:05:00",0,"2019/05/16 06:05:00",T::T_NIL_1,716.99932,0,0,"2019/05/16 06:00:26",,"2014/07/31 00:00:00",1,430.56663
D,P5MIN,CONSTRAINTSOLUTION,6,"2019/05/16 06:05:00",0,"2019/05/16 06:05:00",T::T_NIL_2,10628.59547,0,0,"2019/05/16 06:00:26",,"2014/07/31 00:00:00",1,418.46521
D,P5MIN,CONSTRAINTSOLUTION,6,"2019/05/16 06:05:00",0,"2019/05/16 06:05:00",T::T_NIL_3,734.88017,0,0,"2019/05/16 06:00:26",,"2014/07/31 00:00:00",1,574.81798
D,P5MIN,CONSTRAINTSOLUTION,6,"2019/05/16 06:05:00",0,"2019/05/16 06:05:00",T::T_NIL_4,10840.56143,0,0,"2019/05/16 06:00:26",,"2014/07/31 00:00:00",1,579.98242
D,P5MIN,CONSTRAINTSOLUTION,6,"2019/05/16 06:05:00",0,"2019/05/16 06:05:00",T:T_LIPM_1,-344.29524,0,0,"2019/05/16 06:00:26",,"2013/08/21 00:00:00",1,-384.71561
D,P5MIN,CONSTRAINTSOLUTION,6,"2019/05/16 06:05:00",0,"2019/05/16 06:05:00",T:T_LIPM_2,489.12166,0,0,"2019/05/16 06:00:26",,"2013/08/21 00:00:00",1,257.84706
D,P5MIN,CONSTRAINTSOLUTION,6,"2019/05/16 06:05:00",0,"2019/05/16 06:05:00",T>>T_NIL_BL_EXP_3F,11137.81748,0,0,"2019/05/16 06:00:26",,"2017/07/17 00:00:00",1,586.71305
D,P5MIN,CONSTRAINTSOLUTION,6,"2019/05/16 06:05:00",0,"2019/05/16 06:05:00",T>>T_NIL_BL_EXP_3G,11314.60614,0,0,"2019/05/16 06:00:26",,"2017/07/17 00:00:00",1,474.67379
D,P5MIN,CONSTRAINTSOLUTION,6,"2019/05/16 06:05:00",0,"2019/05/16 06:05:00",T>>T_NIL_BL_EXP_3H,11631.82307,0,0,"2019/05/16 06:00:26",,"2017/07/17 00:00:00",1,661.03142
D,P5MIN,CONSTRAINTSOLUTION,6,"2019/05/16 06:05:00",0,"2019/05/16 06:05:00",T>>T_NIL_BL_EXP_4E,10430.00701,0,0,"2019/05/16 06:00:26",,"2016/07/26 00:00:00",1,269.74275
D,P5MIN,CONSTRAINTSOLUTION,6,"2019/05/16 06:05:00",0,"2019/05/16 06:05:00",T>>T_NIL_BL_EXP_4F,10381.82608,0,0,"2019/05/16 06:00:26",,"2016/06/16 00:00:00",1,262.40711
D,P5MIN,CONSTRAINTSOLUTION,6,"2019/05/16 06:05:00",0,"2019/05/16 06:05:00",T>>T_NIL_BL_EXP_5F,21087.67226,0,0,"2019/05/16 06:00:26",,"2017/07/17 00:00:00",1,617.68919
D,P5MIN,CONSTRAINTSOLUTION,6,"2019/05/16 06:05:00",0,"2019/05/16 06:05:00",T>>T_NIL_BL_EXP_5G,11323.66295,0,0,"2019/05/16 06:00:26",,"2017/07/17 00:00:00",1,544.05563
D,P5MIN,CONSTRAINTSOLUTION,6,"2019/05/16 06:05:00",0,"2019/05/16 06:05:00",T>>T_NIL_BL_EXP_5H,11525.13324,0,0,"2019/05/16 06:00:26",,"2017/07/17 00:00:00",1,694.24392
D,P5MIN,CONSTRAINTSOLUTION,6,"2019/05/16 06:05:00",0,"2019/05/16 06:05:00",T>>T_NIL_BL_EXP_6E,21030.20735,0,0,"2019/05/16 06:00:26",,"2017/07/17 00:00:00",1,743.01455
D,P5MIN,CONSTRAINTSOLUTION,6,"2019/05/16 06:05:00",0,"2019/05/16 06:05:00",T>>T_NIL_BL_EXP_6F,21104.73268,0,0,"2019/05/16 06:00:26",,"2017/07/17 00:00:00",1,633.683
D,P5MIN,CONSTRAINTSOLUTION,6,"2019/05/16 06:05:00",0,"2019/05/16 06:05:00",T>>T_NIL_BL_EXP_7C,20569.57316,0,0,"2019/05/16 06:00:26",,"2017/07/17 00:00:00",1,534.683
D,P5MIN,CONSTRAINTSOLUTION,6,"2019/05/16 06:05:00",0,"2019/05/16 06:05:00",T>T_LIPM_110_2A,-313.24081,-17.77,0,"2019/05/16 06:00:26",,"2019/04/24 00:00:00",2,-313.24081
D,P5MIN,CONSTRAINTSOLUTION,6,"2019/05/16 06:05:00",0,"2019/05/16 06:05:00",T>T_LIPM_110_2B,468.71077,0,0,"2019/05/16 06:00:26",,"2019/04/24 00:00:00",2,313.24081
D,P5MIN,CONSTRAINTSOLUTION,6,"2019/05/16 06:05:00",0,"2019/05/16 06:05:00",T>T_LIPM_110_3_1,327.12668,0,0,"2019/05/16 06:00:26",,"2019/04/24 00:00:00",2,139.86166
D,P5MIN,CONSTRAINTSOLUTION,6,"2019/05/16 06:05:00",0,"2019/05/16 06:05:00",T>T_LIPM_110_5,-2.38463,0,0,"2019/05/16 06:00:26",,"2019/04/24 00:00:00",2,-207.99646
D,P5MIN,CONSTRAINTSOLUTION,6,"2019/05/16 06:05:00",0,"2019/05/16 06:05:00",T>T_NIL_110_4,247.91376,0,0,"2019/05/16 06:00:26",,"2019/01/11 00:00:00",1,-24.95722
D,P5MIN,CONSTRAINTSOLUTION,6,"2019/05/16 06:05:00",0,"2019/05/16 06:05:00",T>T_NIL_110_5,360.2949,0,0,"2019/05/16 06:00:26",,"2019/01/11 00:00:00",1,24.95722
D,P5MIN,CONSTRAINTSOLUTION,6,"2019/05/16 06:05:00",0,"2019/05/16 06:05:00",T>T_NIL_BL_110_18_1,316.74168,0,0,"2019/05/16 06:00:26",,"2019/01/11 00:00:00",1,131.00008
D,P5MIN,CONSTRAINTSOLUTION,6,"2019/05/16 06:05:00",0,"2019/05/16 06:05:00",T>T_NIL_BL_110_8,274.10108,0,0,"2019/05/16 06:00:26",,"2019/01/11 00:00:00",1,121.92584
D,P5MIN,CONSTRAINTSOLUTION,6,"2019/05/16 06:05:00",0,"2019/05/16 06:05:00",T>T_NIL_BL_220_6B,944.98944,0,0,"2019/05/16 06:00:26",,"2019/01/11 00:00:00",1,243.61844
D,P5MIN,CONSTRAINTSOLUTION,6,"2019/05/16 06:05:00",0,"2019/05/16 06:05:00",T>T_NIL_BL_3A,1612.29628,0,0,"2019/05/16 06:00:26",,"2019/01/11 00:00:00",1,413.01891
D,P5MIN,CONSTRAINTSOLUTION,6,"2019/05/16 06:05:00",0,"2019/05/16 06:05:00",T>T_NIL_BL_3B,1611.53033,0,0,"2019/05/16 06:00:26",,"2019/01/11 00:00:00",1,413.01891
D,P5MIN,CONSTRAINTSOLUTION,6,"2019/05/16 06:05:00",0,"2019/05/16 06:05:00",T>T_NIL_BL_3C,11184.71704,0,0,"2019/05/16 06:00:26",,"2017/07/17 00:00:00",1,414.61329
D,P5MIN,CONSTRAINTSOLUTION,6,"2019/05/16 06:05:00",0,"2019/05/16 06:05:00",T>T_NIL_BL_3D,11361.91178,0,0,"2019/05/16 06:00:26",,"2017/07/17 00:00:00",1,300.43729
D,P5MIN,CONSTRAINTSOLUTION,6,"2019/05/16 06:05:00",0,"2019/05/16 06:05:00",T>T_NIL_BL_3E,11678.94713,0,0,"2019/05/16 06:00:26",,"2017/07/17 00:00:00",1,488.47116
D,P5MIN,CONSTRAINTSOLUTION,6,"2019/05/16 06:05:00",0,"2019/05/16 06:05:00",T>T_NIL_BL_4A,639.57089,0,0,"2019/05/16 06:00:26",,"2019/01/11 00:00:00",1,89.38497
D,P5MIN,CONSTRAINTSOLUTION,6,"2019/05/16 06:05:00",0,"2019/05/16 06:05:00",T>T_NIL_BL_4B,639.84124,0,0,"2019/05/16 06:00:26",,"2019/01/11 00:00:00",1,89.38497
D,P5MIN,CONSTRAINTSOLUTION,6,"2019/05/16 06:05:00",0,"2019/05/16 06:05:00",T>T_NIL_BL_4C,10818.51624,0,0,"2019/05/16 06:00:26",,"2016/07/26 00:00:00",1,145.86363
D,P5MIN,CONSTRAINTSOLUTION,6,"2019/05/16 06:05:00",0,"2019/05/16 06:05:00",T>T_NIL_BL_4D,10968.01035,0,0,"2019/05/16 06:00:26",,"2016/07/26 00:00:00",1,176.25199
D,P5MIN,CONSTRAINTSOLUTION,6,"2019/05/16 06:05:00",0,"2019/05/16 06:05:00",T>T_NIL_BL_5A,1486.85931,0,0,"2019/05/16 06:00:26",,"2019/01/11 00:00:00",1,450.13547
D,P5MIN,CONSTRAINTSOLUTION,6,"2019/05/16 06:05:00",0,"2019/05/16 06:05:00",T>T_NIL_BL_5B,1486.23758,0,0,"2019/05/16 06:00:26",,"2019/01/11 00:00:00",1,450.13547
D,P5MIN,CONSTRAINTSOLUTION,6,"2019/05/16 06:05:00",0,"2019/05/16 06:05:00",T>T_NIL_BL_5C,11132.77546,0,0,"2019/05/16 06:00:26",,"2017/07/17 00:00:00",1,450.1208
D,P5MIN,CONSTRAINTSOLUTION,6,"2019/05/16 06:05:00",0,"2019/05/16 06:05:00",T>T_NIL_BL_5D,11373.66931,0,0,"2019/05/16 06:00:26",,"2017/07/17 00:00:00",1,359.85381
D,P5MIN,CONSTRAINTSOLUTION,6,"2019/05/16 06:05:00",0,"2019/05/16 06:05:00",T>T_NIL_BL_5E,11571.79138,0,0,"2019/05/16 06:00:26",,"2017/07/17 00:00:00",1,523.32305
D,P5MIN,CONSTRAINTSOLUTION,6,"2019/05/16 06:05:00",0,"2019/05/16 06:05:00",T>T_NIL_BL_6A,1450.40501,0,0,"2019/05/16 06:00:26",,"2019/01/11 00:00:00",1,558.80876
D,P5MIN,CONSTRAINTSOLUTION,6,"2019/05/16 06:05:00",0,"2019/05/16 06:05:00",T>T_NIL_BL_6B,1449.72909,0,0,"2019/05/16 06:00:26",,"2019/01/11 00:00:00",1,558.80876
D,P5MIN,CONSTRAINTSOLUTION,6,"2019/05/16 06:05:00",0,"2019/05/16 06:05:00",T>T_NIL_BL_6C,11080.21981,0,0,"2019/05/16 06:00:26",,"2017/07/17 00:00:00",1,280.33155
D,P5MIN,CONSTRAINTSOLUTION,6,"2019/05/16 06:05:00",0,"2019/05/16 06:05:00",T>T_NIL_BL_6D,11155.36267,0,0,"2019/05/16 06:00:26",,"2017/07/17 00:00:00",1,171
D,P5MIN,CONSTRAINTSOLUTION,6,"2019/05/16 06:05:00",0,"2019/05/16 06:05:00",T>T_NIL_BL_IMP_2B,915.71517,0,0,"2019/05/16 06:00:26",,"2019/01/11 00:00:00",1,200.00402
D,P5MIN,CONSTRAINTSOLUTION,6,"2019/05/16 06:05:00",0,"2019/05/16 06:05:00",T>T_NIL_BL_IMP_3F,1207.12764,0,0,"2019/05/16 06:00:26",,"2019/01/11 00:00:00",1,413.03834
D,P5MIN,CONSTRAINTSOLUTION,6,"2019/05/16 06:05:00",0,"2019/05/16 06:05:00",T>T_NIL_BL_IMP_3FF,1206.62552,0,0,"2019/05/16 06:00:26",,"2019/01/11 00:00:00",1,413.03834
D,P5MIN,CONSTRAINTSOLUTION,6,"2019/05/16 06:05:00",0,"2019/05/16 06:05:00",T>T_NIL_BL_IMP_3G,1379.32604,0,0,"2019/05/16 06:00:26",,"2019/01/11 00:00:00",1,299.07429
D,P5MIN,CONSTRAINTSOLUTION,6,"2019/05/16 06:05:00",0,"2019/05/16 06:05:00",T>T_NIL_BL_IMP_3H,1715.82133,0,0,"2019/05/16 06:00:26",,"2019/01/11 00:00:00",1,486.89634
D,P5MIN,CONSTRAINTSOLUTION,6,"2019/05/16 06:05:00",0,"2019/05/16 06:05:00",T>T_NIL_BL_IMP_4E,500.13278,0,0,"2019/05/16 06:00:26",,"2019/01/11 00:00:00",1,89.38002
D,P5MIN,CONSTRAINTSOLUTION,6,"2019/05/16 06:05:00",0,"2019/05/16 06:05:00",T>T_NIL_BL_IMP_4EE,500.33577,0,0,"2019/05/16 06:00:26",,"2019/01/11 00:00:00",1,89.38002
D,P5MIN,CONSTRAINTSOLUTION,6,"2019/05/16 06:05:00",0,"2019/05/16 06:05:00",T>T_NIL_BL_IMP_4F,451.81836,0,0,"2019/05/16 06:00:26",,"2019/01/11 00:00:00",1,82.42354
D,P5MIN,CONSTRAINTSOLUTION,6,"2019/05/16 06:05:00",0,"2019/05/16 06:05:00",T>T_NIL_BL_IMP_5F,1152.72458,0,0,"2019/05/16 06:00:26",,"2019/01/11 00:00:00",1,450.1208
D,P5MIN,CONSTRAINTSOLUTION,6,"2019/05/16 06:05:00",0,"2019/05/16 06:05:00",T>T_NIL_BL_IMP_5FF,1152.32021,0,0,"2019/05/16 06:00:26",,"2019/01/11 00:00:00",1,450.1208
D,P5MIN,CONSTRAINTSOLUTION,6,"2019/05/16 06:05:00",0,"2019/05/16 06:05:00",T>T_NIL_BL_IMP_5G,1383.41435,0,0,"2019/05/16 06:00:26",,"2019/01/11 00:00:00",1,359.85381
D,P5MIN,CONSTRAINTSOLUTION,6,"2019/05/16 06:05:00",0,"2019/05/16 06:05:00",T>T_NIL_BL_IMP_5H,1599.73816,0,0,"2019/05/16 06:00:26",,"2019/01/11 00:00:00",1,523.53537
D,P5MIN,CONSTRAINTSOLUTION,6,"2019/05/16 06:05:00",0,"2019/05/16 06:05:00",T>T_NIL_BL_IMP_6E,1081.88371,0,0,"2019/05/16 06:00:26",,"2019/01/11 00:00:00",1,558.81273
D,P5MIN,CONSTRAINTSOLUTION,6,"2019/05/16 06:05:00",0,"2019/05/16 06:05:00",T>T_NIL_BL_IMP_6EE,1081.88371,0,0,"2019/05/16 06:00:26",,"2019/01/11 00:00:00",1,558.81273
D,P5MIN,CONSTRAINTSOLUTION,6,"2019/05/16 06:05:00",0,"2019/05/16 06:05:00",T>T_NIL_BL_IMP_6F,1169.80434,0,0,"2019/05/16 06:00:26",,"2019/01/11 00:00:00",1,449.48118
D,P5MIN,CONSTRAINTSOLUTION,6,"2019/05/16 06:05:00",0,"2019/05/16 06:05:00",T>T_NIL_BL_IMP_7C,629.63759,0,0,"2019/05/16 06:00:26",,"2019/01/11 00:00:00",1,350.48118
D,P5MIN,CONSTRAINTSOLUTION,6,"2019/05/16 06:05:00",0,"2019/05/16 06:05:00",T>T_NIL_BL_IMP_7CC,629.13772,0,0,"2019/05/16 06:00:26",,"2019/01/11 00:00:00",1,350.48118
D,P5MIN,CONSTRAINTSOLUTION,6,"2019/05/16 06:05:00",0,"2019/05/16 06:05:00",T>T_NIL_BL_IMP_8B,975.13763,0,0,"2019/05/16 06:00:26",,"2019/01/11 00:00:00",1,264.29287
D,P5MIN,CONSTRAINTSOLUTION,6,"2019/05/16 06:05:00",0,"2019/05/16 06:05:00",T>T_NIL_BL_IMP_8C,87.47342,0,0,"2019/05/16 06:00:26",,"2019/01/11 00:00:00",1,-264.29287
D,P5MIN,CONSTRAINTSOLUTION,6,"2019/05/16 06:05:00",0,"2019/05/16 06:05:00",T>T_NIL_NCSPS5_3F,11207.81228,0,0,"2019/05/16 06:00:26",,"2019/01/11 00:00:00",1,413.03834
D,P5MIN,CONSTRAINTSOLUTION,6,"2019/05/16 06:05:00",0,"2019/05/16 06:05:00",T>T_NIL_NCSPS5_3FF,11207.81228,0,0,"2019/05/16 06:00:26",,"2019/01/11 00:00:00",1,413.03834
D,P5MIN,CONSTRAINTSOLUTION,6,"2019/05/16 06:05:00",0,"2019/05/16 06:05:00",T>T_NIL_NCSPS5_3G,11380.19805,0,0,"2019/05/16 06:00:26",,"2019/01/11 00:00:00",1,299.07429
D,P5MIN,CONSTRAINTSOLUTION,6,"2019/05/16 06:05:00",0,"2019/05/16 06:05:00",T>T_NIL_NCSPS5_3H,11716.92826,0,0,"2019/05/16 06:00:26",,"2019/01/11 00:00:00",1,486.89634
D,P5MIN,CONSTRAINTSOLUTION,6,"2019/05/16 06:05:00",0,"2019/05/16 06:05:00",T>T_NIL_NCSPS5_7C,10658.9539,0,0,"2019/05/16 06:00:26",,"2019/01/11 00:00:00",1,350.48118
D,P5MIN,CONSTRAINTSOLUTION,6,"2019/05/16 06:05:00",0,"2019/05/16 06:05:00",T>T_NIL_TOV_5F,11405.41176,0,0,"2019/05/16 06:00:26",,"2019/01/11 00:00:00",1,450.1208
D,P5MIN,CONSTRAINTSOLUTION,6,"2019/05/16 06:05:00",0,"2019/05/16 06:05:00",T>T_NIL_TOV_5FF,11405.41176,0,0,"2019/05/16 06:00:26",,"2019/01/11 00:00:00",1,450.1208
D,P5MIN,CONSTRAINTSOLUTION,6,"2019/05/16 06:05:00",0,"2019/05/16 06:05:00",TVBL_ROC,24.8,0,0,"2019/05/16 06:00:26",,"2014/01/15 00:00:00",1,-184.20182
D,P5MIN,CONSTRAINTSOLUTION,6,"2019/05/16 06:05:00",0,"2019/05/16 06:05:00",T^T_LIPM_1,-139.24196,0,0,"2019/05/16 06:00:26",,"2017/07/05 00:00:00",1,-172.28662
D,P5MIN,CONSTRAINTSOLUTION,6,"2019/05/16 06:05:00",0,"2019/05/16 06:05:00",T^T_NIL_BL_1,1695.49923,0,0,"2019/05/16 06:00:26",,"2017/07/05 00:00:00",1,23.04848
D,P5MIN,CONSTRAINTSOLUTION,6,"2019/05/16 06:05:00",0,"2019/05/16 06:05:00",T^T_NIL_BL_2,12701.01168,0,0,"2019/05/16 06:00:26",,"2017/07/05 00:00:00",1,-130.42862
D,P5MIN,CONSTRAINTSOLUTION,6,"2019/05/16 06:05:00",0,"2019/05/16 06:05:00",T^T_NIL_BL_4,1885.07051,0,0,"2019/05/16 06:00:26",,"2017/07/05 00:00:00",1,-110.80885
D,P5MIN,CONSTRAINTSOLUTION,6,"2019/05/16 06:05:00",0,"2019/05/16 06:05:00",T^T_NIL_BL_5,763.03582,0,0,"2019/05/16 06:00:26",,"2017/07/05 00:00:00",1,-93.52319
D,P5MIN,CONSTRAINTSOLUTION,6,"2019/05/16 06:05:00",0,"2019/05/16 06:05:00",T^T_NIL_BL_6,136.88825,0,0,"2019/05/16 06:00:26",,"2017/07/05 00:00:00",1,-120.92354
D,P5MIN,CONSTRAINTSOLUTION,6,"2019/05/16 06:05:00",0,"2019/05/16 06:05:00",T^T_NIL_BL_7,989.89566,0,0,"2019/05/16 06:00:26",,"2017/07/05 00:00:00",1,-87.44948
D,P5MIN,CONSTRAINTSOLUTION,6,"2019/05/16 06:05:00",0,"2019/05/16 06:05:00",T^V_LIPM_BL_6,591.42173,0,0,"2019/05/16 06:00:26",,"2013/08/21 00:00:00",1,-184.20182
D,P5MIN,CONSTRAINTSOLUTION,6,"2019/05/16 06:05:00",0,"2019/05/16 06:05:00",T^V_NIL_10,10688.86472,0,0,"2019/05/16 06:00:26",,"2017/10/10 00:00:00",1,-184.20182
D,P5MIN,CONSTRAINTSOLUTION,6,"2019/05/16 06:05:00",0,"2019/05/16 06:05:00",T^V_NIL_11,10510.88819,0,0,"2019/05/16 06:00:26",,"2019/01/25 00:00:00",1,-173.27992
D,P5MIN,CONSTRAINTSOLUTION,6,"2019/05/16 06:05:00",0,"2019/05/16 06:05:00",T^V_NIL_8,10318.47333,0,0,"2019/05/16 06:00:26",,"2018/05/31 00:00:00",1,-199.13252
D,P5MIN,CONSTRAINTSOLUTION,6,"2019/05/16 06:05:00",0,"2019/05/16 06:05:00",T^V_NIL_9,594,0,0,"2019/05/16 06:00:26",,"2015/09/29 00:00:00",1,-184.20182
D,P5MIN,CONSTRAINTSOLUTION,6,"2019/05/16 06:05:00",0,"2019/05/16 06:05:00",T^V_NIL_BL_6,604.96299,0,0,"2019/05/16 06:00:26",,"2013/08/21 00:00:00",1,-184.20182
D,P5MIN,CONSTRAINTSOLUTION,6,"2019/05/16 06:05:00",0,"2019/05/16 06:05:00",T_LIPM1_SLOAD_1_N-2,473.73865,0,0,"2019/05/16 06:00:26",,"2019/05/10 00:00:00",1,313.24081
D,P5MIN,CONSTRAINTSOLUTION,6,"2019/05/16 06:05:00",0,"2019/05/16 06:05:00",T_ROCOF_1,679.79671,0,0,"2019/05/16 06:00:26",,"2014/07/31 00:00:00",1,234.727
D,P5MIN,CONSTRAINTSOLUTION,6,"2019/05/16 06:05:00",0,"2019/05/16 06:05:00",T_ROCOF_2,10727.00388,0,0,"2019/05/16 06:00:26",,"2014/07/31 00:00:00",1,197.69265
D,P5MIN,CONSTRAINTSOLUTION,6,"2019/05/16 06:05:00",0,"2019/05/16 06:05:00",T_ROCOF_3,11279.64898,0,0,"2019/05/16 06:00:26",,"2014/01/09 00:00:00",1,205.81482
D,P5MIN,CONSTRAINTSOLUTION,6,"2019/05/16 06:05:00",0,"2019/05/16 06:05:00",T_V_NIL_BL1,-50,0,0,"2019/05/16 06:00:26",,"2008/05/26 00:00:00",1,-184.20182
D,P5MIN,CONSTRAINTSOLUTION,6,"2019/05/16 06:05:00",0,"2019/05/16 06:05:00",T_V_NIL_FCSPS,371.75995,0,0,"2019/05/16 06:00:26",,"2013/08/21 00:00:00",1,-184.20182
D,P5MIN,CONSTRAINTSOLUTION,6,"2019/05/16 06:05:00",0,"2019/05/16 06:05:00",V::N_NIL_Q1,20377.84578,0,0,"2019/05/16 06:00:26",,"2019/05/01 00:00:00",1,-1134.72237
D,P5MIN,CONSTRAINTSOLUTION,6,"2019/05/16 06:05:00",0,"2019/05/16 06:05:00",V::N_NIL_Q2,10377.84578,0,0,"2019/05/16 06:00:26",,"2019/05/01 00:00:00",1,-972.57637
D,P5MIN,CONSTRAINTSOLUTION,6,"2019/05/16 06:05:00",0,"2019/05/16 06:05:00",V::N_NIL_S,904.56574,0,0,"2019/05/16 06:00:26",,"2019/05/01 00:00:00",1,-443.07655
D,P5MIN,CONSTRAINTSOLUTION,6,"2019/05/16 06:05:00",0,"2019/05/16 06:05:00",V::N_NIL_SD,10843.78089,0,0,"2019/05/16 06:00:26",,"2019/05/01 00:00:00",1,-372.18871
D,P5MIN,CONSTRAINTSOLUTION,6,"2019/05/16 06:05:00",0,"2019/05/16 06:05:00",V::N_NIL_V,817.48204,0,0,"2019/05/16 06:00:26",,"2019/05/01 00:00:00",1,-453.69042
D,P5MIN,CONSTRAINTSOLUTION,6,"2019/05/16 06:05:00",0,"2019/05/16 06:05:00",V::S_NIL_MAXG_1,692.17858,0,0,"2019/05/16 06:00:26",,"2019/02/05 00:00:00",1,-157.18075
D,P5MIN,CONSTRAINTSOLUTION,6,"2019/05/16 06:05:00",0,"2019/05/16 06:05:00",V::S_NIL_MAXG_2,10000,0,0,"2019/05/16 06:00:26",,"2019/02/05 00:00:00",1,-156.91762
D,P5MIN,CONSTRAINTSOLUTION,6,"2019/05/16 06:05:00",0,"2019/05/16 06:05:00",V::S_NIL_MAXG_3,10000,0,0,"2019/05/16 06:00:26",,"2019/02/05 00:00:00",1,-157.51906
D,P5MIN,CONSTRAINTSOLUTION,6,"2019/05/16 06:05:00",0,"2019/05/16 06:05:00",V::S_NIL_MAXG_SECP_1,10000,0,0,"2019/05/16 06:00:26",,"2019/02/11 00:00:00",1,-156.54172
D,P5MIN,CONSTRAINTSOLUTION,6,"2019/05/16 06:05:00",0,"2019/05/16 06:05:00",V::S_NIL_MAXG_SECP_2,10000,0,0,"2019/05/16 06:00:26",,"2019/02/11 00:00:00",1,-156.91762
D,P5MIN,CONSTRAINTSOLUTION,6,"2019/05/16 06:05:00",0,"2019/05/16 06:05:00",V::S_NIL_SETB_SECP_1,10000,0,0,"2019/05/16 06:00:26",,"2019/02/11 00:00:00",1,-156.20341
D,P5MIN,CONSTRAINTSOLUTION,6,"2019/05/16 06:05:00",0,"2019/05/16 06:05:00",V::S_NIL_SETB_SECP_2,10000,0,0,"2019/05/16 06:00:26",,"2019/02/11 00:00:00",1,-156.31618
D,P5MIN,CONSTRAINTSOLUTION,6,"2019/05/16 06:05:00",0,"2019/05/16 06:05:00",V::S_NIL_TBSE_1,776.51438,0,0,"2019/05/16 06:00:26",,"2019/02/04 00:00:00",1,-156.20341
D,P5MIN,CONSTRAINTSOLUTION,6,"2019/05/16 06:05:00",0,"2019/05/16 06:05:00",V::S_NIL_TBSE_2,10000,0,0,"2019/05/16 06:00:26",,"2019/02/04 00:00:00",1,-156.31618
D,P5MIN,CONSTRAINTSOLUTION,6,"2019/05/16 06:05:00",0,"2019/05/16 06:05:00",V::S_TBTX_MAXG,686.03645,0,0,"2019/05/16 06:00:26",,"2019/02/21 00:00:00",1,-157.10557
D,P5MIN,CONSTRAINTSOLUTION,6,"2019/05/16 06:05:00",0,"2019/05/16 06:05:00",V::S_TBTX_MAXG_2-DS,10000,0,0,"2019/05/16 06:00:26",,"2019/02/21 00:00:00",1,-156.01546
D,P5MIN,CONSTRAINTSOLUTION,6,"2019/05/16 06:05:00",0,"2019/05/16 06:05:00",V::S_TBTX_SETB,769.93653,0,0,"2019/05/16 06:00:26",,"2019/02/21 00:00:00",1,-155.4892
D,P5MIN,CONSTRAINTSOLUTION,6,"2019/05/16 06:05:00",0,"2019/05/16 06:05:00",V::S_TBTX_SETB_2-DS,10000,0,0,"2019/05/16 06:00:26",,"2019/02/21 00:00:00",1,-156.01546
D,P5MIN,CONSTRAINTSOLUTION,6,"2019/05/16 06:05:00",0,"2019/05/16 06:05:00",V::V_1900,1968.10001,0,0,"2019/05/16 06:00:26",,"2018/08/24 00:00:00",1,470.37603
D,P5MIN,CONSTRAINTSOLUTION,6,"2019/05/16 06:05:00",0,"2019/05/16 06:05:00",V:SS_680_OSC_AUTO,10000,0,0,"2019/05/16 06:00:26",,"2016/06/30 00:00:00",1,-169.28186
D,P5MIN,CONSTRAINTSOLUTION,6,"2019/05/16 06:05:00",0,"2019/05/16 06:05:00",V:SS_790_1,10000,0,0,"2019/05/16 06:00:26",,"2016/08/16 00:00:00",1,-169.28186
D,P5MIN,CONSTRAINTSOLUTION,6,"2019/05/16 06:05:00",0,"2019/05/16 06:05:00",V:SS_790_OSC_AUTO,10790,0,0,"2019/05/16 06:00:26",,"2016/06/30 00:00:00",1,-169.28186
D,P5MIN,CONSTRAINTSOLUTION,6,"2019/05/16 06:05:00",0,"2019/05/16 06:05:00",V:SS_820_HY_TEST,820,0,0,"2019/05/16 06:00:26",,"2018/08/07 00:00:00",1,-169.28186
D,P5MIN,CONSTRAINTSOLUTION,6,"2019/05/16 06:05:00",0,"2019/05/16 06:05:00",V:SS_820_HY_TEST_DYN,820,0,0,"2019/05/16 06:00:26",,"2016/11/21 00:00:00",1,-169.28186
D,P5MIN,CONSTRAINTSOLUTION,6,"2019/05/16 06:05:00",0,"2019/05/16 06:05:00",V:SS_870_HY_TEST,870,0,0,"2019/05/16 06:00:26",,"2018/08/07 00:00:00",1,-169.28186
D,P5MIN,CONSTRAINTSOLUTION,6,"2019/05/16 06:05:00",0,"2019/05/16 06:05:00",V:SS_870_HY_TEST_DYN,870,0,0,"2019/05/16 06:00:26",,"2016/11/21 00:00:00",1,-169.28186
D,P5MIN,CONSTRAINTSOLUTION,6,"2019/05/16 06:05:00",0,"2019/05/16 06:05:00",V:SS_920,920,0,0,"2019/05/16 06:00:26",,"2018/08/07 00:00:00",1,-169.28186
D,P5MIN,CONSTRAINTSOLUTION,6,"2019/05/16 06:05:00",0,"2019/05/16 06:05:00",V:S_460_OSC_AUTO,10000,0,0,"2019/05/16 06:00:26",,"2016/06/30 00:00:00",1,-160
D,P5MIN,CONSTRAINTSOLUTION,6,"2019/05/16 06:05:00",0,"2019/05/16 06:05:00",V:S_570_1,10000,0,0,"2019/05/16 06:00:26",,"2016/08/16 00:00:00",1,-160
D,P5MIN,CONSTRAINTSOLUTION,6,"2019/05/16 06:05:00",0,"2019/05/16 06:05:00",V:S_570_OSC_AUTO,10570,0,0,"2019/05/16 06:00:26",,"2016/06/30 00:00:00",1,-160
D,P5MIN,CONSTRAINTSOLUTION,6,"2019/05/16 06:05:00",0,"2019/05/16 06:05:00",V:S_600_HY_TEST,600,0,0,"2019/05/16 06:00:26",,"2018/08/07 00:00:00",1,-160
D,P5MIN,CONSTRAINTSOLUTION,6,"2019/05/16 06:05:00",0,"2019/05/16 06:05:00",V:S_600_HY_TEST_DYN,600,0,0,"2019/05/16 06:00:26",,"2016/11/21 00:00:00",1,-160
D,P5MIN,CONSTRAINTSOLUTION,6,"2019/05/16 06:05:00",0,"2019/05/16 06:05:00",V:S_650_HY_TEST,650,0,0,"2019/05/16 06:00:26",,"2018/08/07 00:00:00",1,-160
D,P5MIN,CONSTRAINTSOLUTION,6,"2019/05/16 06:05:00",0,"2019/05/16 06:05:00",V:S_650_HY_TEST_DYN,650,0,0,"2019/05/16 06:00:26",,"2016/11/21 00:00:00",1,-160
D,P5MIN,CONSTRAINTSOLUTION,6,"2019/05/16 06:05:00",0,"2019/05/16 06:05:00",V:S_700,700,0,0,"2019/05/16 06:00:26",,"2018/08/07 00:00:00",1,-160
D,P5MIN,CONSTRAINTSOLUTION,6,"2019/05/16 06:05:00",0,"2019/05/16 06:05:00",V:T_NIL_BL_1,889.41518,0,0,"2019/05/16 06:00:26",,"2013/08/21 00:00:00",1,184.20182
D,P5MIN,CONSTRAINTSOLUTION,6,"2019/05/16 06:05:00",0,"2019/05/16 06:05:00",V>>N-NIL_HA,1552.46029,0,0,"2019/05/16 06:00:26",,"2019/05/06 00:00:00",1,-295.08898
D,P5MIN,CONSTRAINTSOLUTION,6,"2019/05/16 06:05:00",0,"2019/05/16 06:05:00",V>>N-NIL_HB,1609.67616,0,0,"2019/05/16 06:00:26",,"2019/05/06 00:00:00",1,-269.25831
D,P5MIN,CONSTRAINTSOLUTION,6,"2019/05/16 06:05:00",0,"2019/05/16 06:05:00",V>>N-NIL_HG,1636.72864,0,0,"2019/05/16 06:00:26",,"2019/05/06 00:00:00",1,-360.04646
D,P5MIN,CONSTRAINTSOLUTION,6,"2019/05/16 06:05:00",0,"2019/05/16 06:05:00",V>>N-NIL_HH,2167.10362,0,0,"2019/05/16 06:00:26",,"2019/05/06 00:00:00",1,-171.09792
D,P5MIN,CONSTRAINTSOLUTION,6,"2019/05/16 06:05:00",0,"2019/05/16 06:05:00",V>>SML_NIL_5,732.21238,0,0,"2019/05/16 06:00:26",,"2019/05/06 00:00:00",1,-115.35523
D,P5MIN,CONSTRAINTSOLUTION,6,"2019/05/16 06:05:00",0,"2019/05/16 06:05:00",V>>SML_NIL_6,732.12247,0,0,"2019/05/16 06:00:26",,"2019/05/06 00:00:00",1,44.01377
D,P5MIN,CONSTRAINTSOLUTION,6,"2019/05/16 06:05:00",0,"2019/05/16 06:05:00",V>>SML_NIL_7A,10145.99221,0,0,"2019/05/16 06:00:26",,"2019/04/23 00:00:00",1,-37.62225
D,P5MIN,CONSTRAINTSOLUTION,6,"2019/05/16 06:05:00",0,"2019/05/16 06:05:00",V>>SML_NIL_7B,10179.36793,0,0,"2019/05/16 06:00:26",,"2019/05/06 00:00:00",1,-39.0365
D,P5MIN,CONSTRAINTSOLUTION,6,"2019/05/16 06:05:00",0,"2019/05/16 06:05:00",V>>SML_NIL_7C,10184.93354,0,0,"2019/05/16 06:00:26",,"2019/04/23 00:00:00",1,-38.85573
D,P5MIN,CONSTRAINTSOLUTION,6,"2019/05/16 06:05:00",0,"2019/05/16 06:05:00",V>>SML_NIL_8,396.12567,0,0,"2019/05/16 06:00:26",,"2019/05/06 00:00:00",1,-54.30458
D,P5MIN,CONSTRAINTSOLUTION,6,"2019/05/16 06:05:00",0,"2019/05/16 06:05:00",V>>SML_NIL_8_5M,396.12567,0,0,"2019/05/16 06:00:26",,"2019/05/06 00:00:00",1,-54.30458
D,P5MIN,CONSTRAINTSOLUTION,6,"2019/05/16 06:05:00",0,"2019/05/16 06:05:00",V>>SML_NSWRB_11,605.14917,0,0,"2019/05/16 06:00:26",,"2019/05/06 00:00:00",1,-118.16475
D,P5MIN,CONSTRAINTSOLUTION,6,"2019/05/16 06:05:00",0,"2019/05/16 06:05:00",V>>S_NIL_DVBG_DVBR,1258.14802,0,0,"2019/05/16 06:00:26",,"2019/05/14 00:00:00",1,212.92974
D,P5MIN,CONSTRAINTSOLUTION,6,"2019/05/16 06:05:00",0,"2019/05/16 06:05:00",V>>V_NIL1A_R,1310.91585,0,0,"2019/05/16 06:00:26",,"2019/05/06 00:00:00",1,-419.25821
D,P5MIN,CONSTRAINTSOLUTION,6,"2019/05/16 06:05:00",0,"2019/05/16 06:05:00",V>>V_NIL_1A,1984.69557,0,0,"2019/05/16 06:00:26",,"2019/05/06 00:00:00",1,384.13879
D,P5MIN,CONSTRAINTSOLUTION,6,"2019/05/16 06:05:00",0,"2019/05/16 06:05:00",V>>V_NIL_1B,1988.71775,0,0,"2019/05/16 06:00:26",,"2019/05/06 00:00:00",1,384.13879
D,P5MIN,CONSTRAINTSOLUTION,6,"2019/05/16 06:05:00",0,"2019/05/16 06:05:00",V>>V_NIL_2A_R,4839.84808,0,0,"2019/05/16 06:00:26",,"2019/05/06 00:00:00",1,2408.21082
D,P5MIN,CONSTRAINTSOLUTION,6,"2019/05/16 06:05:00",0,"2019/05/16 06:05:00",V>>V_NIL_2B_R,14839.84808,0,0,"2019/05/16 06:00:26",,"2019/05/06 00:00:00",1,2228.43282
D,P5MIN,CONSTRAINTSOLUTION,6,"2019/05/16 06:05:00",0,"2019/05/16 06:05:00",V>>V_NIL_3,2195.40333,0,0,"2019/05/16 06:00:26",,"2019/05/06 00:00:00",1,419.23627
D,P5MIN,CONSTRAINTSOLUTION,6,"2019/05/16 06:05:00",0,"2019/05/16 06:05:00",V>>V_NIL_4A,1310.51691,0,0,"2019/05/16 06:00:26",,"2019/05/06 00:00:00",1,113.4645
D,P5MIN,CONSTRAINTSOLUTION,6,"2019/05/16 06:05:00",0,"2019/05/16 06:05:00",V>>V_NIL_4B,1219.55582,0,0,"2019/05/16 06:00:26",,"2019/05/06 00:00:00",1,113.42764
D,P5MIN,CONSTRAINTSOLUTION,6,"2019/05/16 06:05:00",0,"2019/05/16 06:05:00",V>>V_NIL_4C,842.34196,0,0,"2019/05/16 06:00:26",,"2019/05/06 00:00:00",1,113.51169
D,P5MIN,CONSTRAINTSOLUTION,6,"2019/05/16 06:05:00",0,"2019/05/16 06:05:00",V>>V_NIL_5,894.80485,0,0,"2019/05/16 06:00:26",,"2019/05/06 00:00:00",1,-99.47945
D,P5MIN,CONSTRAINTSOLUTION,6,"2019/05/16 06:05:00",0,"2019/05/16 06:05:00",V>>V_NIL_6,424.56839,0,0,"2019/05/16 06:00:26",,"2019/05/06 00:00:00",1,-54.97934
D,P5MIN,CONSTRAINTSOLUTION,6,"2019/05/16 06:05:00",0,"2019/05/16 06:05:00",V>>V_NIL_6A_R,6279.47183,0,0,"2019/05/16 06:00:26",,"2019/05/06 00:00:00",1,3167.88368
D,P5MIN,CONSTRAINTSOLUTION,6,"2019/05/16 06:05:00",0,"2019/05/16 06:05:00",V>>V_NIL_6B_R,16279.47183,0,0,"2019/05/16 06:00:26",,"2019/05/06 00:00:00",1,2871.63568
D,P5MIN,CONSTRAINTSOLUTION,6,"2019/05/16 06:05:00",0,"2019/05/16 06:05:00",V>SML_NSWRB_10,504.15283,0,0,"2019/05/16 06:00:26",,"2019/05/06 00:00:00",1,-106.1111
D,P5MIN,CONSTRAINTSOLUTION,6,"2019/05/16 06:05:00",0,"2019/05/16 06:05:00",V>SML_NSWRB_9,350.88283,0,0,"2019/05/16 06:00:26",,"2019/05/06 00:00:00",1,-80.2916
D,P5MIN,CONSTRAINTSOLUTION,6,"2019/05/16 06:05:00",0,"2019/05/16 06:05:00",V>S_NIL_HYSE,742,0,0,"2019/05/16 06:00:26",,"2015/07/02 00:00:00",1,-160
D,P5MIN,CONSTRAINTSOLUTION,6,"2019/05/16 06:05:00",0,"2019/05/16 06:05:00",V>S_NIL_SETX_SETX,124.86923,0,0,"2019/05/16 06:00:26",,"2019/03/14 00:00:00",2,-3.759
D,P5MIN,CONSTRAINTSOLUTION,6,"2019/05/16 06:05:00",0,"2019/05/16 06:05:00",V>V_NIL_13,466.70619,0,0,"2019/05/16 06:00:26",,"2019/01/11 00:00:00",1,0.03994
D,P5MIN,CONSTRAINTSOLUTION,6,"2019/05/16 06:05:00",0,"2019/05/16 06:05:00",V>V_NIL_14,311.8519,0,0,"2019/05/16 06:00:26",,"2019/01/11 00:00:00",1,0.03994
D,P5MIN,CONSTRAINTSOLUTION,6,"2019/05/16 06:05:00",0,"2019/05/16 06:05:00",V>V_NIL_16,10279.5399,0,0,"2019/05/16 06:00:26",,"2019/01/11 00:00:00",1,0.03994
D,P5MIN,CONSTRAINTSOLUTION,6,"2019/05/16 06:05:00",0,"2019/05/16 06:05:00",V>V_NIL_17,10138.13,0,0,"2019/05/16 06:00:26",,"2019/02/28 00:00:00",1,0
D,P5MIN,CONSTRAINTSOLUTION,6,"2019/05/16 06:05:00",0,"2019/05/16 06:05:00",V>V_NIL_6,648.0762,0,0,"2019/05/16 06:00:26",,"2019/04/23 00:00:00",1,1.87295
D,P5MIN,CONSTRAINTSOLUTION,6,"2019/05/16 06:05:00",0,"2019/05/16 06:05:00",V>V_NIL_7,1018.61978,0,0,"2019/05/16 06:00:26",,"2019/01/29 00:00:00",1,0
D,P5MIN,CONSTRAINTSOLUTION,6,"2019/05/16 06:05:00",0,"2019/05/16 06:05:00",V>V_NIL_9,580.02963,0,0,"2019/05/16 06:00:26",,"2019/03/05 00:00:00",1,1.781
D,P5MIN,CONSTRAINTSOLUTION,6,"2019/05/16 06:05:00",0,"2019/05/16 06:05:00",V>V_NIL_RADIAL_10,12372.78207,0,0,"2019/05/16 06:00:26",,"2019/05/06 00:00:00",1,1456
D,P5MIN,CONSTRAINTSOLUTION,6,"2019/05/16 06:05:00",0,"2019/05/16 06:05:00",V>V_NIL_RADIAL_11,2161.73792,0,0,"2019/05/16 06:00:26",,"2019/01/11 00:00:00",1,1076
D,P5MIN,CONSTRAINTSOLUTION,6,"2019/05/16 06:05:00",0,"2019/05/16 06:05:00",VSML_220,220,0,0,"2019/05/16 06:00:26",,"2012/07/04 00:00:00",1,-9.28186
D,P5MIN,CONSTRAINTSOLUTION,6,"2019/05/16 06:05:00",0,"2019/05/16 06:05:00",VSML_ROC_80,71.01591,0,0,"2019/05/16 06:00:26",,"2016/08/23 00:00:00",1,-9.28186
D,P5MIN,CONSTRAINTSOLUTION,6,"2019/05/16 06:05:00",0,"2019/05/16 06:05:00",VSML_VFRB_OFF,240,0,0,"2019/05/16 06:00:26",,"2013/08/21 00:00:00",1,-9.28186
D,P5MIN,CONSTRAINTSOLUTION,6,"2019/05/16 06:05:00",0,"2019/05/16 06:05:00",VTBL_ROC,375.2,0,0,"2019/05/16 06:00:26",,"2014/01/15 00:00:00",1,184.20182
D,P5MIN,CONSTRAINTSOLUTION,6,"2019/05/16 06:05:00",0,"2019/05/16 06:05:00",V^SML_NIL_3,191.52089,0,0,"2019/05/16 06:00:26",,"2017/04/18 00:00:00",1,-9.28186
D,P5MIN,CONSTRAINTSOLUTION,6,"2019/05/16 06:05:00",0,"2019/05/16 06:05:00",V^SML_NSWRB_2,242.22497,0,0,"2019/05/16 06:00:26",,"2018/08/06 00:00:00",1,-9.28186
D,P5MIN,CONSTRAINTSOLUTION,6,"2019/05/16 06:05:00",0,"2019/05/16 06:05:00",V^S_HYCP,684.04844,0,0,"2019/05/16 06:00:26",,"2016/07/25 00:00:00",1,-160
D,P5MIN,CONSTRAINTSOLUTION,6,"2019/05/16 06:05:00",0,"2019/05/16 06:05:00",V^^N_NIL_1,573.13324,0,0,"2019/05/16 06:00:26",,"2019/05/15 00:00:00",1,-199.46093
D,P5MIN,CONSTRAINTSOLUTION,6,"2019/05/16 06:05:00",0,"2019/05/16 06:05:00",V^^S_NIL_MAXG_1,641.24585,0,0,"2019/05/16 06:00:26",,"2019/02/05 00:00:00",1,-157.03039
D,P5MIN,CONSTRAINTSOLUTION,6,"2019/05/16 06:05:00",0,"2019/05/16 06:05:00",V^^S_NIL_MAXG_2,10000,0,0,"2019/05/16 06:00:26",,"2019/02/05 00:00:00",1,-156.50413
D,P5MIN,CONSTRAINTSOLUTION,6,"2019/05/16 06:05:00",0,"2019/05/16 06:05:00",V^^S_NIL_MAXG_3,10000,0,0,"2019/05/16 06:00:26",,"2019/02/05 00:00:00",1,-156.80485
D,P5MIN,CONSTRAINTSOLUTION,6,"2019/05/16 06:05:00",0,"2019/05/16 06:05:00",V^^S_NIL_MAXG_SECP_1,10000,0,0,"2019/05/16 06:00:26",,"2019/02/11 00:00:00",1,-157.18075
D,P5MIN,CONSTRAINTSOLUTION,6,"2019/05/16 06:05:00",0,"2019/05/16 06:05:00",V^^S_NIL_MAXG_SECP_2,10000,0,0,"2019/05/16 06:00:26",,"2019/02/11 00:00:00",1,-156.50413
D,P5MIN,CONSTRAINTSOLUTION,6,"2019/05/16 06:05:00",0,"2019/05/16 06:05:00",V^^S_NIL_SETB_SECP_1,10000,0,0,"2019/05/16 06:00:26",,"2019/02/11 00:00:00",1,-156.54172
D,P5MIN,CONSTRAINTSOLUTION,6,"2019/05/16 06:05:00",0,"2019/05/16 06:05:00",V^^S_NIL_SETB_SECP_2,10000,0,0,"2019/05/16 06:00:26",,"2019/02/11 00:00:00",1,-156.35377
D,P5MIN,CONSTRAINTSOLUTION,6,"2019/05/16 06:05:00",0,"2019/05/16 06:05:00",V^^S_NIL_TBSE_1,789.39372,0,0,"2019/05/16 06:00:26",,"2019/02/04 00:00:00",1,-156.54172
D,P5MIN,CONSTRAINTSOLUTION,6,"2019/05/16 06:05:00",0,"2019/05/16 06:05:00",V^^S_NIL_TBSE_2,10000,0,0,"2019/05/16 06:00:26",,"2019/02/04 00:00:00",1,-156.35377
D,P5MIN,CONSTRAINTSOLUTION,6,"2019/05/16 06:05:00",0,"2019/05/16 06:05:00",V^^S_TBTX_MAXG,634.87292,0,0,"2019/05/16 06:00:26",,"2019/02/21 00:00:00",1,-156.88003
D,P5MIN,CONSTRAINTSOLUTION,6,"2019/05/16 06:05:00",0,"2019/05/16 06:05:00",V^^S_TBTX_MAXG_2-DS,10000,0,0,"2019/05/16 06:00:26",,"2019/02/21 00:00:00",1,-156.09064
D,P5MIN,CONSTRAINTSOLUTION,6,"2019/05/16 06:05:00",0,"2019/05/16 06:05:00",V^^S_TBTX_SETB,799.38897,0,0,"2019/05/16 06:00:26",,"2019/02/21 00:00:00",1,-156.27859
D,P5MIN,CONSTRAINTSOLUTION,6,"2019/05/16 06:05:00",0,"2019/05/16 06:05:00",V^^S_TBTX_SETB_2-DS,10000,0,0,"2019/05/16 06:00:26",,"2019/02/21 00:00:00",1,-156.05305
D,P5MIN,CONSTRAINTSOLUTION,6,"2019/05/16 06:05:00",0,"2019/05/16 06:05:00",V_GANWR_SF_BAT_50,50.001,0,0,"2019/05/16 06:00:26",,"2019/01/24 00:00:00",1,0
D,P5MIN,CONSTRAINTSOLUTION,6,"2019/05/16 06:05:00",0,"2019/05/16 06:05:00",V_S_NIL_ROCOF,1273.80002,0,0,"2019/05/16 06:00:26",,"2019/01/03 00:00:00",1,-160
D,P5MIN,CONSTRAINTSOLUTION,6,"2019/05/16 06:05:00",0,"2019/05/16 06:05:00",V_T_NIL_BL1,478,0,0,"2019/05/16 06:00:26",,"2014/11/11 00:00:00",1,184.20182
D,P5MIN,CONSTRAINTSOLUTION,6,"2019/05/16 06:05:00",0,"2019/05/16 06:05:00",V_T_NIL_FCSPS,443.3606,0,0,"2019/05/16 06:00:26",,"2016/12/20 00:00:00",1,184.20182
D,P5MIN,CONSTRAINTSOLUTION,6,"2019/05/16 06:05:00",0,"2019/05/16 06:10:00",DATASNAP,10075.237,0,0,"2019/05/16 06:00:26",,"2018/04/13 00:00:00",1,-49
D,P5MIN,CONSTRAINTSOLUTION,6,"2019/05/16 06:05:00",0,"2019/05/16 06:10:00",DATASNAP_DFS_LS,10040.54472,0,0,"2019/05/16 06:00:26",,"2018/04/13 00:00:00",1,-49
D,P5MIN,CONSTRAINTSOLUTION,6,"2019/05/16 06:05:00",0,"2019/05/16 06:10:00",DATASNAP_DFS_NCAN,10422.86758,0,0,"2019/05/16 06:00:26",,"2013/08/21 00:00:00",1,-49
D,P5MIN,CONSTRAINTSOLUTION,6,"2019/05/16 06:05:00",0,"2019/05/16 06:10:00",DATASNAP_DFS_NCWEST,10491.93262,0,0,"2019/05/16 06:00:26",,"2013/08/21 00:00:00",1,-49
D,P5MIN,CONSTRAINTSOLUTION,6,"2019/05/16 06:05:00",0,"2019/05/16 06:10:00",DATASNAP_DFS_NNTH,10429.49515,0,0,"2019/05/16 06:00:26",,"2013/08/21 00:00:00",1,-49
D,P5MIN,CONSTRAINTSOLUTION,6,"2019/05/16 06:05:00",0,"2019/05/16 06:10:00",DATASNAP_DFS_NSYD,13053.99756,0,0,"2019/05/16 06:00:26",,"2013/08/21 00:00:00",1,-49
D,P5MIN,CONSTRAINTSOLUTION,6,"2019/05/16 06:05:00",0,"2019/05/16 06:10:00",DATASNAP_DFS_NTE,10016.5,0,0,"2019/05/16 06:00:26",,"2018/04/13 00:00:00",1,-49
D,P5MIN,CONSTRAINTSOLUTION,6,"2019/05/16 06:05:00",0,"2019/05/16 06:10:00",DATASNAP_DFS_QCEN,10719.8429,0,0,"2019/05/16 06:00:26",,"2013/08/21 00:00:00",1,-49
D,P5MIN,CONSTRAINTSOLUTION,6,"2019/05/16 06:05:00",0,"2019/05/16 06:10:00",DATASNAP_DFS_QCIND,10858.3009,0,0,"2019/05/16 06:00:26",,"2013/08/21 00:00:00",1,-49
D,P5MIN,CONSTRAINTSOLUTION,6,"2019/05/16 06:05:00",0,"2019/05/16 06:10:00",DATASNAP_DFS_QFNQ,10167.22055,0,0,"2019/05/16 06:00:26",,"2013/08/21 00:00:00",1,-49
D,P5MIN,CONSTRAINTSOLUTION,6,"2019/05/16 06:05:00",0,"2019/05/16 06:10:00",DATASNAP_DFS_QNTH,10612.99072,0,0,"2019/05/16 06:00:26",,"2013/08/21 00:00:00",1,-49
D,P5MIN,CONSTRAINTSOLUTION,6,"2019/05/16 06:05:00",0,"2019/05/16 06:10:00",DATASNAP_DFS_QSTHE,11788.17114,0,0,"2019/05/16 06:00:26",,"2013/08/21 00:00:00",1,-49
D,P5MIN,CONSTRAINTSOLUTION,6,"2019/05/16 06:05:00",0,"2019/05/16 06:10:00",DATASNAP_DFS_QSTHW,11721.88648,0,0,"2019/05/16 06:00:26",,"2013/08/21 00:00:00",1,-49
D,P5MIN,CONSTRAINTSOLUTION,6,"2019/05/16 06:05:00",0,"2019/05/16 06:10:00",DATASNAP_DFS_Q_BCCP,10733.14429,0,0,"2019/05/16 06:00:26",,"2015/12/16 00:00:00",1,-49
D,P5MIN,CONSTRAINTSOLUTION,6,"2019/05/16 06:05:00",0,"2019/05/16 06:10:00",DATASNAP_DFS_Q_BCRG,10781.61249,0,0,"2019/05/16 06:00:26",,"2015/12/16 00:00:00",1,-49
D,P5MIN,CONSTRAINTSOLUTION,6,"2019/05/16 06:05:00",0,"2019/05/16 06:10:00",DATASNAP_DFS_Q_CLST,10863.02783,0,0,"2019/05/16 06:00:26",,"2013/08/21 00:00:00",1,-49
D,P5MIN,CONSTRAINTSOLUTION,6,"2019/05/16 06:05:00",0,"2019/05/16 06:10:00",DATASNAP_DFS_Q_CLWU,10862.10803,0,0,"2019/05/16 06:00:26",,"2013/08/21 00:00:00",1,-49
D,P5MIN,CONSTRAINTSOLUTION,6,"2019/05/16 06:05:00",0,"2019/05/16 06:10:00",DATASNAP_DFS_Q_LCCP,10764.94641,0,0,"2019/05/16 06:00:26",,"2015/12/16 00:00:00",1,-49
D,P5MIN,CONSTRAINTSOLUTION,6,"2019/05/16 06:05:00",0,"2019/05/16 06:10:00",DATASNAP_DFS_Q_RGLC,10742.92328,0,0,"2019/05/16 06:00:26",,"2017/10/19 00:00:00",1,-49
D,P5MIN,CONSTRAINTSOLUTION,6,"2019/05/16 06:05:00",0,"2019/05/16 06:10:00",DATASNAP_DFS_Q_TAMR,10315.4393,0,0,"2019/05/16 06:00:26",,"2013/08/21 00:00:00",1,-49
D,P5MIN,CONSTRAINTSOLUTION,6,"2019/05/16 06:05:00",0,"2019/05/16 06:10:00",DATASNAP_DFS_Q_TAMR2,10315.4393,0,0,"2019/05/16 06:00:26",,"2017/10/19 00:00:00",1,-49
D,P5MIN,CONSTRAINTSOLUTION,6,"2019/05/16 06:05:00",0,"2019/05/16 06:10:00",DATASNAP_DFS_SADL,10645.47986,0,0,"2019/05/16 06:00:26",,"2013/08/21 00:00:00",1,-49
D,P5MIN,CONSTRAINTSOLUTION,6,"2019/05/16 06:05:00",0,"2019/05/16 06:10:00",DATASNAP_DFS_SNTH,10222.45367,0,0,"2019/05/16 06:00:26",,"2013/08/21 00:00:00",1,-49
D,P5MIN,CONSTRAINTSOLUTION,6,"2019/05/16 06:05:00",0,"2019/05/16 06:10:00",DATASNAP_DFS_SRIV,10036.63096,0,0,"2019/05/16 06:00:26",,"2013/08/21 00:00:00",1,-49
D,P5MIN,CONSTRAINTSOLUTION,6,"2019/05/16 06:05:00",0,"2019/05/16 06:10:00",DATASNAP_DFS_SSE,10072.76515,0,0,"2019/05/16 06:00:26",,"2013/08/21 00:00:00",1,-49
D,P5MIN,CONSTRAINTSOLUTION,6,"2019/05/16 06:05:00",0,"2019/05/16 06:10:00",DATASNAP_DFS_SWNSW,10683.52637,0,0,"2019/05/16 06:00:26",,"2018/04/13 00:00:00",1,-49
D,P5MIN,CONSTRAINTSOLUTION,6,"2019/05/16 06:05:00",0,"2019/05/16 06:10:00",DATASNAP_DFS_TNTH,10115.55936,0,0,"2019/05/16 06:00:26",,"2013/08/21 00:00:00",1,-49
D,P5MIN,CONSTRAINTSOLUTION,6,"2019/05/16 06:05:00",0,"2019/05/16 06:10:00",DATASNAP_DFS_TNWEST,10136.63858,0,0,"2019/05/16 06:00:26",,"2013/08/21 00:00:00",1,-49
D,P5MIN,CONSTRAINTSOLUTION,6,"2019/05/16 06:05:00",0,"2019/05/16 06:10:00",DATASNAP_DFS_TWCST,10062.04958,0,0,"2019/05/16 06:00:26",,"2013/08/21 00:00:00",1,-49
D,P5MIN,CONSTRAINTSOLUTION,6,"2019/05/16 06:05:00",0,"2019/05/16 06:10:00",DATASNAP_DFS_T_FASH1,10603.84314,0,0,"2019/05/16 06:00:26",,"2016/03/17 00:00:00",1,-49
D,P5MIN,CONSTRAINTSOLUTION,6,"2019/05/16 06:05:00",0,"2019/05/16 06:10:00",DATASNAP_DFS_T_GOCS1,10475.63501,0,0,"2019/05/16 06:00:26",,"2016/03/17 00:00:00",1,-49
D,P5MIN,CONSTRAINTSOLUTION,6,"2019/05/16 06:05:00",0,"2019/05/16 06:10:00",DATASNAP_DFS_T_HAGT1,10460.06867,0,0,"2019/05/16 06:00:26",,"2016/03/17 00:00:00",1,-49
D,P5MIN,CONSTRAINTSOLUTION,6,"2019/05/16 06:05:00",0,"2019/05/16 06:10:00",DATASNAP_DFS_T_PMHA1,10476.4953,0,0,"2019/05/16 06:00:26",,"2016/03/17 00:00:00",1,-49
D,P5MIN,CONSTRAINTSOLUTION,6,"2019/05/16 06:05:00",0,"2019/05/16 06:10:00",DATASNAP_DFS_T_PMHA3,10145.60226,0,0,"2019/05/16 06:00:26",,"2016/03/17 00:00:00",1,-49
D,P5MIN,CONSTRAINTSOLUTION,6,"2019/05/16 06:05:00",0,"2019/05/16 06:10:00",DATASNAP_DFS_T_SHGT,10517.61713,0,0,"2019/05/16 06:00:26",,"2013/08/21 00:00:00",1,-49
D,P5MIN,CONSTRAINTSOLUTION,6,"2019/05/16 06:05:00",0,"2019/05/16 06:10:00",DATASNAP_DFS_T_SHPM,10394.73419,0,0,"2019/05/16 06:00:26",,"2016/03/17 00:00:00",1,-49
D,P5MIN,CONSTRAINTSOLUTION,6,"2019/05/16 06:05:00",0,"2019/05/16 06:10:00",DATASNAP_DFS_T_TATU,10119.94269,0,0,"2019/05/16 06:00:26",,"2013/08/21 00:00:00",1,-49
D,P5MIN,CONSTRAINTSOLUTION,6,"2019/05/16 06:05:00",0,"2019/05/16 06:10:00",DATASNAP_DFS_T_WALE,10145.79652,0,0,"2019/05/16 06:00:26",,"2016/03/17 00:00:00",1,-49
D,P5MIN,CONSTRAINTSOLUTION,6,"2019/05/16 06:05:00",0,"2019/05/16 06:10:00",DATASNAP_DFS_VIC_SG,10717.1673,0,0,"2019/05/16 06:00:26",,"2018/04/13 00:00:00",1,-49
D,P5MIN,CONSTRAINTSOLUTION,6,"2019/05/16 06:05:00",0,"2019/05/16 06:10:00",DATASNAP_DFS_VMEL,13086.47705,0,0,"2019/05/16 06:00:26",,"2013/08/21 00:00:00",1,-49
D,P5MIN,CONSTRAINTSOLUTION,6,"2019/05/16 06:05:00",0,"2019/05/16 06:10:00",DATASNAP_DFS_V_BABE,10437.45743,0,0,"2019/05/16 06:00:26",,"2013/08/21 00:00:00",1,-49
D,P5MIN,CONSTRAINTSOLUTION,6,"2019/05/16 06:05:00",0,"2019/05/16 06:10:00",DATASNAP_PDID_1,10020,0,0,"2019/05/16 06:00:26",,"2018/04/13 00:00:00",1,-49
D,P5MIN,CONSTRAINTSOLUTION,6,"2019/05/16 06:05:00",0,"2019/05/16 06:10:00",DATASNAP_Q::NIL_CS,14290.98555,0,0,"2019/05/16 06:00:26",,"2018/09/17 00:00:00",2,3266.29
D,P5MIN,CONSTRAINTSOLUTION,6,"2019/05/16 06:05:00",0,"2019/05/16 06:10:00",DATASNAP_Q>NIL_BI_FB,10533.0396,0,0,"2019/05/16 06:00:26",,"2018/10/16 00:00:00",1,-49
D,P5MIN,CONSTRAINTSOLUTION,6,"2019/05/16 06:05:00",0,"2019/05/16 06:10:00",DATASNAP_TE_967_1,10016.5,0,0,"2019/05/16 06:00:26",,"2018/04/13 00:00:00",1,-49
D,P5MIN,CONSTRAINTSOLUTION,6,"2019/05/16 06:05:00",0,"2019/05/16 06:10:00",DATASNAP_T_PD_INER,10075.237,0,0,"2019/05/16 06:00:26",,"2018/04/13 00:00:00",1,-49
D,P5MIN,CONSTRAINTSOLUTION,6,"2019/05/16 06:05:00",0,"2019/05/16 06:10:00",DATASNAP_T_PD_INER2,10075.237,0,0,"2019/05/16 06:00:26",,"2018/04/13 00:00:00",1,-49
D,P5MIN,CONSTRAINTSOLUTION,6,"2019/05/16 06:05:00",0,"2019/05/16 06:10:00",DATA_MMS_ALERT1,10274,0,0,"2019/05/16 06:00:26",,"2013/08/21 00:00:00",1,-49
D,P5MIN,CONSTRAINTSOLUTION,6,"2019/05/16 06:05:00",0,"2019/05/16 06:10:00",DSANP_Q^^NIL_TR_CLHA,16631.56196,0,0,"2019/05/16 06:00:26",,"2018/01/10 00:00:00",1,3745.06883
D,P5MIN,CONSTRAINTSOLUTION,6,"2019/05/16 06:05:00",0,"2019/05/16 06:10:00",DSNAP_DFS_V_BABE_5M,10437.45743,0,0,"2019/05/16 06:00:26",,"2014/05/19 00:00:00",1,-49
D,P5MIN,CONSTRAINTSOLUTION,6,"2019/05/16 06:05:00",0,"2019/05/16 06:10:00",DSNAP_DFS_V_BAML,10547.03973,0,0,"2019/05/16 06:00:26",,"2014/05/19 00:00:00",1,-49
D,P5MIN,CONSTRAINTSOLUTION,6,"2019/05/16 06:05:00",0,"2019/05/16 06:10:00",DSNAP_DFS_V_BAML_5M,10612.92407,0,0,"2019/05/16 06:00:26",,"2014/05/19 00:00:00",1,-49
D,P5MIN,CONSTRAINTSOLUTION,6,"2019/05/16 06:05:00",0,"2019/05/16 06:10:00",DSNAP_DFS_V_DDMB,10596.1756,0,0,"2019/05/16 06:00:26",,"2014/05/19 00:00:00",1,-49
D,P5MIN,CONSTRAINTSOLUTION,6,"2019/05/16 06:05:00",0,"2019/05/16 06:10:00",DSNAP_DFS_V_DDMS,11405.73242,0,0,"2019/05/16 06:00:26",,"2019/01/29 00:00:00",1,-49
D,P5MIN,CONSTRAINTSOLUTION,6,"2019/05/16 06:05:00",0,"2019/05/16 06:10:00",DSNAP_DFS_V_DDSM,11177.79468,0,0,"2019/05/16 06:00:26",,"2014/05/19 00:00:00",1,-49
D,P5MIN,CONSTRAINTSOLUTION,6,"2019/05/16 06:05:00",0,"2019/05/16 06:10:00",DSNAP_DFS_V_NIL_3,12184.80509,0,0,"2019/05/16 06:00:26",,"2018/09/03 00:00:00",1,474.38107
D,P5MIN,CONSTRAINTSOLUTION,6,"2019/05/16 06:05:00",0,"2019/05/16 06:10:00",DSNAP_DFS_V_NIL_8,10747.20891,0,0,"2019/05/16 06:00:26",,"2018/09/03 00:00:00",1,-56.63709
D,P5MIN,CONSTRAINTSOLUTION,6,"2019/05/16 06:05:00",0,"2019/05/16 06:10:00",DSNAP_DFS_V_ROYP,10550.91681,0,0,"2019/05/16 06:00:26",,"2014/05/19 00:00:00",1,-49
D,P5MIN,CONSTRAINTSOLUTION,6,"2019/05/16 06:05:00",0,"2019/05/16 06:10:00",DSNAP_Q>>CPGG1_OUT,14044.86758,0,0,"2019/05/16 06:00:26",,"2018/08/24 00:00:00",1,-49
D,P5MIN,CONSTRAINTSOLUTION,6,"2019/05/16 06:05:00",0,"2019/05/16 06:10:00",DSNAP_Q>>GGWU_OUT_1,12993.77873,0,0,"2019/05/16 06:00:26",,"2018/06/27 00:00:00",1,-49
D,P5MIN,CONSTRAINTSOLUTION,6,"2019/05/16 06:05:00",0,"2019/05/16 06:10:00",DSNAP_Q>>GGWU_OUT_2,14024.65084,0,0,"2019/05/16 06:00:26",,"2018/07/19 00:00:00",1,-49
D,P5MIN,CONSTRAINTSOLUTION,6,"2019/05/16 06:05:00",0,"2019/05/16 06:10:00",DSNAP_Q>NIL_TV66,10410.96679,0,0,"2019/05/16 06:00:26",,"2018/08/17 00:00:00",2,0
D,P5MIN,CONSTRAINTSOLUTION,6,"2019/05/16 06:05:00",0,"2019/05/16 06:10:00",DSNAP_QNI_1100_DYN,11100,0,0,"2019/05/16 06:00:26",,"2019/03/11 00:00:00",1,380.56012
D,P5MIN,CONSTRAINTSOLUTION,6,"2019/05/16 06:05:00",0,"2019/05/16 06:10:00",DSNAP_QNI_1150_DYN,11150,0,0,"2019/05/16 06:00:26",,"2019/03/11 00:00:00",1,380.56012
D,P5MIN,CONSTRAINTSOLUTION,6,"2019/05/16 06:05:00",0,"2019/05/16 06:10:00",DSNAP_Q^CN_FDR-180,-10674.29447,0,0,"2019/05/16 06:00:26",,"2018/11/30 00:00:00",2,46.224
D,P5MIN,CONSTRAINTSOLUTION,6,"2019/05/16 06:05:00",0,"2019/05/16 06:10:00",DSNAP_Q^CN_FDR_CO_OP,-10388.85247,0,0,"2019/05/16 06:00:26",,"2018/11/30 00:00:00",2,376.53667
D,P5MIN,CONSTRAINTSOLUTION,6,"2019/05/16 06:05:00",0,"2019/05/16 06:10:00",DSNAP_Q^WOPW_WOSP_O,13741.82127,0,0,"2019/05/16 06:00:26",,"2019/05/01 00:00:00",1,3266.29
D,P5MIN,CONSTRAINTSOLUTION,6,"2019/05/16 06:05:00",0,"2019/05/16 06:10:00",DSNAP_Q^^NIL_SRAR,10973.86409,0,0,"2019/05/16 06:00:26",,"2019/03/29 00:00:00",1,620.10748
D,P5MIN,CONSTRAINTSOLUTION,6,"2019/05/16 06:05:00",0,"2019/05/16 06:10:00",DSNAP_Q^^TR_CLHA,14949.58096,0,0,"2019/05/16 06:00:26",,"2018/01/12 00:00:00",1,2106.59718
D,P5MIN,CONSTRAINTSOLUTION,6,"2019/05/16 06:05:00",0,"2019/05/16 06:10:00",DSNAP_Q^^TR_TRBK,15269.85086,0,0,"2019/05/16 06:00:26",,"2018/01/12 00:00:00",1,2803.87332
D,P5MIN,CONSTRAINTSOLUTION,6,"2019/05/16 06:05:00",0,"2019/05/16 06:10:00",DSNAP_Q^^TR_TRBK_2,15791.2781,0,0,"2019/05/16 06:00:26",,"2018/12/12 00:00:00",1,3620.80507
D,P5MIN,CONSTRAINTSOLUTION,6,"2019/05/16 06:05:00",0,"2019/05/16 06:10:00",DSNAP_Q_TR_2000,14422.93697,0,0,"2019/05/16 06:00:26",,"2018/12/24 00:00:00",1,4440.33563
D,P5MIN,CONSTRAINTSOLUTION,6,"2019/05/16 06:05:00",0,"2019/05/16 06:10:00",DSNAP_S:VS_650_DYN,10650,0,0,"2019/05/16 06:00:26",,"2019/03/11 00:00:00",1,194.19623
D,P5MIN,CONSTRAINTSOLUTION,6,"2019/05/16 06:05:00",0,"2019/05/16 06:10:00",DSNAP_S:VS_700_DYN,10700,0,0,"2019/05/16 06:00:26",,"2019/03/11 00:00:00",1,194.19623
D,P5MIN,CONSTRAINTSOLUTION,6,"2019/05/16 06:05:00",0,"2019/05/16 06:10:00",DSNAP_S:V_500_DYN,10500,0,0,"2019/05/16 06:00:26",,"2019/03/11 00:00:00",1,176.19623
D,P5MIN,CONSTRAINTSOLUTION,6,"2019/05/16 06:05:00",0,"2019/05/16 06:10:00",DSNAP_S:V_550_DYN,10550,0,0,"2019/05/16 06:00:26",,"2019/03/11 00:00:00",1,176.19623
D,P5MIN,CONSTRAINTSOLUTION,6,"2019/05/16 06:05:00",0,"2019/05/16 06:10:00",DSNAP_S>V_460_DYN,10460,0,0,"2019/05/16 06:00:26",,"2019/03/11 00:00:00",1,176.19623
D,P5MIN,CONSTRAINTSOLUTION,6,"2019/05/16 06:05:00",0,"2019/05/16 06:10:00",DSNAP_SA_UNITS_ON,10010,0,0,"2019/05/16 06:00:26",,"2016/05/16 00:00:00",1,-49
D,P5MIN,CONSTRAINTSOLUTION,6,"2019/05/16 06:05:00",0,"2019/05/16 06:10:00",DSNAP_SNIL_1,10660.07794,0,0,"2019/05/16 06:00:26",,"2016/04/11 00:00:00",1,173.57399
D,P5MIN,CONSTRAINTSOLUTION,6,"2019/05/16 06:05:00",0,"2019/05/16 06:10:00",DSNAP_SNIL_2,10691.24409,0,0,"2019/05/16 06:00:26",,"2016/04/11 00:00:00",1,-173.46473
D,P5MIN,CONSTRAINTSOLUTION,6,"2019/05/16 06:05:00",0,"2019/05/16 06:10:00",DSNAP_SNIL_3,20664.28367,0,0,"2019/05/16 06:00:26",,"2016/04/11 00:00:00",1,-172.84559
D,P5MIN,CONSTRAINTSOLUTION,6,"2019/05/16 06:05:00",0,"2019/05/16 06:10:00",DSNAP_SNIL_4,20725.30827,0,0,"2019/05/16 06:00:26",,"2016/04/11 00:00:00",1,-172.51781
D,P5MIN,CONSTRAINTSOLUTION,6,"2019/05/16 06:05:00",0,"2019/05/16 06:10:00",DSNAP_SNIL_5,10640.46711,0,0,"2019/05/16 06:00:26",,"2016/04/11 00:00:00",1,-173.31905
D,P5MIN,CONSTRAINTSOLUTION,6,"2019/05/16 06:05:00",0,"2019/05/16 06:10:00",DSNAP_SNIL_6,10776.51438,0,0,"2019/05/16 06:00:26",,"2016/04/11 00:00:00",1,-172.51781
D,P5MIN,CONSTRAINTSOLUTION,6,"2019/05/16 06:05:00",0,"2019/05/16 06:10:00",DSNAP_SNIL_7,20581.0365,0,0,"2019/05/16 06:00:26",,"2016/04/11 00:00:00",1,-173.46473
D,P5MIN,CONSTRAINTSOLUTION,6,"2019/05/16 06:05:00",0,"2019/05/16 06:10:00",DSNAP_SNIL_8,20764.30753,0,0,"2019/05/16 06:00:26",,"2016/04/11 00:00:00",1,-172.84559
D,P5MIN,CONSTRAINTSOLUTION,6,"2019/05/16 06:05:00",0,"2019/05/16 06:10:00",DSNAP_SNIL_9,10789.40572,0,0,"2019/05/16 06:00:26",,"2016/04/11 00:00:00",1,-172.84559
D,P5MIN,CONSTRAINTSOLUTION,6,"2019/05/16 06:05:00",0,"2019/05/16 06:10:00",DSNAP_SNIL_TBTU_TBMO,10230.34592,0,0,"2019/05/16 06:00:26",,"2015/06/29 00:00:00",2,-49
D,P5MIN,CONSTRAINTSOLUTION,6,"2019/05/16 06:05:00",0,"2019/05/16 06:10:00",DSNAP_SV_250_DYN,10250,0,0,"2019/05/16 06:00:26",,"2019/03/11 00:00:00",1,176.19623
D,P5MIN,CONSTRAINTSOLUTION,6,"2019/05/16 06:05:00",0,"2019/05/16 06:10:00",DSNAP_S_NOTI_NOTI_3,10139.3398,0,0,"2019/05/16 06:00:26",,"2014/02/24 00:00:00",1,-49
D,P5MIN,CONSTRAINTSOLUTION,6,"2019/05/16 06:05:00",0,"2019/05/16 06:10:00",DSNAP_S_SETX_SETX,10290.43819,0,0,"2019/05/16 06:00:26",,"2014/02/17 00:00:00",1,-49
D,P5MIN,CONSTRAINTSOLUTION,6,"2019/05/16 06:05:00",0,"2019/05/16 06:10:00",DSNAP_S_V_000_DYN,9975,0,0,"2019/05/16 06:00:26",,"2019/03/11 00:00:00",1,176.19623
D,P5MIN,CONSTRAINTSOLUTION,6,"2019/05/16 06:05:00",0,"2019/05/16 06:10:00",DSNAP_T_NIL_BL_6,10136.98055,0,0,"2019/05/16 06:00:26",,"2017/07/21 00:00:00",1,-122.48661
D,P5MIN,CONSTRAINTSOLUTION,6,"2019/05/16 06:05:00",0,"2019/05/16 06:10:00",DSNAP_V:SS_650_DYN,10650,0,0,"2019/05/16 06:00:26",,"2019/03/11 00:00:00",1,-194.19623
D,P5MIN,CONSTRAINTSOLUTION,6,"2019/05/16 06:05:00",0,"2019/05/16 06:10:00",DSNAP_V:SS_720_DYN,10720,0,0,"2019/05/16 06:00:26",,"2019/03/11 00:00:00",1,-194.19623
D,P5MIN,CONSTRAINTSOLUTION,6,"2019/05/16 06:05:00",0,"2019/05/16 06:10:00",DSNAP_V:SS_790_DYN,10790,0,0,"2019/05/16 06:00:26",,"2019/03/11 00:00:00",1,-194.19623
D,P5MIN,CONSTRAINTSOLUTION,6,"2019/05/16 06:05:00",0,"2019/05/16 06:10:00",DSNAP_V:SS_820_DYN,10820,0,0,"2019/05/16 06:00:26",,"2019/03/11 00:00:00",1,-194.19623
D,P5MIN,CONSTRAINTSOLUTION,6,"2019/05/16 06:05:00",0,"2019/05/16 06:10:00",DSNAP_V:SS_850_DYN,10850,0,0,"2019/05/16 06:00:26",,"2019/03/11 00:00:00",1,-194.19623
D,P5MIN,CONSTRAINTSOLUTION,6,"2019/05/16 06:05:00",0,"2019/05/16 06:10:00",DSNAP_V:SS_870_DYN,10870,0,0,"2019/05/16 06:00:26",,"2019/03/11 00:00:00",1,-194.19623
D,P5MIN,CONSTRAINTSOLUTION,6,"2019/05/16 06:05:00",0,"2019/05/16 06:10:00",DSNAP_V:S_500_DYN,10500,0,0,"2019/05/16 06:00:26",,"2019/03/11 00:00:00",1,-176.19623
D,P5MIN,CONSTRAINTSOLUTION,6,"2019/05/16 06:05:00",0,"2019/05/16 06:10:00",DSNAP_V:S_570_DYN,10570,0,0,"2019/05/16 06:00:26",,"2019/03/11 00:00:00",1,-176.19623
D,P5MIN,CONSTRAINTSOLUTION,6,"2019/05/16 06:05:00",0,"2019/05/16 06:10:00",DSNAP_V:S_600_DYN,10600,0,0,"2019/05/16 06:00:26",,"2019/03/11 00:00:00",1,-176.19623
D,P5MIN,CONSTRAINTSOLUTION,6,"2019/05/16 06:05:00",0,"2019/05/16 06:10:00",DSNAP_V:S_650_DYN,10650,0,0,"2019/05/16 06:00:26",,"2019/03/11 00:00:00",1,-176.19623
D,P5MIN,CONSTRAINTSOLUTION,6,"2019/05/16 06:05:00",0,"2019/05/16 06:10:00",DSNAP_V>>V_NIL_1A,11980.13365,0,0,"2019/05/16 06:00:26",,"2019/01/29 00:00:00",1,386.24661
D,P5MIN,CONSTRAINTSOLUTION,6,"2019/05/16 06:05:00",0,"2019/05/16 06:10:00",DSNAP_V>>V_NIL_1C,11939.08299,0,0,"2019/05/16 06:00:26",,"2019/01/23 00:00:00",1,386.24661
D,P5MIN,CONSTRAINTSOLUTION,6,"2019/05/16 06:05:00",0,"2019/05/16 06:10:00",DSNAP_V>>V_NIL_1D,11942.3807,0,0,"2019/05/16 06:00:26",,"2019/01/23 00:00:00",1,386.24661
D,P5MIN,CONSTRAINTSOLUTION,6,"2019/05/16 06:05:00",0,"2019/05/16 06:10:00",DSNAP_V>S_460_DYN,10460,0,0,"2019/05/16 06:00:26",,"2019/03/11 00:00:00",1,-176.19623
D,P5MIN,CONSTRAINTSOLUTION,6,"2019/05/16 06:05:00",0,"2019/05/16 06:10:00",DSNAP_V>V_NIL_7,11018.49978,0,0,"2019/05/16 06:00:26",,"2019/01/24 00:00:00",1,0
D,P5MIN,CONSTRAINTSOLUTION,6,"2019/05/16 06:05:00",0,"2019/05/16 06:10:00",DSNAP_VS_250_DYN,10250,0,0,"2019/05/16 06:00:26",,"2019/03/11 00:00:00",1,-176.19623
D,P5MIN,CONSTRAINTSOLUTION,6,"2019/05/16 06:05:00",0,"2019/05/16 06:10:00",F_I+LREG_0120,120,0,0,"2019/05/16 06:00:26",,"2013/08/21 00:00:00",1,190
D,P5MIN,CONSTRAINTSOLUTION,6,"2019/05/16 06:05:00",0,"2019/05/16 06:10:00",F_I+LREG_0190,190,12.31,0,"2019/05/16 06:00:26",,"2019/04/16 00:00:00",1,190
D,P5MIN,CONSTRAINTSOLUTION,6,"2019/05/16 06:05:00",0,"2019/05/16 06:10:00",F_I+ML_L5_0400,305.93952,0,0,"2019/05/16 06:00:26",,"2013/08/21 00:00:00",1,399.24
D,P5MIN,CONSTRAINTSOLUTION,6,"2019/05/16 06:05:00",0,"2019/05/16 06:10:00",F_I+ML_L60_0400,49.56241,0,0,"2019/05/16 06:00:26",,"2013/08/21 00:00:00",1,142.87
D,P5MIN,CONSTRAINTSOLUTION,6,"2019/05/16 06:05:00",0,"2019/05/16 06:10:00",F_I+ML_L6_0400,49.56241,0,0,"2019/05/16 06:00:26",,"2013/08/21 00:00:00",1,49.56
D,P5MIN,CONSTRAINTSOLUTION,6,"2019/05/16 06:05:00",0,"2019/05/16 06:10:00",F_I+NIL_APD_TL_L5,399.23951,0.19,0,"2019/05/16 06:00:26",,"2014/03/03 00:00:00",1,399.24
D,P5MIN,CONSTRAINTSOLUTION,6,"2019/05/16 06:05:00",0,"2019/05/16 06:10:00",F_I+NIL_APD_TL_L6,-158.37166,0,0,"2019/05/16 06:00:26",,"2014/03/03 00:00:00",1,49.56
D,P5MIN,CONSTRAINTSOLUTION,6,"2019/05/16 06:05:00",0,"2019/05/16 06:10:00",F_I+NIL_APD_TL_L60,142.86239,0.05,0,"2019/05/16 06:00:26",,"2014/03/03 00:00:00",1,142.87
D,P5MIN,CONSTRAINTSOLUTION,6,"2019/05/16 06:05:00",0,"2019/05/16 06:10:00",F_I+NIL_BB_TG_R5,-94.06048,0,0,"2019/05/16 06:00:26",,"2013/08/21 00:00:00",1,655.97
D,P5MIN,CONSTRAINTSOLUTION,6,"2019/05/16 06:05:00",0,"2019/05/16 06:10:00",F_I+NIL_BB_TG_R6,-651.67164,0,0,"2019/05/16 06:00:26",,"2013/08/21 00:00:00",1,399.57
D,P5MIN,CONSTRAINTSOLUTION,6,"2019/05/16 06:05:00",0,"2019/05/16 06:10:00",F_I+NIL_BB_TG_R60,-350.43759,0,0,"2019/05/16 06:00:26",,"2013/08/21 00:00:00",1,399.57
D,P5MIN,CONSTRAINTSOLUTION,6,"2019/05/16 06:05:00",0,"2019/05/16 06:10:00",F_I+NIL_MG_R5,655.97401,2,0,"2019/05/16 06:00:26",,"2013/08/21 00:00:00",1,655.97
D,P5MIN,CONSTRAINTSOLUTION,6,"2019/05/16 06:05:00",0,"2019/05/16 06:10:00",F_I+NIL_MG_R6,399.56241,0.49,0,"2019/05/16 06:00:26",,"2013/08/21 00:00:00",1,399.57
D,P5MIN,CONSTRAINTSOLUTION,6,"2019/05/16 06:05:00",0,"2019/05/16 06:10:00",F_I+NIL_MG_R60,399.56241,1.72781,0,"2019/05/16 06:00:26",,"2013/08/21 00:00:00",1,399.57
D,P5MIN,CONSTRAINTSOLUTION,6,"2019/05/16 06:05:00",0,"2019/05/16 06:10:00",F_I+NIL_RREG,130,0,0,"2019/05/16 06:00:26",,"2018/12/12 00:00:00",1,200
D,P5MIN,CONSTRAINTSOLUTION,6,"2019/05/16 06:05:00",0,"2019/05/16 06:10:00",F_I+NIL_WF_TG_R5,-74.66791,0,0,"2019/05/16 06:00:26",,"2013/08/21 00:00:00",1,655.97
D,P5MIN,CONSTRAINTSOLUTION,6,"2019/05/16 06:05:00",0,"2019/05/16 06:10:00",F_I+NIL_WF_TG_R6,-651.67164,0,0,"2019/05/16 06:00:26",,"2013/08/21 00:00:00",1,399.57
D,P5MIN,CONSTRAINTSOLUTION,6,"2019/05/16 06:05:00",0,"2019/05/16 06:10:00",F_I+NIL_WF_TG_R60,-350.43759,0,0,"2019/05/16 06:00:26",,"2013/08/21 00:00:00",1,399.57
D,P5MIN,CONSTRAINTSOLUTION,6,"2019/05/16 06:05:00",0,"2019/05/16 06:10:00",F_I+RREG_0200,200,12.5,0,"2019/05/16 06:00:26",,"2013/08/21 00:00:00",1,200
D,P5MIN,CONSTRAINTSOLUTION,6,"2019/05/16 06:05:00",0,"2019/05/16 06:10:00",F_I+WIP_N-2_ML_L5,-94.06048,0,0,"2019/05/16 06:00:26",,"2017/05/16 00:00:00",1,399.24
D,P5MIN,CONSTRAINTSOLUTION,6,"2019/05/16 06:05:00",0,"2019/05/16 06:10:00",F_I+WIP_N-2_ML_L6,-350.43759,0,0,"2019/05/16 06:00:26",,"2017/05/16 00:00:00",1,49.56
D,P5MIN,CONSTRAINTSOLUTION,6,"2019/05/16 06:05:00",0,"2019/05/16 06:10:00",F_I+WIP_N-2_ML_L60,-350.43759,0,0,"2019/05/16 06:00:26",,"2017/05/16 00:00:00",1,142.87
D,P5MIN,CONSTRAINTSOLUTION,6,"2019/05/16 06:05:00",0,"2019/05/16 06:10:00",F_I+WIV_N-2_MG_R5,-94.02599,0,0,"2019/05/16 06:00:26",,"2017/05/16 00:00:00",1,655.97
D,P5MIN,CONSTRAINTSOLUTION,6,"2019/05/16 06:05:00",0,"2019/05/16 06:10:00",F_I+WIV_N-2_MG_R6,-350.43759,0,0,"2019/05/16 06:00:26",,"2017/05/16 00:00:00",1,399.57
D,P5MIN,CONSTRAINTSOLUTION,6,"2019/05/16 06:05:00",0,"2019/05/16 06:10:00",F_I+WIV_N-2_MG_R60,-350.43759,0,0,"2019/05/16 06:00:26",,"2017/05/16 00:00:00",1,399.57
D,P5MIN,CONSTRAINTSOLUTION,6,"2019/05/16 06:05:00",0,"2019/05/16 06:10:00",F_MAIN++APD_TL_L5,-75.07023,0,0,"2019/05/16 06:00:26",,"2014/03/03 00:00:00",1,142.94932
D,P5MIN,CONSTRAINTSOLUTION,6,"2019/05/16 06:05:00",0,"2019/05/16 06:10:00",F_MAIN++APD_TL_L6,-587.16811,0,0,"2019/05/16 06:00:26",,"2014/03/03 00:00:00",1,-126.73068
D,P5MIN,CONSTRAINTSOLUTION,6,"2019/05/16 06:05:00",0,"2019/05/16 06:10:00",F_MAIN++APD_TL_L60,-285.93406,0,0,"2019/05/16 06:00:26",,"2014/03/03 00:00:00",1,-61.75068
D,P5MIN,CONSTRAINTSOLUTION,6,"2019/05/16 06:05:00",0,"2019/05/16 06:10:00",F_MAIN++LREG_0120,-358,0,0,"2019/05/16 06:00:26",,"2013/08/21 00:00:00",1,-36.29068
D,P5MIN,CONSTRAINTSOLUTION,6,"2019/05/16 06:05:00",0,"2019/05/16 06:10:00",F_MAIN++LREG_0190,-288,0,0,"2019/05/16 06:00:26",,"2019/04/16 00:00:00",1,-36.29068
D,P5MIN,CONSTRAINTSOLUTION,6,"2019/05/16 06:05:00",0,"2019/05/16 06:10:00",F_MAIN++ML_L5_0400,-168.37022,0,0,"2019/05/16 06:00:26",,"2013/08/21 00:00:00",1,142.94932
D,P5MIN,CONSTRAINTSOLUTION,6,"2019/05/16 06:05:00",0,"2019/05/16 06:10:00",F_MAIN++ML_L60_0400,-379.23405,0,0,"2019/05/16 06:00:26",,"2013/08/21 00:00:00",1,-61.75068
D,P5MIN,CONSTRAINTSOLUTION,6,"2019/05/16 06:05:00",0,"2019/05/16 06:10:00",F_MAIN++ML_L6_0400,-379.23405,0,0,"2019/05/16 06:00:26",,"2013/08/21 00:00:00",1,-126.73068
D,P5MIN,CONSTRAINTSOLUTION,6,"2019/05/16 06:05:00",0,"2019/05/16 06:10:00",F_MAIN++NIL_BL_L5,-220.37022,0,0,"2019/05/16 06:00:26",,"2013/08/21 00:00:00",1,142.94932
D,P5MIN,CONSTRAINTSOLUTION,6,"2019/05/16 06:05:00",0,"2019/05/16 06:10:00",F_MAIN++NIL_BL_L6,-602.4681,0,0,"2019/05/16 06:00:26",,"2013/08/21 00:00:00",1,-126.73068
D,P5MIN,CONSTRAINTSOLUTION,6,"2019/05/16 06:05:00",0,"2019/05/16 06:10:00",F_MAIN++NIL_BL_L60,-301.23405,0,0,"2019/05/16 06:00:26",,"2013/08/21 00:00:00",1,-61.75068
D,P5MIN,CONSTRAINTSOLUTION,6,"2019/05/16 06:05:00",0,"2019/05/16 06:10:00",F_MAIN++NIL_BL_R5,-10220.37022,0,0,"2019/05/16 06:00:26",,"2013/08/21 00:00:00",1,768.29068
D,P5MIN,CONSTRAINTSOLUTION,6,"2019/05/16 06:05:00",0,"2019/05/16 06:10:00",F_MAIN++NIL_BL_R6,-10602.4681,0,0,"2019/05/16 06:00:26",,"2013/08/21 00:00:00",1,498.77068
D,P5MIN,CONSTRAINTSOLUTION,6,"2019/05/16 06:05:00",0,"2019/05/16 06:10:00",F_MAIN++NIL_BL_R60,-10301.23405,0,0,"2019/05/16 06:00:26",,"2013/08/21 00:00:00",1,498.77068
D,P5MIN,CONSTRAINTSOLUTION,6,"2019/05/16 06:05:00",0,"2019/05/16 06:10:00",F_MAIN++NIL_MG_R5,709.62979,0,0,"2019/05/16 06:00:26",,"2013/08/21 00:00:00",1,768.29068
D,P5MIN,CONSTRAINTSOLUTION,6,"2019/05/16 06:05:00",0,"2019/05/16 06:10:00",F_MAIN++NIL_MG_R6,498.76595,2.51,0,"2019/05/16 06:00:26",,"2013/08/21 00:00:00",1,498.77068
D,P5MIN,CONSTRAINTSOLUTION,6,"2019/05/16 06:05:00",0,"2019/05/16 06:10:00",F_MAIN++NIL_MG_R60,498.76595,3.08219,0,"2019/05/16 06:00:26",,"2013/08/21 00:00:00",1,498.77068
D,P5MIN,CONSTRAINTSOLUTION,6,"2019/05/16 06:05:00",0,"2019/05/16 06:10:00",F_MAIN++NIL_RREG,180,0,0,"2019/05/16 06:00:26",,"2018/12/12 00:00:00",1,326.29068
D,P5MIN,CONSTRAINTSOLUTION,6,"2019/05/16 06:05:00",0,"2019/05/16 06:10:00",F_MAIN++RREG_0200,250,0,0,"2019/05/16 06:00:26",,"2013/08/21 00:00:00",1,326.29068
D,P5MIN,CONSTRAINTSOLUTION,6,"2019/05/16 06:05:00",0,"2019/05/16 06:10:00",F_MAIN++WIPN-2_MLL60,-779.23405,0,0,"2019/05/16 06:00:26",,"2017/05/16 00:00:00",1,-61.75068
D,P5MIN,CONSTRAINTSOLUTION,6,"2019/05/16 06:05:00",0,"2019/05/16 06:10:00",F_MAIN++WIP_N-2_MLL5,-568.37022,0,0,"2019/05/16 06:00:26",,"2017/05/16 00:00:00",1,142.94932
D,P5MIN,CONSTRAINTSOLUTION,6,"2019/05/16 06:05:00",0,"2019/05/16 06:10:00",F_MAIN++WIP_N-2_MLL6,-779.23405,0,0,"2019/05/16 06:00:26",,"2017/05/16 00:00:00",1,-126.73068
D,P5MIN,CONSTRAINTSOLUTION,6,"2019/05/16 06:05:00",0,"2019/05/16 06:10:00",F_MAIN++WIVN-2_MGR60,-251.23405,0,0,"2019/05/16 06:00:26",,"2017/05/16 00:00:00",1,498.77068
D,P5MIN,CONSTRAINTSOLUTION,6,"2019/05/16 06:05:00",0,"2019/05/16 06:10:00",F_MAIN++WIV_N-2_MGR5,-40.37022,0,0,"2019/05/16 06:00:26",,"2017/05/16 00:00:00",1,768.29068
D,P5MIN,CONSTRAINTSOLUTION,6,"2019/05/16 06:05:00",0,"2019/05/16 06:10:00",F_MAIN++WIV_N-2_MGR6,-251.23405,0,0,"2019/05/16 06:00:26",,"2017/05/16 00:00:00",1,498.77068
D,P5MIN,CONSTRAINTSOLUTION,6,"2019/05/16 06:05:00",0,"2019/05/16 06:10:00",F_MAIN+APD_TL_L5,-9597.07023,0,0,"2019/05/16 06:00:26",,"2014/03/03 00:00:00",1,319.24
D,P5MIN,CONSTRAINTSOLUTION,6,"2019/05/16 06:05:00",0,"2019/05/16 06:10:00",F_MAIN+APD_TL_L6,-10109.16811,0,0,"2019/05/16 06:00:26",,"2014/03/03 00:00:00",1,49.56
D,P5MIN,CONSTRAINTSOLUTION,6,"2019/05/16 06:05:00",0,"2019/05/16 06:10:00",F_MAIN+APD_TL_L60,-9807.93406,0,0,"2019/05/16 06:00:26",,"2014/03/03 00:00:00",1,114.54
D,P5MIN,CONSTRAINTSOLUTION,6,"2019/05/16 06:05:00",0,"2019/05/16 06:10:00",F_MAIN+BLFCTRL_L5,16.99124,0,0,"2019/05/16 06:00:26",,"2014/07/01 00:00:00",1,319.24
D,P5MIN,CONSTRAINTSOLUTION,6,"2019/05/16 06:05:00",0,"2019/05/16 06:10:00",F_MAIN+BLFCTRL_L6,-193.8726,0,0,"2019/05/16 06:00:26",,"2014/07/01 00:00:00",1,49.56
D,P5MIN,CONSTRAINTSOLUTION,6,"2019/05/16 06:05:00",0,"2019/05/16 06:10:00",F_MAIN+BLFCTRL_L60,-193.8726,0,0,"2019/05/16 06:00:26",,"2014/07/01 00:00:00",1,114.54
D,P5MIN,CONSTRAINTSOLUTION,6,"2019/05/16 06:05:00",0,"2019/05/16 06:10:00",F_MAIN+BLFCTRL_R5,59.62979,0,0,"2019/05/16 06:00:26",,"2014/07/01 00:00:00",1,592
D,P5MIN,CONSTRAINTSOLUTION,6,"2019/05/16 06:05:00",0,"2019/05/16 06:10:00",F_MAIN+BLFCTRL_R6,-151.23405,0,0,"2019/05/16 06:00:26",,"2014/07/01 00:00:00",1,322.48
D,P5MIN,CONSTRAINTSOLUTION,6,"2019/05/16 06:05:00",0,"2019/05/16 06:10:00",F_MAIN+BLFCTRL_R60,-151.23405,0,0,"2019/05/16 06:00:26",,"2014/07/01 00:00:00",1,322.48
D,P5MIN,CONSTRAINTSOLUTION,6,"2019/05/16 06:05:00",0,"2019/05/16 06:10:00",F_MAIN+LREG_0120,-9880,0,0,"2019/05/16 06:00:26",,"2013/08/21 00:00:00",1,140
D,P5MIN,CONSTRAINTSOLUTION,6,"2019/05/16 06:05:00",0,"2019/05/16 06:10:00",F_MAIN+LREG_0190,-9810,0,0,"2019/05/16 06:00:26",,"2019/04/16 00:00:00",1,140
D,P5MIN,CONSTRAINTSOLUTION,6,"2019/05/16 06:05:00",0,"2019/05/16 06:10:00",F_MAIN+ML_L5_0400,-9690.37022,0,0,"2019/05/16 06:00:26",,"2013/08/21 00:00:00",1,319.24
D,P5MIN,CONSTRAINTSOLUTION,6,"2019/05/16 06:05:00",0,"2019/05/16 06:10:00",F_MAIN+ML_L60_0400,-9901.23405,0,0,"2019/05/16 06:00:26",,"2013/08/21 00:00:00",1,114.54
D,P5MIN,CONSTRAINTSOLUTION,6,"2019/05/16 06:05:00",0,"2019/05/16 06:10:00",F_MAIN+ML_L6_0400,-9901.23405,0,0,"2019/05/16 06:00:26",,"2013/08/21 00:00:00",1,49.56
D,P5MIN,CONSTRAINTSOLUTION,6,"2019/05/16 06:05:00",0,"2019/05/16 06:10:00",F_MAIN+NIL_DYN_LREG,0,0,0,"2019/05/16 06:00:26",,"2019/03/22 00:00:00",2,140
D,P5MIN,CONSTRAINTSOLUTION,6,"2019/05/16 06:05:00",0,"2019/05/16 06:10:00",F_MAIN+NIL_DYN_RREG,0,0,0,"2019/05/16 06:00:26",,"2019/03/22 00:00:00",2,150
D,P5MIN,CONSTRAINTSOLUTION,6,"2019/05/16 06:05:00",0,"2019/05/16 06:10:00",F_MAIN+NIL_MG_R5,-9340.37022,0,0,"2019/05/16 06:00:26",,"2013/08/21 00:00:00",1,592
D,P5MIN,CONSTRAINTSOLUTION,6,"2019/05/16 06:05:00",0,"2019/05/16 06:10:00",F_MAIN+NIL_MG_R6,-9551.23405,0,0,"2019/05/16 06:00:26",,"2013/08/21 00:00:00",1,322.48
D,P5MIN,CONSTRAINTSOLUTION,6,"2019/05/16 06:05:00",0,"2019/05/16 06:10:00",F_MAIN+NIL_MG_R60,-9551.23405,0,0,"2019/05/16 06:00:26",,"2013/08/21 00:00:00",1,322.48
D,P5MIN,CONSTRAINTSOLUTION,6,"2019/05/16 06:05:00",0,"2019/05/16 06:10:00",F_MAIN+NIL_RREG,-9870,0,0,"2019/05/16 06:00:26",,"2018/12/12 00:00:00",1,150
D,P5MIN,CONSTRAINTSOLUTION,6,"2019/05/16 06:05:00",0,"2019/05/16 06:10:00",F_MAIN+RREG_0200,-9800,0,0,"2019/05/16 06:00:26",,"2013/08/21 00:00:00",1,150
D,P5MIN,CONSTRAINTSOLUTION,6,"2019/05/16 06:05:00",0,"2019/05/16 06:10:00",F_MAIN+TASCAP_LREG,70,0,0,"2019/05/16 06:00:26",,"2019/01/11 00:00:00",1,140
D,P5MIN,CONSTRAINTSOLUTION,6,"2019/05/16 06:05:00",0,"2019/05/16 06:10:00",F_MAIN+TASCAP_RREG,80,0,0,"2019/05/16 06:00:26",,"2019/01/11 00:00:00",1,150
D,P5MIN,CONSTRAINTSOLUTION,6,"2019/05/16 06:05:00",0,"2019/05/16 06:10:00",F_MAIN+WIP_N-2_MLL60,-10301.23405,0,0,"2019/05/16 06:00:26",,"2017/05/16 00:00:00",1,114.54
D,P5MIN,CONSTRAINTSOLUTION,6,"2019/05/16 06:05:00",0,"2019/05/16 06:10:00",F_MAIN+WIP_N-2_ML_L5,-10090.37022,0,0,"2019/05/16 06:00:26",,"2017/05/16 00:00:00",1,319.24
D,P5MIN,CONSTRAINTSOLUTION,6,"2019/05/16 06:05:00",0,"2019/05/16 06:10:00",F_MAIN+WIP_N-2_ML_L6,-10301.23405,0,0,"2019/05/16 06:00:26",,"2017/05/16 00:00:00",1,49.56
D,P5MIN,CONSTRAINTSOLUTION,6,"2019/05/16 06:05:00",0,"2019/05/16 06:10:00",F_MAIN+WIV_N-2_MGR60,-10301.23405,0,0,"2019/05/16 06:00:26",,"2017/05/16 00:00:00",1,322.48
D,P5MIN,CONSTRAINTSOLUTION,6,"2019/05/16 06:05:00",0,"2019/05/16 06:10:00",F_MAIN+WIV_N-2_MG_R5,-10090.37022,0,0,"2019/05/16 06:00:26",,"2017/05/16 00:00:00",1,592
D,P5MIN,CONSTRAINTSOLUTION,6,"2019/05/16 06:05:00",0,"2019/05/16 06:10:00",F_MAIN+WIV_N-2_MG_R6,-10301.23405,0,0,"2019/05/16 06:00:26",,"2017/05/16 00:00:00",1,322.48
D,P5MIN,CONSTRAINTSOLUTION,6,"2019/05/16 06:05:00",0,"2019/05/16 06:10:00",F_Q++NIL_R5,1360,0,0,"2019/05/16 06:00:26",,"2013/10/02 00:00:00",1,531.56012
D,P5MIN,CONSTRAINTSOLUTION,6,"2019/05/16 06:05:00",0,"2019/05/16 06:10:00",F_Q++NIL_R6,1360,0,0,"2019/05/16 06:00:26",,"2013/10/02 00:00:00",1,424.04012
D,P5MIN,CONSTRAINTSOLUTION,6,"2019/05/16 06:05:00",0,"2019/05/16 06:10:00",F_Q++NIL_R60,1360,0,0,"2019/05/16 06:00:26",,"2013/10/02 00:00:00",1,423.56012
D,P5MIN,CONSTRAINTSOLUTION,6,"2019/05/16 06:05:00",0,"2019/05/16 06:10:00",F_Q_W/HOE_R5,10000,0,0,"2019/05/16 06:00:26",,"2017/05/17 00:00:00",1,60
D,P5MIN,CONSTRAINTSOLUTION,6,"2019/05/16 06:05:00",0,"2019/05/16 06:10:00",F_Q_W/HOE_R60,10000,0,0,"2019/05/16 06:00:26",,"2017/05/17 00:00:00",1,0
D,P5MIN,CONSTRAINTSOLUTION,6,"2019/05/16 06:05:00",0,"2019/05/16 06:10:00",F_S+NIL_HPR_G+L_LREG,300000,0,0,"2019/05/16 06:00:26",,"2017/11/13 00:00:00",1,40
D,P5MIN,CONSTRAINTSOLUTION,6,"2019/05/16 06:05:00",0,"2019/05/16 06:10:00",F_S+NIL_HPR_G+L_RREG,300000,0,0,"2019/05/16 06:00:26",,"2017/11/13 00:00:00",1,0
D,P5MIN,CONSTRAINTSOLUTION,6,"2019/05/16 06:05:00",0,"2019/05/16 06:10:00",F_T++LREG_0050,100,0,0,"2019/05/16 06:00:26",,"2015/01/29 00:00:00",1,226.29068
D,P5MIN,CONSTRAINTSOLUTION,6,"2019/05/16 06:05:00",0,"2019/05/16 06:10:00",F_T++NIL_BB_TG_R5,-10053.81562,0,0,"2019/05/16 06:00:26",,"2016/04/12 00:00:00",1,-112.32068
D,P5MIN,CONSTRAINTSOLUTION,6,"2019/05/16 06:05:00",0,"2019/05/16 06:10:00",F_T++NIL_BB_TG_R6,-10162.74346,0,0,"2019/05/16 06:00:26",,"2016/04/12 00:00:00",1,-99.20068
D,P5MIN,CONSTRAINTSOLUTION,6,"2019/05/16 06:05:00",0,"2019/05/16 06:10:00",F_T++NIL_BB_TG_R60,-9984.59344,0,0,"2019/05/16 06:00:26",,"2016/04/12 00:00:00",1,-99.20068
D,P5MIN,CONSTRAINTSOLUTION,6,"2019/05/16 06:05:00",0,"2019/05/16 06:10:00",F_T++NIL_BLSPS_L5,-20000.0001,0,0,"2019/05/16 06:00:26",,"2013/08/21 00:00:00",1,246.69694
D,P5MIN,CONSTRAINTSOLUTION,6,"2019/05/16 06:05:00",0,"2019/05/16 06:10:00",F_T++NIL_BLSPS_L60_1,-20000.0001,0,0,"2019/05/16 06:00:26",,"2013/08/21 00:00:00",1,237.45129
D,P5MIN,CONSTRAINTSOLUTION,6,"2019/05/16 06:05:00",0,"2019/05/16 06:10:00",F_T++NIL_BLSPS_L60_2,-20000.0001,0,0,"2019/05/16 06:00:26",,"2013/08/21 00:00:00",1,551.14469
D,P5MIN,CONSTRAINTSOLUTION,6,"2019/05/16 06:05:00",0,"2019/05/16 06:10:00",F_T++NIL_BLSPS_L60_3,-20000.0001,0,0,"2019/05/16 06:00:26",,"2013/08/21 00:00:00",1,932.41736
D,P5MIN,CONSTRAINTSOLUTION,6,"2019/05/16 06:05:00",0,"2019/05/16 06:10:00",F_T++NIL_BLSPS_L60_4,-20000.0001,0,0,"2019/05/16 06:00:26",,"2013/08/21 00:00:00",1,1472.61608
D,P5MIN,CONSTRAINTSOLUTION,6,"2019/05/16 06:05:00",0,"2019/05/16 06:10:00",F_T++NIL_BLSPS_L6_1,-20000.0001,0,0,"2019/05/16 06:00:26",,"2013/08/21 00:00:00",1,152.20585
D,P5MIN,CONSTRAINTSOLUTION,6,"2019/05/16 06:05:00",0,"2019/05/16 06:10:00",F_T++NIL_BLSPS_L6_2,-20000.0001,0,0,"2019/05/16 06:00:26",,"2013/08/21 00:00:00",1,368.79834
D,P5MIN,CONSTRAINTSOLUTION,6,"2019/05/16 06:05:00",0,"2019/05/16 06:10:00",F_T++NIL_BLSPS_L6_3,-20000.0001,0,0,"2019/05/16 06:00:26",,"2013/08/21 00:00:00",1,662.52858
D,P5MIN,CONSTRAINTSOLUTION,6,"2019/05/16 06:05:00",0,"2019/05/16 06:10:00",F_T++NIL_BLSPS_L6_4,-20000.0001,0,0,"2019/05/16 06:00:26",,"2013/08/21 00:00:00",1,1091.9621
D,P5MIN,CONSTRAINTSOLUTION,6,"2019/05/16 06:05:00",0,"2019/05/16 06:10:00",F_T++NIL_BLSPS_R5,-10000.0001,0,0,"2019/05/16 06:00:26",,"2013/08/21 00:00:00",1,-92.44919
D,P5MIN,CONSTRAINTSOLUTION,6,"2019/05/16 06:05:00",0,"2019/05/16 06:10:00",F_T++NIL_BLSPS_R60_1,-10000.0001,0,0,"2019/05/16 06:00:26",,"2013/08/21 00:00:00",1,-137.1684
D,P5MIN,CONSTRAINTSOLUTION,6,"2019/05/16 06:05:00",0,"2019/05/16 06:10:00",F_T++NIL_BLSPS_R60_2,-10000.0001,0,0,"2019/05/16 06:00:26",,"2013/08/21 00:00:00",1,-277.28247
D,P5MIN,CONSTRAINTSOLUTION,6,"2019/05/16 06:05:00",0,"2019/05/16 06:10:00",F_T++NIL_BLSPS_R60_3,-10000.0001,0,0,"2019/05/16 06:00:26",,"2013/08/21 00:00:00",1,-416.97345
D,P5MIN,CONSTRAINTSOLUTION,6,"2019/05/16 06:05:00",0,"2019/05/16 06:10:00",F_T++NIL_BLSPS_R60_4,-10000.0001,0,0,"2019/05/16 06:00:26",,"2013/08/21 00:00:00",1,-628.67035
D,P5MIN,CONSTRAINTSOLUTION,6,"2019/05/16 06:05:00",0,"2019/05/16 06:10:00",F_T++NIL_BLSPS_R6_1,-10000.0001,0,0,"2019/05/16 06:00:26",,"2013/08/21 00:00:00",1,-97.67577
D,P5MIN,CONSTRAINTSOLUTION,6,"2019/05/16 06:05:00",0,"2019/05/16 06:10:00",F_T++NIL_BLSPS_R6_2,-10000.0001,0,0,"2019/05/16 06:00:26",,"2013/08/21 00:00:00",1,-237.61883
D,P5MIN,CONSTRAINTSOLUTION,6,"2019/05/16 06:05:00",0,"2019/05/16 06:10:00",F_T++NIL_BLSPS_R6_3,-10000.0001,0,0,"2019/05/16 06:00:26",,"2013/08/21 00:00:00",1,-368.99594
D,P5MIN,CONSTRAINTSOLUTION,6,"2019/05/16 06:05:00",0,"2019/05/16 06:10:00",F_T++NIL_BLSPS_R6_4,-10000.0001,0,0,"2019/05/16 06:00:26",,"2013/08/21 00:00:00",1,-487.69069
D,P5MIN,CONSTRAINTSOLUTION,6,"2019/05/16 06:05:00",0,"2019/05/16 06:10:00",F_T++NIL_MG_R5,-9937.2953,0,0,"2019/05/16 06:00:26",,"2016/04/12 00:00:00",1,-112.32068
D,P5MIN,CONSTRAINTSOLUTION,6,"2019/05/16 06:05:00",0,"2019/05/16 06:10:00",F_T++NIL_MG_R6,-9988.07988,0,0,"2019/05/16 06:00:26",,"2016/04/12 00:00:00",1,-99.20068
D,P5MIN,CONSTRAINTSOLUTION,6,"2019/05/16 06:05:00",0,"2019/05/16 06:10:00",F_T++NIL_MG_R60,-9896.72814,0,0,"2019/05/16 06:00:26",,"2016/04/12 00:00:00",1,-99.20068
D,P5MIN,CONSTRAINTSOLUTION,6,"2019/05/16 06:05:00",0,"2019/05/16 06:10:00",F_T++NIL_MG_RECL_R5,-9949.73387,0,0,"2019/05/16 06:00:26",,"2016/12/02 00:00:00",1,-112.32068
D,P5MIN,CONSTRAINTSOLUTION,6,"2019/05/16 06:05:00",0,"2019/05/16 06:10:00",F_T++NIL_MG_RECL_R6,-10005.05323,0,0,"2019/05/16 06:00:26",,"2016/12/02 00:00:00",1,-99.20068
D,P5MIN,CONSTRAINTSOLUTION,6,"2019/05/16 06:05:00",0,"2019/05/16 06:10:00",F_T++NIL_MG_RECL_R60,-9906.55638,0,0,"2019/05/16 06:00:26",,"2016/12/02 00:00:00",1,-99.20068
D,P5MIN,CONSTRAINTSOLUTION,6,"2019/05/16 06:05:00",0,"2019/05/16 06:10:00",F_T++NIL_ML_L5,99.74209,0,0,"2019/05/16 06:00:26",,"2016/04/12 00:00:00",1,256.29068
D,P5MIN,CONSTRAINTSOLUTION,6,"2019/05/16 06:05:00",0,"2019/05/16 06:10:00",F_T++NIL_ML_L6,55.29732,0,0,"2019/05/16 06:00:26",,"2016/04/12 00:00:00",1,176.29068
D,P5MIN,CONSTRAINTSOLUTION,6,"2019/05/16 06:05:00",0,"2019/05/16 06:10:00",F_T++NIL_ML_L60,110.94716,0,0,"2019/05/16 06:00:26",,"2016/04/12 00:00:00",1,204.62068
D,P5MIN,CONSTRAINTSOLUTION,6,"2019/05/16 06:05:00",0,"2019/05/16 06:10:00",F_T++NIL_TL_L5_DS,-9833.43162,0,0,"2019/05/16 06:00:26",,"2016/10/25 00:00:00",1,256.29068
D,P5MIN,CONSTRAINTSOLUTION,6,"2019/05/16 06:05:00",0,"2019/05/16 06:10:00",F_T++NIL_TL_L60_DS,-9827.02259,0,0,"2019/05/16 06:00:26",,"2016/10/25 00:00:00",1,204.62068
D,P5MIN,CONSTRAINTSOLUTION,6,"2019/05/16 06:05:00",0,"2019/05/16 06:10:00",F_T++NIL_TL_L6_DS,-9854.52632,0,0,"2019/05/16 06:00:26",,"2016/10/25 00:00:00",1,176.29068
D,P5MIN,CONSTRAINTSOLUTION,6,"2019/05/16 06:05:00",0,"2019/05/16 06:10:00",F_T++NIL_WF_TG_R5,-10032.04052,0,0,"2019/05/16 06:00:26",,"2016/04/12 00:00:00",1,-112.32068
D,P5MIN,CONSTRAINTSOLUTION,6,"2019/05/16 06:05:00",0,"2019/05/16 06:10:00",F_T++NIL_WF_TG_R6,-10133.74314,0,0,"2019/05/16 06:00:26",,"2016/04/12 00:00:00",1,-99.20068
D,P5MIN,CONSTRAINTSOLUTION,6,"2019/05/16 06:05:00",0,"2019/05/16 06:10:00",F_T++NIL_WF_TG_R60,-9966.85132,0,0,"2019/05/16 06:00:26",,"2016/04/12 00:00:00",1,-99.20068
D,P5MIN,CONSTRAINTSOLUTION,6,"2019/05/16 06:05:00",0,"2019/05/16 06:10:00",F_T++RREG_0050,-428,0,0,"2019/05/16 06:00:26",,"2015/01/29 00:00:00",1,-126.29068
D,P5MIN,CONSTRAINTSOLUTION,6,"2019/05/16 06:05:00",0,"2019/05/16 06:10:00",F_T+LREG_0050,-9950,0,0,"2019/05/16 06:00:26",,"2015/01/29 00:00:00",1,50
D,P5MIN,CONSTRAINTSOLUTION,6,"2019/05/16 06:05:00",0,"2019/05/16 06:10:00",F_T+NIL_BB_TG_R5,-49.9999,0,0,"2019/05/16 06:00:26",,"2016/04/12 00:00:00",1,63.97
D,P5MIN,CONSTRAINTSOLUTION,6,"2019/05/16 06:05:00",0,"2019/05/16 06:10:00",F_T+NIL_BB_TG_R6,0.0001,0,0,"2019/05/16 06:00:26",,"2016/04/12 00:00:00",1,77.09
D,P5MIN,CONSTRAINTSOLUTION,6,"2019/05/16 06:05:00",0,"2019/05/16 06:10:00",F_T+NIL_BB_TG_R60,0.0001,0,0,"2019/05/16 06:00:26",,"2016/04/12 00:00:00",1,77.09
D,P5MIN,CONSTRAINTSOLUTION,6,"2019/05/16 06:05:00",0,"2019/05/16 06:10:00",F_T+NIL_MG_R5,63.57223,0,0,"2019/05/16 06:00:26",,"2016/04/12 00:00:00",1,63.97
D,P5MIN,CONSTRAINTSOLUTION,6,"2019/05/16 06:05:00",0,"2019/05/16 06:10:00",F_T+NIL_MG_R6,61.66973,0,0,"2019/05/16 06:00:26",,"2016/04/12 00:00:00",1,77.09
D,P5MIN,CONSTRAINTSOLUTION,6,"2019/05/16 06:05:00",0,"2019/05/16 06:10:00",F_T+NIL_MG_R60,77.08714,2.27219,0,"2019/05/16 06:00:26",,"2016/04/12 00:00:00",1,77.09
D,P5MIN,CONSTRAINTSOLUTION,6,"2019/05/16 06:05:00",0,"2019/05/16 06:10:00",F_T+NIL_MG_RECL_R5,51.85029,0,0,"2019/05/16 06:00:26",,"2016/12/02 00:00:00",1,63.97
D,P5MIN,CONSTRAINTSOLUTION,6,"2019/05/16 06:05:00",0,"2019/05/16 06:10:00",F_T+NIL_MG_RECL_R6,48.66846,0,0,"2019/05/16 06:00:26",,"2016/12/02 00:00:00",1,77.09
D,P5MIN,CONSTRAINTSOLUTION,6,"2019/05/16 06:05:00",0,"2019/05/16 06:10:00",F_T+NIL_MG_RECL_R60,60.83555,0,0,"2019/05/16 06:00:26",,"2016/12/02 00:00:00",1,77.09
D,P5MIN,CONSTRAINTSOLUTION,6,"2019/05/16 06:05:00",0,"2019/05/16 06:10:00",F_T+NIL_ML_L5,-9935.535,0,0,"2019/05/16 06:00:26",,"2016/04/12 00:00:00",1,80
D,P5MIN,CONSTRAINTSOLUTION,6,"2019/05/16 06:05:00",0,"2019/05/16 06:10:00",F_T+NIL_ML_L6,-9939.87486,0,0,"2019/05/16 06:00:26",,"2016/04/12 00:00:00",1,0
D,P5MIN,CONSTRAINTSOLUTION,6,"2019/05/16 06:05:00",0,"2019/05/16 06:10:00",F_T+NIL_ML_L60,-9924.84357,0,0,"2019/05/16 06:00:26",,"2016/04/12 00:00:00",1,28.33
D,P5MIN,CONSTRAINTSOLUTION,6,"2019/05/16 06:05:00",0,"2019/05/16 06:10:00",F_T+NIL_TL_L5_DS,-19883.99803,0,0,"2019/05/16 06:00:26",,"2016/10/25 00:00:00",1,80
D,P5MIN,CONSTRAINTSOLUTION,6,"2019/05/16 06:05:00",0,"2019/05/16 06:10:00",F_T+NIL_TL_L60_DS,-19859.5363,0,0,"2019/05/16 06:00:26",,"2016/10/25 00:00:00",1,28.33
D,P5MIN,CONSTRAINTSOLUTION,6,"2019/05/16 06:05:00",0,"2019/05/16 06:10:00",F_T+NIL_TL_L6_DS,-19887.62904,0,0,"2019/05/16 06:00:26",,"2016/10/25 00:00:00",1,0
D,P5MIN,CONSTRAINTSOLUTION,6,"2019/05/16 06:05:00",0,"2019/05/16 06:10:00",F_T+NIL_WF_TG_R5,-30.60733,0,0,"2019/05/16 06:00:26",,"2016/04/12 00:00:00",1,63.97
D,P5MIN,CONSTRAINTSOLUTION,6,"2019/05/16 06:05:00",0,"2019/05/16 06:10:00",F_T+NIL_WF_TG_R6,0.0001,0,0,"2019/05/16 06:00:26",,"2016/04/12 00:00:00",1,77.09
D,P5MIN,CONSTRAINTSOLUTION,6,"2019/05/16 06:05:00",0,"2019/05/16 06:10:00",F_T+NIL_WF_TG_R60,0.0001,0,0,"2019/05/16 06:00:26",,"2016/04/12 00:00:00",1,77.09
D,P5MIN,CONSTRAINTSOLUTION,6,"2019/05/16 06:05:00",0,"2019/05/16 06:10:00",F_T+RREG_0050,-9950,0,0,"2019/05/16 06:00:26",,"2015/01/29 00:00:00",1,50
D,P5MIN,CONSTRAINTSOLUTION,6,"2019/05/16 06:05:00",0,"2019/05/16 06:10:00",F_TASCAP_LREG_0190,140,1.5,0,"2019/05/16 06:00:26",,"2019/04/16 00:00:00",1,140
D,P5MIN,CONSTRAINTSOLUTION,6,"2019/05/16 06:05:00",0,"2019/05/16 06:10:00",F_TASCAP_RREG_0200,150,9.23,0,"2019/05/16 06:00:26",,"2019/03/18 00:00:00",1,150
D,P5MIN,CONSTRAINTSOLUTION,6,"2019/05/16 06:05:00",0,"2019/05/16 06:10:00",F_T_NIL_MINP_R6,35,0.96,0,"2019/05/16 06:00:26",,"2018/04/30 00:00:00",1,35.00286
D,P5MIN,CONSTRAINTSOLUTION,6,"2019/05/16 06:05:00",0,"2019/05/16 06:10:00",N::Q_BWLD_KC,1276.77175,0,0,"2019/05/16 06:00:26",,"2018/01/19 00:00:00",1,500.21728
D,P5MIN,CONSTRAINTSOLUTION,6,"2019/05/16 06:05:00",0,"2019/05/16 06:10:00",N::Q_BWLD_LDMU,736.38575,0,0,"2019/05/16 06:00:26",,"2018/01/19 00:00:00",1,-537.70542
D,P5MIN,CONSTRAINTSOLUTION,6,"2019/05/16 06:05:00",0,"2019/05/16 06:10:00",N::Q_BWLD_LDTW,655.68973,0,0,"2019/05/16 06:00:26",,"2018/01/19 00:00:00",1,-540.30242
D,P5MIN,CONSTRAINTSOLUTION,6,"2019/05/16 06:05:00",0,"2019/05/16 06:10:00",N::Q_BWLD_TNT,1315.77546,0,0,"2019/05/16 06:00:26",,"2018/01/19 00:00:00",1,88.60069
D,P5MIN,CONSTRAINTSOLUTION,6,"2019/05/16 06:05:00",0,"2019/05/16 06:10:00",N::Q_NIL_KC,1356.77175,0,0,"2019/05/16 06:00:26",,"2017/12/06 00:00:00",1,500.21728
D,P5MIN,CONSTRAINTSOLUTION,6,"2019/05/16 06:05:00",0,"2019/05/16 06:10:00",N::Q_NIL_LDMU,816.38575,0,0,"2019/05/16 06:00:26",,"2017/12/06 00:00:00",1,-537.70542
D,P5MIN,CONSTRAINTSOLUTION,6,"2019/05/16 06:05:00",0,"2019/05/16 06:10:00",N::Q_NIL_LDTW,735.68973,0,0,"2019/05/16 06:00:26",,"2017/12/06 00:00:00",1,-540.30242
D,P5MIN,CONSTRAINTSOLUTION,6,"2019/05/16 06:05:00",0,"2019/05/16 06:10:00",N::Q_NIL_TNT,1395.77546,0,0,"2019/05/16 06:00:26",,"2017/12/06 00:00:00",1,88.60069
D,P5MIN,CONSTRAINTSOLUTION,6,"2019/05/16 06:05:00",0,"2019/05/16 06:10:00",N::V_NIL_BWSW,1510.59418,0,0,"2019/05/16 06:00:26",,"2018/06/26 00:00:00",1,313.85541
D,P5MIN,CONSTRAINTSOLUTION,6,"2019/05/16 06:05:00",0,"2019/05/16 06:10:00",N::V_NIL_MSDD,1462.35786,0,0,"2019/05/16 06:00:26",,"2018/06/26 00:00:00",1,349.86114
D,P5MIN,CONSTRAINTSOLUTION,6,"2019/05/16 06:05:00",0,"2019/05/16 06:10:00",N::V_NIL_UTMS,1613.81515,0,0,"2019/05/16 06:00:26",,"2018/06/26 00:00:00",1,313.85541
D,P5MIN,CONSTRAINTSOLUTION,6,"2019/05/16 06:05:00",0,"2019/05/16 06:10:00",N:V_NIL_BWRG,1245.23483,0,0,"2019/05/16 06:00:26",,"2018/06/26 00:00:00",1,313.85541
D,P5MIN,CONSTRAINTSOLUTION,6,"2019/05/16 06:05:00",0,"2019/05/16 06:10:00",N:V_NIL_BYYS,1608.02986,0,0,"2019/05/16 06:00:26",,"2018/06/26 00:00:00",1,313.85541
D,P5MIN,CONSTRAINTSOLUTION,6,"2019/05/16 06:05:00",0,"2019/05/16 06:10:00",N>>N-BWLD_ONE_A,1266.23072,0,0,"2019/05/16 06:00:26",,"2019/03/04 00:00:00",1,-1288.09443
D,P5MIN,CONSTRAINTSOLUTION,6,"2019/05/16 06:05:00",0,"2019/05/16 06:10:00",N>>N-BWLD_ONE_B,2805.92485,0,0,"2019/05/16 06:00:26",,"2019/03/04 00:00:00",1,1288.09443
D,P5MIN,CONSTRAINTSOLUTION,6,"2019/05/16 06:05:00",0,"2019/05/16 06:10:00",N>>N-BWLD_ONE_C,1908.47686,0,0,"2019/05/16 06:00:26",,"2019/03/04 00:00:00",1,-841.53445
D,P5MIN,CONSTRAINTSOLUTION,6,"2019/05/16 06:05:00",0,"2019/05/16 06:10:00",N>>N-BWLD_ONE_D,2566.82123,0,0,"2019/05/16 06:00:26",,"2019/03/04 00:00:00",1,1323.62111
D,P5MIN,CONSTRAINTSOLUTION,6,"2019/05/16 06:05:00",0,"2019/05/16 06:10:00",N>>N-BWLD_ONE_E,2619.79208,0,0,"2019/05/16 06:00:26",,"2019/03/04 00:00:00",1,1311.8432
D,P5MIN,CONSTRAINTSOLUTION,6,"2019/05/16 06:05:00",0,"2019/05/16 06:10:00",N>>N-BYSW_A1_15M,3617.7473,0,0,"2019/05/16 06:00:26",,"2019/03/04 00:00:00",1,96.58361
D,P5MIN,CONSTRAINTSOLUTION,6,"2019/05/16 06:05:00",0,"2019/05/16 06:10:00",N>>N-BYSW_A2_15M,1339.07293,0,0,"2019/05/16 06:00:26",,"2019/03/04 00:00:00",1,-96.58361
D,P5MIN,CONSTRAINTSOLUTION,6,"2019/05/16 06:05:00",0,"2019/05/16 06:10:00",N>>N-BYSW_B,3631.79672,0,0,"2019/05/16 06:00:26",,"2019/03/04 00:00:00",1,1089.81632
D,P5MIN,CONSTRAINTSOLUTION,6,"2019/05/16 06:05:00",0,"2019/05/16 06:10:00",N>>N-BYSW_C,3863.25912,0,0,"2019/05/16 06:00:26",,"2019/03/04 00:00:00",1,1948.55077
D,P5MIN,CONSTRAINTSOLUTION,6,"2019/05/16 06:05:00",0,"2019/05/16 06:10:00",N>>N-BYSW_G1_15M,3813.52337,0,0,"2019/05/16 06:00:26",,"2019/03/04 00:00:00",1,98.3018
D,P5MIN,CONSTRAINTSOLUTION,6,"2019/05/16 06:05:00",0,"2019/05/16 06:10:00",N>>N-BYSW_G2_15M,1626.67102,0,0,"2019/05/16 06:00:26",,"2019/03/04 00:00:00",1,-98.3018
D,P5MIN,CONSTRAINTSOLUTION,6,"2019/05/16 06:05:00",0,"2019/05/16 06:10:00",N>>N-BYSW_H_15M,3813.74318,0,0,"2019/05/16 06:00:26",,"2019/03/04 00:00:00",1,98.3018
D,P5MIN,CONSTRAINTSOLUTION,6,"2019/05/16 06:05:00",0,"2019/05/16 06:10:00",N>>N-BYSW_J,3676.21339,0,0,"2019/05/16 06:00:26",,"2019/03/04 00:00:00",1,1091.86941
D,P5MIN,CONSTRAINTSOLUTION,6,"2019/05/16 06:05:00",0,"2019/05/16 06:10:00",N>>N-BYSW_K,3492.9924,0,0,"2019/05/16 06:00:26",,"2019/03/04 00:00:00",1,831.40624
D,P5MIN,CONSTRAINTSOLUTION,6,"2019/05/16 06:05:00",0,"2019/05/16 06:10:00",N>>N-KC_TX_01,2971.06015,0,0,"2019/05/16 06:00:26",,"2019/03/04 00:00:00",1,2597.17279
D,P5MIN,CONSTRAINTSOLUTION,6,"2019/05/16 06:05:00",0,"2019/05/16 06:10:00",N>>N-KC_TX_02,3887.32427,0,0,"2019/05/16 06:00:26",,"2019/03/04 00:00:00",1,2883.16972
D,P5MIN,CONSTRAINTSOLUTION,6,"2019/05/16 06:05:00",0,"2019/05/16 06:10:00",N>>N-KC_TX_03,3855.50567,0,0,"2019/05/16 06:00:26",,"2019/03/04 00:00:00",1,2892.29492
D,P5MIN,CONSTRAINTSOLUTION,6,"2019/05/16 06:05:00",0,"2019/05/16 06:10:00",N>>N-KC_TX_05,3906.07951,0,0,"2019/05/16 06:00:26",,"2019/03/04 00:00:00",1,2779.12979
D,P5MIN,CONSTRAINTSOLUTION,6,"2019/05/16 06:05:00",0,"2019/05/16 06:10:00",N>>N-KC_TX_06,3809.19671,0,0,"2019/05/16 06:00:26",,"2019/03/04 00:00:00",1,3128.70075
D,P5MIN,CONSTRAINTSOLUTION,6,"2019/05/16 06:05:00",0,"2019/05/16 06:10:00",N>>N-NIL_01N,2155.81354,0,0,"2019/05/16 06:00:26",,"2019/03/01 00:00:00",1,36.24353
D,P5MIN,CONSTRAINTSOLUTION,6,"2019/05/16 06:05:00",0,"2019/05/16 06:10:00",N>>N-NIL_01S,613.2005,0,0,"2019/05/16 06:00:26",,"2019/03/01 00:00:00",1,-36.24353
D,P5MIN,CONSTRAINTSOLUTION,6,"2019/05/16 06:05:00",0,"2019/05/16 06:10:00",N>>N-NIL_03,612.01938,0,0,"2019/05/16 06:00:26",,"2019/03/01 00:00:00",1,-36.24353
D,P5MIN,CONSTRAINTSOLUTION,6,"2019/05/16 06:05:00",0,"2019/05/16 06:10:00",N>>N-NIL_17N,3890.268,0,0,"2019/05/16 06:00:26",,"2019/03/01 00:00:00",1,93.97508
D,P5MIN,CONSTRAINTSOLUTION,6,"2019/05/16 06:05:00",0,"2019/05/16 06:10:00",N>>N-NIL_17S,1569.27473,0,0,"2019/05/16 06:00:26",,"2019/03/01 00:00:00",1,-93.97508
D,P5MIN,CONSTRAINTSOLUTION,6,"2019/05/16 06:05:00",0,"2019/05/16 06:10:00",N>>N-NIL_1A,1368.73076,0,0,"2019/05/16 06:00:26",,"2019/02/28 00:00:00",1,-1309.57943
D,P5MIN,CONSTRAINTSOLUTION,6,"2019/05/16 06:05:00",0,"2019/05/16 06:10:00",N>>N-NIL_1E_OPENED,5909.58021,0,0,"2019/05/16 06:00:26",,"2019/02/28 00:00:00",1,1427.22903
D,P5MIN,CONSTRAINTSOLUTION,6,"2019/05/16 06:05:00",0,"2019/05/16 06:10:00",N>>N-NIL_1G,4537.88939,0,0,"2019/05/16 06:00:26",,"2019/02/28 00:00:00",1,3388.70005
D,P5MIN,CONSTRAINTSOLUTION,6,"2019/05/16 06:05:00",0,"2019/05/16 06:10:00",N>>N-NIL_1N_OPENED,6527.2343,0,0,"2019/05/16 06:00:26",,"2019/02/28 00:00:00",1,1422.42316
D,P5MIN,CONSTRAINTSOLUTION,6,"2019/05/16 06:05:00",0,"2019/05/16 06:10:00",N>>N-NIL_1O,7020.7093,0,0,"2019/05/16 06:00:26",,"2019/02/28 00:00:00",1,2001.36728
D,P5MIN,CONSTRAINTSOLUTION,6,"2019/05/16 06:05:00",0,"2019/05/16 06:10:00",N>>N-NIL_1R,4379.94128,0,0,"2019/05/16 06:00:26",,"2019/02/28 00:00:00",1,3118.32912
D,P5MIN,CONSTRAINTSOLUTION,6,"2019/05/16 06:05:00",0,"2019/05/16 06:10:00",N>>N-NIL_1S,6865.30934,0,0,"2019/05/16 06:00:26",,"2019/02/28 00:00:00",1,1430.26829
D,P5MIN,CONSTRAINTSOLUTION,6,"2019/05/16 06:05:00",0,"2019/05/16 06:10:00",N>>N-NIL_1T,8083.99098,0,0,"2019/05/16 06:00:26",,"2019/02/28 00:00:00",1,1418.91723
D,P5MIN,CONSTRAINTSOLUTION,6,"2019/05/16 06:05:00",0,"2019/05/16 06:10:00",N>>N-NIL_1WN,3686.73661,0,0,"2019/05/16 06:00:26",,"2019/03/01 00:00:00",1,92.81982
D,P5MIN,CONSTRAINTSOLUTION,6,"2019/05/16 06:05:00",0,"2019/05/16 06:10:00",N>>N-NIL_1WS,1293.89467,0,0,"2019/05/16 06:00:26",,"2019/03/01 00:00:00",1,-92.81982
D,P5MIN,CONSTRAINTSOLUTION,6,"2019/05/16 06:05:00",0,"2019/05/16 06:10:00",N>>N-NIL_1XN,3634.39027,0,0,"2019/05/16 06:00:26",,"2019/03/01 00:00:00",1,92.82092
D,P5MIN,CONSTRAINTSOLUTION,6,"2019/05/16 06:05:00",0,"2019/05/16 06:10:00",N>>N-NIL_1XS,1240.94698,0,0,"2019/05/16 06:00:26",,"2019/03/01 00:00:00",1,-92.82092
D,P5MIN,CONSTRAINTSOLUTION,6,"2019/05/16 06:05:00",0,"2019/05/16 06:10:00",N>>N-NIL_1Y,3890.0309,0,0,"2019/05/16 06:00:26",,"2019/03/01 00:00:00",1,93.97313
D,P5MIN,CONSTRAINTSOLUTION,6,"2019/05/16 06:05:00",0,"2019/05/16 06:10:00",N>>N-NIL_1YS,1571.03973,0,0,"2019/05/16 06:00:26",,"2019/03/01 00:00:00",1,-93.97313
D,P5MIN,CONSTRAINTSOLUTION,6,"2019/05/16 06:05:00",0,"2019/05/16 06:10:00",N>>N-NIL_1Z,3994.91684,0,0,"2019/05/16 06:00:26",,"2019/03/01 00:00:00",1,93.97313
D,P5MIN,CONSTRAINTSOLUTION,6,"2019/05/16 06:05:00",0,"2019/05/16 06:10:00",N>>N-NIL_1ZS,1676.73624,0,0,"2019/05/16 06:00:26",,"2019/03/01 00:00:00",1,-93.97313
D,P5MIN,CONSTRAINTSOLUTION,6,"2019/05/16 06:05:00",0,"2019/05/16 06:10:00",N>>N-NIL_23N,3995.18363,0,0,"2019/05/16 06:00:26",,"2019/03/01 00:00:00",1,93.97313
D,P5MIN,CONSTRAINTSOLUTION,6,"2019/05/16 06:05:00",0,"2019/05/16 06:10:00",N>>N-NIL_23S,1730.62526,0,0,"2019/05/16 06:00:26",,"2019/01/11 00:00:00",1,-94.07676
D,P5MIN,CONSTRAINTSOLUTION,6,"2019/05/16 06:05:00",0,"2019/05/16 06:10:00",N>>N-NIL_28,4309.31871,0,0,"2019/05/16 06:00:26",,"2019/02/28 00:00:00",1,684.57484
D,P5MIN,CONSTRAINTSOLUTION,6,"2019/05/16 06:05:00",0,"2019/05/16 06:10:00",N>>N-NIL_29N,3688.18008,0,0,"2019/05/16 06:00:26",,"2019/03/01 00:00:00",1,60.63785
D,P5MIN,CONSTRAINTSOLUTION,6,"2019/05/16 06:05:00",0,"2019/05/16 06:10:00",N>>N-NIL_29S,1154.17677,0,0,"2019/05/16 06:00:26",,"2019/03/01 00:00:00",1,-133.66447
D,P5MIN,CONSTRAINTSOLUTION,6,"2019/05/16 06:05:00",0,"2019/05/16 06:10:00",N>>N-NIL_31N,3781.93033,0,0,"2019/05/16 06:00:26",,"2019/03/01 00:00:00",1,60.63785
D,P5MIN,CONSTRAINTSOLUTION,6,"2019/05/16 06:05:00",0,"2019/05/16 06:10:00",N>>N-NIL_31S,1243.66698,0,0,"2019/05/16 06:00:26",,"2019/03/01 00:00:00",1,-133.66447
D,P5MIN,CONSTRAINTSOLUTION,6,"2019/05/16 06:05:00",0,"2019/05/16 06:10:00",N>>N-NIL_36,2899.81279,0,0,"2019/05/16 06:00:26",,"2019/05/06 00:00:00",1,231.19571
D,P5MIN,CONSTRAINTSOLUTION,6,"2019/05/16 06:05:00",0,"2019/05/16 06:10:00",N>>N-NIL_45,1943.77427,0,0,"2019/05/16 06:00:26",,"2019/03/01 00:00:00",1,97.99749
D,P5MIN,CONSTRAINTSOLUTION,6,"2019/05/16 06:05:00",0,"2019/05/16 06:10:00",N>>N-NIL_46,986.51728,0,0,"2019/05/16 06:00:26",,"2019/03/01 00:00:00",1,-28.39087
D,P5MIN,CONSTRAINTSOLUTION,6,"2019/05/16 06:05:00",0,"2019/05/16 06:10:00",N>>N-NIL_47,1653.29642,0,0,"2019/05/16 06:00:26",,"2019/03/01 00:00:00",1,28.14787
D,P5MIN,CONSTRAINTSOLUTION,6,"2019/05/16 06:05:00",0,"2019/05/16 06:10:00",N>>N-NIL_48,1655.25104,0,0,"2019/05/16 06:00:26",,"2019/03/01 00:00:00",1,28.39087
D,P5MIN,CONSTRAINTSOLUTION,6,"2019/05/16 06:05:00",0,"2019/05/16 06:10:00",N>>N-NIL_49,990.73561,0,0,"2019/05/16 06:00:26",,"2019/03/01 00:00:00",1,-28.14787
D,P5MIN,CONSTRAINTSOLUTION,6,"2019/05/16 06:05:00",0,"2019/05/16 06:10:00",N>>N-NIL_56,1988.44186,0,0,"2019/05/16 06:00:26",,"2019/03/01 00:00:00",1,100.95284
D,P5MIN,CONSTRAINTSOLUTION,6,"2019/05/16 06:05:00",0,"2019/05/16 06:10:00",N>>N-NIL_57,981.90764,0,0,"2019/05/16 06:00:26",,"2019/03/01 00:00:00",1,-36.79013
D,P5MIN,CONSTRAINTSOLUTION,6,"2019/05/16 06:05:00",0,"2019/05/16 06:10:00",N>>N-NIL_58,6079.07487,0,0,"2019/05/16 06:00:26",,"2019/02/28 00:00:00",1,741.40782
D,P5MIN,CONSTRAINTSOLUTION,6,"2019/05/16 06:05:00",0,"2019/05/16 06:10:00",N>>N-NIL_59,6081.52905,0,0,"2019/05/16 06:00:26",,"2019/02/28 00:00:00",1,741.40782
D,P5MIN,CONSTRAINTSOLUTION,6,"2019/05/16 06:05:00",0,"2019/05/16 06:10:00",N>>N-NIL_60,1943.92883,0,0,"2019/05/16 06:00:26",,"2019/03/01 00:00:00",1,97.95992
D,P5MIN,CONSTRAINTSOLUTION,6,"2019/05/16 06:05:00",0,"2019/05/16 06:10:00",N>>N-NIL_61,1984.54426,0,0,"2019/05/16 06:00:26",,"2019/03/01 00:00:00",1,100.57686
D,P5MIN,CONSTRAINTSOLUTION,6,"2019/05/16 06:05:00",0,"2019/05/16 06:10:00",N>>N-NIL_62,1632.88081,0,0,"2019/05/16 06:00:26",,"2019/03/01 00:00:00",1,27.15542
D,P5MIN,CONSTRAINTSOLUTION,6,"2019/05/16 06:05:00",0,"2019/05/16 06:10:00",N>>N-NIL_63,1648.23986,0,0,"2019/05/16 06:00:26",,"2019/03/01 00:00:00",1,27.70122
D,P5MIN,CONSTRAINTSOLUTION,6,"2019/05/16 06:05:00",0,"2019/05/16 06:10:00",N>>N-NIL_64,5735.5137,0,0,"2019/05/16 06:00:26",,"2019/02/28 00:00:00",1,2274.48615
D,P5MIN,CONSTRAINTSOLUTION,6,"2019/05/16 06:05:00",0,"2019/05/16 06:10:00",N>>N-NIL_65,5486.69552,0,0,"2019/05/16 06:00:26",,"2019/02/28 00:00:00",1,2125.61875
D,P5MIN,CONSTRAINTSOLUTION,6,"2019/05/16 06:05:00",0,"2019/05/16 06:10:00",N>>N-NIL_8E_8C,1322,0,0,"2019/05/16 06:00:26",,"2019/01/11 00:00:00",1,610.89412
D,P5MIN,CONSTRAINTSOLUTION,6,"2019/05/16 06:05:00",0,"2019/05/16 06:10:00",N>>N-NIL_996_IN,618.77544,0,0,"2019/05/16 06:00:26",,"2019/05/06 00:00:00",1,121.24474
D,P5MIN,CONSTRAINTSOLUTION,6,"2019/05/16 06:05:00",0,"2019/05/16 06:10:00",N>>N-NIL_DPTX,469.99981,0,0,"2019/05/16 06:00:26",,"2019/05/06 00:00:00",1,-60.50196
D,P5MIN,CONSTRAINTSOLUTION,6,"2019/05/16 06:05:00",0,"2019/05/16 06:10:00",N>>N-NIL_DPTX_2,842.8809,0,0,"2019/05/16 06:00:26",,"2019/05/06 00:00:00",1,60.50196
D,P5MIN,CONSTRAINTSOLUTION,6,"2019/05/16 06:05:00",0,"2019/05/16 06:10:00",N>>N-NIL_H01,3447.44476,0,0,"2019/05/16 06:00:26",,"2019/03/01 00:00:00",1,94.38157
D,P5MIN,CONSTRAINTSOLUTION,6,"2019/05/16 06:05:00",0,"2019/05/16 06:10:00",N>>N-NIL_H02,4056.21502,0,0,"2019/05/16 06:00:26",,"2019/01/11 00:00:00",1,87.38511
D,P5MIN,CONSTRAINTSOLUTION,6,"2019/05/16 06:05:00",0,"2019/05/16 06:10:00",N>>N-NIL_H03,3847.72827,0,0,"2019/05/16 06:00:26",,"2019/01/11 00:00:00",1,-1.98418
D,P5MIN,CONSTRAINTSOLUTION,6,"2019/05/16 06:05:00",0,"2019/05/16 06:10:00",N>>N-NIL_H051,1273.83108,0,0,"2019/05/16 06:00:26",,"2019/05/06 00:00:00",1,91.85853
D,P5MIN,CONSTRAINTSOLUTION,6,"2019/05/16 06:05:00",0,"2019/05/16 06:10:00",N>>N-NIL_H060,1707.03555,0,0,"2019/05/16 06:00:26",,"2019/05/06 00:00:00",1,-196.79631
D,P5MIN,CONSTRAINTSOLUTION,6,"2019/05/16 06:05:00",0,"2019/05/16 06:10:00",N>>N-NIL_H07,3771.56987,0,0,"2019/05/16 06:00:26",,"2019/03/01 00:00:00",1,-28.58324
D,P5MIN,CONSTRAINTSOLUTION,6,"2019/05/16 06:05:00",0,"2019/05/16 06:10:00",N>>N-NIL_HE,3306.53103,0,0,"2019/05/16 06:00:26",,"2019/01/11 00:00:00",1,-497.7694
D,P5MIN,CONSTRAINTSOLUTION,6,"2019/05/16 06:05:00",0,"2019/05/16 06:10:00",N>>N-NIL_HF,3153.81956,0,0,"2019/05/16 06:00:26",,"2019/05/06 00:00:00",1,171.36824
D,P5MIN,CONSTRAINTSOLUTION,6,"2019/05/16 06:05:00",0,"2019/05/16 06:10:00",N>>N-NIL_HI_15M,3569.88584,0,0,"2019/05/16 06:00:26",,"2019/05/06 00:00:00",1,69.8352
D,P5MIN,CONSTRAINTSOLUTION,6,"2019/05/16 06:05:00",0,"2019/05/16 06:10:00",N>>N-NIL_HK_15M,3702.53415,0,0,"2019/05/16 06:00:26",,"2019/03/01 00:00:00",1,75.79364
D,P5MIN,CONSTRAINTSOLUTION,6,"2019/05/16 06:05:00",0,"2019/05/16 06:10:00",N>>N-NIL_HL,3658.05598,0,0,"2019/05/16 06:00:26",,"2019/05/06 00:00:00",1,-298.43083
D,P5MIN,CONSTRAINTSOLUTION,6,"2019/05/16 06:05:00",0,"2019/05/16 06:10:00",N>>N-NIL_HM,3261.34059,0,0,"2019/05/16 06:00:26",,"2019/05/06 00:00:00",1,298.43083
D,P5MIN,CONSTRAINTSOLUTION,6,"2019/05/16 06:05:00",0,"2019/05/16 06:10:00",N>>N-NIL_HU_15M,3627.94577,0,0,"2019/05/16 06:00:26",,"2019/05/06 00:00:00",1,78.778
D,P5MIN,CONSTRAINTSOLUTION,6,"2019/05/16 06:05:00",0,"2019/05/16 06:10:00",N>>N-NIL__2_OPENED,661.58364,0,0,"2019/05/16 06:00:26",,"2019/01/11 00:00:00",1,-750.28979
D,P5MIN,CONSTRAINTSOLUTION,6,"2019/05/16 06:05:00",0,"2019/05/16 06:10:00",N>>N-NIL__3_OPENED,659.56742,0,0,"2019/05/16 06:00:26",,"2019/01/11 00:00:00",1,-750.28979
D,P5MIN,CONSTRAINTSOLUTION,6,"2019/05/16 06:05:00",0,"2019/05/16 06:10:00",N>>N-NIL__A_15M,3406.3233,0,0,"2019/05/16 06:00:26",,"2019/05/06 00:00:00",1,11.60804
D,P5MIN,CONSTRAINTSOLUTION,6,"2019/05/16 06:05:00",0,"2019/05/16 06:10:00",N>>N-NIL__B_15M,3025.16727,0,0,"2019/05/16 06:00:26",,"2019/05/06 00:00:00",1,65.18211
D,P5MIN,CONSTRAINTSOLUTION,6,"2019/05/16 06:05:00",0,"2019/05/16 06:10:00",N>>N-NIL__C_15M,3264.24082,0,0,"2019/05/16 06:00:26",,"2019/01/11 00:00:00",1,-8.35901
D,P5MIN,CONSTRAINTSOLUTION,6,"2019/05/16 06:05:00",0,"2019/05/16 06:10:00",N>>N-NIL__D_15M,3265.93221,0,0,"2019/05/16 06:00:26",,"2019/03/01 00:00:00",1,80.09909
D,P5MIN,CONSTRAINTSOLUTION,6,"2019/05/16 06:05:00",0,"2019/05/16 06:10:00",N>>N-NIL__E_15M,2865.81763,0,0,"2019/05/16 06:00:26",,"2019/03/01 00:00:00",1,92.5925
D,P5MIN,CONSTRAINTSOLUTION,6,"2019/05/16 06:05:00",0,"2019/05/16 06:10:00",N>>N-NIL__F_15M,3294.38027,0,0,"2019/05/16 06:00:26",,"2019/01/11 00:00:00",1,89.09694
D,P5MIN,CONSTRAINTSOLUTION,6,"2019/05/16 06:05:00",0,"2019/05/16 06:10:00",N>>N-NIL__G_15M,3612.46955,0,0,"2019/05/16 06:00:26",,"2019/01/11 00:00:00",1,69.12304
D,P5MIN,CONSTRAINTSOLUTION,6,"2019/05/16 06:05:00",0,"2019/05/16 06:10:00",N>>N-NIL__H_15M,3125.73149,0,0,"2019/05/16 06:00:26",,"2019/03/01 00:00:00",1,-20.53227
D,P5MIN,CONSTRAINTSOLUTION,6,"2019/05/16 06:05:00",0,"2019/05/16 06:10:00",N>>N-NIL__K,5725.05132,0,0,"2019/05/16 06:00:26",,"2019/02/28 00:00:00",1,1829.47305
D,P5MIN,CONSTRAINTSOLUTION,6,"2019/05/16 06:05:00",0,"2019/05/16 06:10:00",N>>N-NIL__L,5753.12113,0,0,"2019/05/16 06:00:26",,"2019/02/28 00:00:00",1,1829.47401
D,P5MIN,CONSTRAINTSOLUTION,6,"2019/05/16 06:05:00",0,"2019/05/16 06:10:00",N>>N-NIL__M,4359.19394,0,0,"2019/05/16 06:00:26",,"2019/02/28 00:00:00",1,672.6338
D,P5MIN,CONSTRAINTSOLUTION,6,"2019/05/16 06:05:00",0,"2019/05/16 06:10:00",N>>N-NIL__N,6125.41191,0,0,"2019/05/16 06:00:26",,"2019/02/28 00:00:00",1,701.67728
D,P5MIN,CONSTRAINTSOLUTION,6,"2019/05/16 06:05:00",0,"2019/05/16 06:10:00",N>>N-NIL__O,6127.73345,0,0,"2019/05/16 06:00:26",,"2019/02/28 00:00:00",1,701.73423
D,P5MIN,CONSTRAINTSOLUTION,6,"2019/05/16 06:05:00",0,"2019/05/16 06:10:00",N>>N-NIL__P,5072.46864,0,0,"2019/05/16 06:00:26",,"2019/02/28 00:00:00",1,1087.52171
D,P5MIN,CONSTRAINTSOLUTION,6,"2019/05/16 06:05:00",0,"2019/05/16 06:10:00",N>>N-NIL__R,6008.01964,0,0,"2019/05/16 06:00:26",,"2019/02/28 00:00:00",1,850.49467
D,P5MIN,CONSTRAINTSOLUTION,6,"2019/05/16 06:05:00",0,"2019/05/16 06:10:00",N>>N-NIL__S,3821.09789,0,0,"2019/05/16 06:00:26",,"2019/02/28 00:00:00",1,1746.38521
D,P5MIN,CONSTRAINTSOLUTION,6,"2019/05/16 06:05:00",0,"2019/05/16 06:10:00",N>>Q-BWLD_ONE,418.13252,0,0,"2019/05/16 06:00:26",,"2019/03/06 00:00:00",1,-1288.09443
D,P5MIN,CONSTRAINTSOLUTION,6,"2019/05/16 06:05:00",0,"2019/05/16 06:10:00",N>>V-NIL_0X1,537.37797,0,0,"2019/05/16 06:00:26",,"2019/05/06 00:00:00",1,127.10798
D,P5MIN,CONSTRAINTSOLUTION,6,"2019/05/16 06:05:00",0,"2019/05/16 06:10:00",N>>V-NIL_HC,990.49522,0,0,"2019/05/16 06:00:26",,"2019/05/06 00:00:00",1,296.92172
D,P5MIN,CONSTRAINTSOLUTION,6,"2019/05/16 06:05:00",0,"2019/05/16 06:10:00",N>>V-NIL_HD,1054.20892,0,0,"2019/05/16 06:00:26",,"2019/05/06 00:00:00",1,270.56837
D,P5MIN,CONSTRAINTSOLUTION,6,"2019/05/16 06:05:00",0,"2019/05/16 06:10:00",N>>V-NIL_HJ,1013.10987,0,0,"2019/05/16 06:00:26",,"2019/05/06 00:00:00",1,361.91644
D,P5MIN,CONSTRAINTSOLUTION,6,"2019/05/16 06:05:00",0,"2019/05/16 06:10:00",N>>V-NIL_HK,2746.62406,0,0,"2019/05/16 06:00:26",,"2019/05/06 00:00:00",1,172.78468
D,P5MIN,CONSTRAINTSOLUTION,6,"2019/05/16 06:05:00",0,"2019/05/16 06:10:00",N>>V-NIL_N,1290.89728,0,0,"2019/05/16 06:00:26",,"2019/01/11 00:00:00",1,191.47215
D,P5MIN,CONSTRAINTSOLUTION,6,"2019/05/16 06:05:00",0,"2019/05/16 06:10:00",N>>V-NIL_O,647.49722,0,0,"2019/05/16 06:00:26",,"2019/01/11 00:00:00",1,325.83767
D,P5MIN,CONSTRAINTSOLUTION,6,"2019/05/16 06:05:00",0,"2019/05/16 06:10:00",N>N-ARKK_CH_CB892A,9983.5,0,0,"2019/05/16 06:00:26",,"2016/01/11 00:00:00",1,-49
D,P5MIN,CONSTRAINTSOLUTION,6,"2019/05/16 06:05:00",0,"2019/05/16 06:10:00",N>N-ARKK_C_BYPASS,10632.78319,0,0,"2019/05/16 06:00:26",,"2018/09/14 00:00:00",1,116.00669
D,P5MIN,CONSTRAINTSOLUTION,6,"2019/05/16 06:05:00",0,"2019/05/16 06:10:00",N>N-ARKK_C_PSTMAN,10732.60555,0,0,"2019/05/16 06:00:26",,"2019/03/08 00:00:00",1,115.33052
D,P5MIN,CONSTRAINTSOLUTION,6,"2019/05/16 06:05:00",0,"2019/05/16 06:10:00",N>N-KC_TX_07,1765.17684,0,0,"2019/05/16 06:00:26",,"2019/03/08 00:00:00",1,1400
D,P5MIN,CONSTRAINTSOLUTION,6,"2019/05/16 06:05:00",0,"2019/05/16 06:10:00",N>N-NIL_8J_8C,1322,0,0,"2019/05/16 06:00:26",,"2019/01/11 00:00:00",1,380.56012
D,P5MIN,CONSTRAINTSOLUTION,6,"2019/05/16 06:05:00",0,"2019/05/16 06:10:00",N>N-NIL_DC,1479.59423,0,0,"2019/05/16 06:00:26",,"2019/01/21 00:00:00",1,738.76105
D,P5MIN,CONSTRAINTSOLUTION,6,"2019/05/16 06:05:00",0,"2019/05/16 06:10:00",N>N-NIL_F7_15M,825.54011,0,0,"2019/05/16 06:00:26",,"2019/01/11 00:00:00",1,-738.76105
D,P5MIN,CONSTRAINTSOLUTION,6,"2019/05/16 06:05:00",0,"2019/05/16 06:10:00",N>N-NIL_LSDU,90.50599,0,0,"2019/05/16 06:00:26",,"2019/01/11 00:00:00",1,-49
D,P5MIN,CONSTRAINTSOLUTION,6,"2019/05/16 06:05:00",0,"2019/05/16 06:10:00",N>N-NIL_MBDU,222.12443,0,0,"2019/05/16 06:00:26",,"2019/01/11 00:00:00",1,49
D,P5MIN,CONSTRAINTSOLUTION,6,"2019/05/16 06:05:00",0,"2019/05/16 06:10:00",N>N-NIL_TE_D2,266.75333,0,0,"2019/05/16 06:00:26",,"2019/01/11 00:00:00",1,-49
D,P5MIN,CONSTRAINTSOLUTION,6,"2019/05/16 06:05:00",0,"2019/05/16 06:10:00",N>N-NIL_TE_E1,9982.83333,0,0,"2019/05/16 06:00:26",,"2019/01/11 00:00:00",1,-49
D,P5MIN,CONSTRAINTSOLUTION,6,"2019/05/16 06:05:00",0,"2019/05/16 06:10:00",N>N-NIL_TE_E2,9982.83333,0,0,"2019/05/16 06:00:26",,"2019/01/11 00:00:00",1,-49
D,P5MIN,CONSTRAINTSOLUTION,6,"2019/05/16 06:05:00",0,"2019/05/16 06:10:00",N>N-NIL_TE_LOAD,9999,0,0,"2019/05/16 06:00:26",,"2013/08/21 00:00:00",1,49
D,P5MIN,CONSTRAINTSOLUTION,6,"2019/05/16 06:05:00",0,"2019/05/16 06:10:00",N>N-NIL__4_15M,659.70862,0,0,"2019/05/16 06:00:26",,"2019/01/11 00:00:00",1,-749.93085
D,P5MIN,CONSTRAINTSOLUTION,6,"2019/05/16 06:05:00",0,"2019/05/16 06:10:00",N>N-NIL__7,1567.31648,0,0,"2019/05/16 06:00:26",,"2019/01/11 00:00:00",1,-738.76105
D,P5MIN,CONSTRAINTSOLUTION,6,"2019/05/16 06:05:00",0,"2019/05/16 06:10:00",NQTE_ROC,39,0,0,"2019/05/16 06:00:26",,"2010/11/08 00:00:00",2,-49
D,P5MIN,CONSTRAINTSOLUTION,6,"2019/05/16 06:05:00",0,"2019/05/16 06:10:00",NRM_NSW1_QLD1,10000,0,0,"2019/05/16 06:00:26",,"2012/06/12 00:00:00",1,-429.56012
D,P5MIN,CONSTRAINTSOLUTION,6,"2019/05/16 06:05:00",0,"2019/05/16 06:10:00",NRM_NSW1_VIC1,10375.37603,0,0,"2019/05/16 06:00:26",,"2012/06/12 00:00:00",1,375.68515
D,P5MIN,CONSTRAINTSOLUTION,6,"2019/05/16 06:05:00",0,"2019/05/16 06:10:00",NRM_QLD1_NSW1,10372.58228,0,0,"2019/05/16 06:00:26",,"2012/06/12 00:00:00",1,429.56012
D,P5MIN,CONSTRAINTSOLUTION,6,"2019/05/16 06:05:00",0,"2019/05/16 06:10:00",NRM_SA1_VIC1,10169.28186,0,0,"2019/05/16 06:00:26",,"2012/06/12 00:00:00",1,194.19623
D,P5MIN,CONSTRAINTSOLUTION,6,"2019/05/16 06:05:00",0,"2019/05/16 06:10:00",NRM_VIC1_NSW1,10000,0,0,"2019/05/16 06:00:26",,"2012/06/12 00:00:00",1,-375.68515
D,P5MIN,CONSTRAINTSOLUTION,6,"2019/05/16 06:05:00",0,"2019/05/16 06:10:00",NRM_VIC1_SA1,10000,0,0,"2019/05/16 06:00:26",,"2012/06/12 00:00:00",1,-194.19623
D,P5MIN,CONSTRAINTSOLUTION,6,"2019/05/16 06:05:00",0,"2019/05/16 06:10:00",N^^N_NIL_1,2609.95121,0,0,"2019/05/16 06:00:26",,"2018/05/02 00:00:00",1,43.99299
D,P5MIN,CONSTRAINTSOLUTION,6,"2019/05/16 06:05:00",0,"2019/05/16 06:10:00",N^^Q_NIL_A,443.63215,0,0,"2019/05/16 06:00:26",,"2017/12/06 00:00:00",1,-544.72712
D,P5MIN,CONSTRAINTSOLUTION,6,"2019/05/16 06:05:00",0,"2019/05/16 06:10:00",N^^Q_NIL_B,622.24474,0,0,"2019/05/16 06:00:26",,"2017/12/06 00:00:00",1,-526.59712
D,P5MIN,CONSTRAINTSOLUTION,6,"2019/05/16 06:05:00",0,"2019/05/16 06:10:00",N^^Q_NIL_B1,937.24474,0,0,"2019/05/16 06:00:26",,"2017/12/06 00:00:00",1,148.40288
D,P5MIN,CONSTRAINTSOLUTION,6,"2019/05/16 06:05:00",0,"2019/05/16 06:10:00",N^^Q_NIL_B2,937.24474,0,0,"2019/05/16 06:00:26",,"2017/12/06 00:00:00",1,-139.59712
D,P5MIN,CONSTRAINTSOLUTION,6,"2019/05/16 06:05:00",0,"2019/05/16 06:10:00",N^^Q_NIL_B3,937.24474,0,0,"2019/05/16 06:00:26",,"2017/12/06 00:00:00",1,-135.09712
D,P5MIN,CONSTRAINTSOLUTION,6,"2019/05/16 06:05:00",0,"2019/05/16 06:10:00",N^^Q_NIL_B4,897.24474,0,0,"2019/05/16 06:00:26",,"2017/12/06 00:00:00",1,-176.2271
D,P5MIN,CONSTRAINTSOLUTION,6,"2019/05/16 06:05:00",0,"2019/05/16 06:10:00",N^^Q_NIL_B5,907.24474,0,0,"2019/05/16 06:00:26",,"2017/12/06 00:00:00",1,-161.19712
D,P5MIN,CONSTRAINTSOLUTION,6,"2019/05/16 06:05:00",0,"2019/05/16 06:10:00",N^^Q_NIL_B6,907.24474,0,0,"2019/05/16 06:00:26",,"2017/12/06 00:00:00",1,-161.19712
D,P5MIN,CONSTRAINTSOLUTION,6,"2019/05/16 06:05:00",0,"2019/05/16 06:10:00",N^^Q_WIV_N-2,937.24474,0,0,"2019/05/16 06:00:26",,"2018/01/19 00:00:00",1,-526.59712
D,P5MIN,CONSTRAINTSOLUTION,6,"2019/05/16 06:05:00",0,"2019/05/16 06:10:00",N^^V_NIL_1,120.34791,-0.79611,0,"2019/05/16 06:00:26",,"2019/05/15 00:00:00",1,120.34791
D,P5MIN,CONSTRAINTSOLUTION,6,"2019/05/16 06:05:00",0,"2019/05/16 06:10:00",N_NIL_TE_A,163.5,0,0,"2019/05/16 06:00:26",,"2012/07/04 00:00:00",1,-49
D,P5MIN,CONSTRAINTSOLUTION,6,"2019/05/16 06:05:00",0,"2019/05/16 06:10:00",N_NIL_TE_B,196.5,0,0,"2019/05/16 06:00:26",,"2012/07/04 00:00:00",1,49
D,P5MIN,CONSTRAINTSOLUTION,6,"2019/05/16 06:05:00",0,"2019/05/16 06:10:00",N_V_HV1700_OSC_AUTO,11768.10001,0,0,"2019/05/16 06:00:26",,"2013/07/19 00:00:00",1,470.68515
D,P5MIN,CONSTRAINTSOLUTION,6,"2019/05/16 06:05:00",0,"2019/05/16 06:10:00",Q::N_BI_POT_WIV_N-2,1209.34247,0,0,"2019/05/16 06:00:26",,"2018/01/16 00:00:00",1,472.69372
D,P5MIN,CONSTRAINTSOLUTION,6,"2019/05/16 06:05:00",0,"2019/05/16 06:10:00",Q::N_NIL_AR_2L-G,1111.64688,0,0,"2019/05/16 06:00:26",,"2018/01/15 00:00:00",2,594.07974
D,P5MIN,CONSTRAINTSOLUTION,6,"2019/05/16 06:05:00",0,"2019/05/16 06:10:00",Q::N_NIL_BI_POT,1209.33249,0,0,"2019/05/16 06:00:26",,"2018/01/15 00:00:00",2,472.69372
D,P5MIN,CONSTRAINTSOLUTION,6,"2019/05/16 06:05:00",0,"2019/05/16 06:10:00",Q:NIL_CS,4290.98555,0,0,"2019/05/16 06:00:26",,"2018/12/27 00:00:00",1,3266.29
D,P5MIN,CONSTRAINTSOLUTION,6,"2019/05/16 06:05:00",0,"2019/05/16 06:10:00",Q:N_NIL_BWRG,1413.35421,0,0,"2019/05/16 06:00:26",,"2013/10/23 00:00:00",1,380.56012
D,P5MIN,CONSTRAINTSOLUTION,6,"2019/05/16 06:05:00",0,"2019/05/16 06:10:00",Q:N_NIL_LDNC,1414.67794,0,0,"2019/05/16 06:00:26",,"2013/10/23 00:00:00",1,380.56012
D,P5MIN,CONSTRAINTSOLUTION,6,"2019/05/16 06:05:00",0,"2019/05/16 06:10:00",Q:N_NIL_OSC,1200,0,0,"2019/05/16 06:00:26",,"2013/07/25 00:00:00",1,380.56012
D,P5MIN,CONSTRAINTSOLUTION,6,"2019/05/16 06:05:00",0,"2019/05/16 06:10:00",Q>>LCCP_BCCP_CLWU_2,3001.31863,0,0,"2019/05/16 06:00:26",,"2018/12/27 00:00:00",1,1832.99395
D,P5MIN,CONSTRAINTSOLUTION,6,"2019/05/16 06:05:00",0,"2019/05/16 06:10:00",Q>>LCCP_CLWU_BCCP_2,2584.7078,0,0,"2019/05/16 06:00:26",,"2018/12/27 00:00:00",1,1658.66911
D,P5MIN,CONSTRAINTSOLUTION,6,"2019/05/16 06:05:00",0,"2019/05/16 06:10:00",Q>>NIL_MRGB_MRTX1,11115.0135,0,0,"2019/05/16 06:00:26",,"2019/01/11 00:00:00",1,1074.21681
D,P5MIN,CONSTRAINTSOLUTION,6,"2019/05/16 06:05:00",0,"2019/05/16 06:10:00",Q>>NIL_MRTX5_MRTX4,3139.18227,0,0,"2019/05/16 06:00:26",,"2019/01/11 00:00:00",1,1252.08514
D,P5MIN,CONSTRAINTSOLUTION,6,"2019/05/16 06:05:00",0,"2019/05/16 06:10:00",Q>>WOPW_WOSP_WOGP_1,2928.38636,0,0,"2019/05/16 06:00:26",,"2019/04/10 00:00:00",1,2324.63132
D,P5MIN,CONSTRAINTSOLUTION,6,"2019/05/16 06:05:00",0,"2019/05/16 06:10:00",Q>>WOPW_WOSP_WOGP_2,2787.54249,0,0,"2019/05/16 06:00:26",,"2019/04/10 00:00:00",1,2324.67636
D,P5MIN,CONSTRAINTSOLUTION,6,"2019/05/16 06:05:00",0,"2019/05/16 06:10:00",Q>N-NIL_8L_8M,1379,0,0,"2019/05/16 06:00:26",,"2013/08/21 00:00:00",1,380.56012
D,P5MIN,CONSTRAINTSOLUTION,6,"2019/05/16 06:05:00",0,"2019/05/16 06:10:00",Q>NIL_BI_CAGS_CALV_O,532.03418,0,0,"2019/05/16 06:00:26",,"2019/01/11 00:00:00",1,194.768
D,P5MIN,CONSTRAINTSOLUTION,6,"2019/05/16 06:05:00",0,"2019/05/16 06:10:00",Q>NIL_MRTA_A,9990,0,0,"2019/05/16 06:00:26",,"2019/01/11 00:00:00",1,0
D,P5MIN,CONSTRAINTSOLUTION,6,"2019/05/16 06:05:00",0,"2019/05/16 06:10:00",Q>NIL_MRTA_B,9990,0,0,"2019/05/16 06:00:26",,"2019/01/11 00:00:00",1,0
D,P5MIN,CONSTRAINTSOLUTION,6,"2019/05/16 06:05:00",0,"2019/05/16 06:10:00",Q>NIL_MRTA_C,371.25,0,0,"2019/05/16 06:00:26",,"2019/01/11 00:00:00",1,0
D,P5MIN,CONSTRAINTSOLUTION,6,"2019/05/16 06:05:00",0,"2019/05/16 06:10:00",Q>NIL_MUTE_757,201.6,0,0,"2019/05/16 06:00:26",,"2014/09/02 00:00:00",1,49
D,P5MIN,CONSTRAINTSOLUTION,6,"2019/05/16 06:05:00",0,"2019/05/16 06:10:00",Q>NIL_MUTE_758,201.6,0,0,"2019/05/16 06:00:26",,"2014/09/02 00:00:00",1,49
D,P5MIN,CONSTRAINTSOLUTION,6,"2019/05/16 06:05:00",0,"2019/05/16 06:10:00",Q>NIL_TV66,410.96679,0,0,"2019/05/16 06:00:26",,"2018/08/20 00:00:00",1,0
D,P5MIN,CONSTRAINTSOLUTION,6,"2019/05/16 06:05:00",0,"2019/05/16 06:10:00",QNI_SOUTH_1150_DYN,1150,0,0,"2019/05/16 06:00:26",,"2019/01/30 00:00:00",1,380.56012
D,P5MIN,CONSTRAINTSOLUTION,6,"2019/05/16 06:05:00",0,"2019/05/16 06:10:00",QNTE_ROC,121,0,0,"2019/05/16 06:00:26",,"2010/11/08 00:00:00",3,49
D,P5MIN,CONSTRAINTSOLUTION,6,"2019/05/16 06:05:00",0,"2019/05/16 06:10:00",QN_1078_OSC_AUTO,11078,0,0,"2019/05/16 06:00:26",,"2013/07/25 00:00:00",1,380.56012
D,P5MIN,CONSTRAINTSOLUTION,6,"2019/05/16 06:05:00",0,"2019/05/16 06:10:00",Q^NIL_CN_FDR,-568.85237,0,0,"2019/05/16 06:00:26",,"2018/08/28 00:00:00",1,190.224
D,P5MIN,CONSTRAINTSOLUTION,6,"2019/05/16 06:05:00",0,"2019/05/16 06:10:00",Q^NIL_CN_GT,-715.33577,0,0,"2019/05/16 06:00:26",,"2018/08/28 00:00:00",1,144
D,P5MIN,CONSTRAINTSOLUTION,6,"2019/05/16 06:05:00",0,"2019/05/16 06:10:00",Q^NIL_FNQ,-325.88867,0,0,"2019/05/16 06:00:26",,"2018/08/28 00:00:00",1,144
D,P5MIN,CONSTRAINTSOLUTION,6,"2019/05/16 06:05:00",0,"2019/05/16 06:10:00",Q^NIL_GC,-5816.9078,0,0,"2019/05/16 06:00:26",,"2013/08/21 00:00:00",1,-49
D,P5MIN,CONSTRAINTSOLUTION,6,"2019/05/16 06:05:00",0,"2019/05/16 06:10:00",Q^^CS_-080,3074.14684,0,0,"2019/05/16 06:00:26",,"2018/08/30 00:00:00",1,2008.06147
D,P5MIN,CONSTRAINTSOLUTION,6,"2019/05/16 06:05:00",0,"2019/05/16 06:10:00",Q^^NIL_CS,3154.14683,0,0,"2019/05/16 06:00:26",,"2018/08/30 00:00:00",1,2008.06147
D,P5MIN,CONSTRAINTSOLUTION,6,"2019/05/16 06:05:00",0,"2019/05/16 06:10:00",Q^^NIL_QNI_SRAR,973.86409,0,0,"2019/05/16 06:00:26",,"2019/04/11 00:00:00",1,620.10748
D,P5MIN,CONSTRAINTSOLUTION,6,"2019/05/16 06:05:00",0,"2019/05/16 06:10:00",Q^^NIL_TR_CLHA,5554.66765,0,0,"2019/05/16 06:00:26",,"2018/12/19 00:00:00",1,3307.33851
D,P5MIN,CONSTRAINTSOLUTION,6,"2019/05/16 06:05:00",0,"2019/05/16 06:10:00",Q^^NIL_TR_TRBK,5791.2781,0,0,"2019/05/16 06:00:26",,"2018/12/19 00:00:00",1,3620.80507
D,P5MIN,CONSTRAINTSOLUTION,6,"2019/05/16 06:05:00",0,"2019/05/16 06:10:00",Q^^TR_CLHA_-250,5065.1787,0,0,"2019/05/16 06:00:26",,"2018/12/19 00:00:00",1,3307.33851
D,P5MIN,CONSTRAINTSOLUTION,6,"2019/05/16 06:05:00",0,"2019/05/16 06:10:00",Q^^TR_TRBK_-150,5495.00177,0,0,"2019/05/16 06:00:26",,"2018/12/19 00:00:00",1,3620.80507
D,P5MIN,CONSTRAINTSOLUTION,6,"2019/05/16 06:05:00",0,"2019/05/16 06:10:00",Q_CS_2000,4303.33024,0,0,"2019/05/16 06:00:26",,"2019/01/15 00:00:00",1,3266.29
D,P5MIN,CONSTRAINTSOLUTION,6,"2019/05/16 06:05:00",0,"2019/05/16 06:10:00",S::V_NIL_TBSE_1,660.07794,0,0,"2019/05/16 06:00:26",,"2019/03/21 00:00:00",1,173.57399
D,P5MIN,CONSTRAINTSOLUTION,6,"2019/05/16 06:05:00",0,"2019/05/16 06:10:00",S::V_NIL_TBSE_2-DS,10000,0,0,"2019/05/16 06:00:26",,"2019/03/21 00:00:00",1,173.31905
D,P5MIN,CONSTRAINTSOLUTION,6,"2019/05/16 06:05:00",0,"2019/05/16 06:10:00",S:VS_580_OSC_AUTO_1,10000,0,0,"2019/05/16 06:00:26",,"2016/06/30 00:00:00",1,194.19623
D,P5MIN,CONSTRAINTSOLUTION,6,"2019/05/16 06:05:00",0,"2019/05/16 06:10:00",S:VS_650_HY_TEST,650,0,0,"2019/05/16 06:00:26",,"2018/08/07 00:00:00",1,194.19623
D,P5MIN,CONSTRAINTSOLUTION,6,"2019/05/16 06:05:00",0,"2019/05/16 06:10:00",S:VS_650_HY_TEST_DYN,650,0,0,"2019/05/16 06:00:26",,"2015/11/25 00:00:00",1,194.19623
D,P5MIN,CONSTRAINTSOLUTION,6,"2019/05/16 06:05:00",0,"2019/05/16 06:10:00",S:VS_700_1,10000,0,0,"2019/05/16 06:00:26",,"2016/08/16 00:00:00",1,194.19623
D,P5MIN,CONSTRAINTSOLUTION,6,"2019/05/16 06:05:00",0,"2019/05/16 06:10:00",S:VS_700_OSC_AUTO,10700,0,0,"2019/05/16 06:00:26",,"2016/06/30 00:00:00",1,194.19623
D,P5MIN,CONSTRAINTSOLUTION,6,"2019/05/16 06:05:00",0,"2019/05/16 06:10:00",S:VS_800,800,0,0,"2019/05/16 06:00:26",,"2018/08/07 00:00:00",1,194.19623
D,P5MIN,CONSTRAINTSOLUTION,6,"2019/05/16 06:05:00",0,"2019/05/16 06:10:00",S:V_460_OSC_AUTO_1,10000,0,0,"2019/05/16 06:00:26",,"2016/06/30 00:00:00",1,176.19623
D,P5MIN,CONSTRAINTSOLUTION,6,"2019/05/16 06:05:00",0,"2019/05/16 06:10:00",S:V_500_HY_TEST,500,0,0,"2019/05/16 06:00:26",,"2018/08/07 00:00:00",1,176.19623
D,P5MIN,CONSTRAINTSOLUTION,6,"2019/05/16 06:05:00",0,"2019/05/16 06:10:00",S:V_500_HY_TEST_DYN,500,0,0,"2019/05/16 06:00:26",,"2015/11/25 00:00:00",1,176.19623
D,P5MIN,CONSTRAINTSOLUTION,6,"2019/05/16 06:05:00",0,"2019/05/16 06:10:00",S:V_550_1,10000,0,0,"2019/05/16 06:00:26",,"2016/08/16 00:00:00",1,176.19623
D,P5MIN,CONSTRAINTSOLUTION,6,"2019/05/16 06:05:00",0,"2019/05/16 06:10:00",S:V_550_OSC_AUTO,10550,0,0,"2019/05/16 06:00:26",,"2016/06/30 00:00:00",1,176.19623
D,P5MIN,CONSTRAINTSOLUTION,6,"2019/05/16 06:05:00",0,"2019/05/16 06:10:00",S:V_650,650,0,0,"2019/05/16 06:00:26",,"2018/08/07 00:00:00",1,176.19623
D,P5MIN,CONSTRAINTSOLUTION,6,"2019/05/16 06:05:00",0,"2019/05/16 06:10:00",S>>HUBG_AWHU_WEWT,325.28807,0,0,"2019/05/16 06:00:26",,"2019/05/15 00:00:00",1,53.73722
D,P5MIN,CONSTRAINTSOLUTION,6,"2019/05/16 06:05:00",0,"2019/05/16 06:10:00",S>>HUBG_BGDV_WEMWP4,257.95568,0,0,"2019/05/16 06:00:26",,"2019/05/15 00:00:00",1,-34.39434
D,P5MIN,CONSTRAINTSOLUTION,6,"2019/05/16 06:05:00",0,"2019/05/16 06:10:00",S>>HUBG_BGDV_WTWE,322.68557,0,0,"2019/05/16 06:00:26",,"2019/05/15 00:00:00",1,-66.73755
D,P5MIN,CONSTRAINTSOLUTION,6,"2019/05/16 06:05:00",0,"2019/05/16 06:10:00",S>>HUBG_BLDV_WEWT,327.19178,0,0,"2019/05/16 06:00:26",,"2019/05/15 00:00:00",1,64.74508
D,P5MIN,CONSTRAINTSOLUTION,6,"2019/05/16 06:05:00",0,"2019/05/16 06:10:00",S>>HUBG_BLDV_WTTP,474.5057,0,0,"2019/05/16 06:00:26",,"2019/05/15 00:00:00",1,79.61988
D,P5MIN,CONSTRAINTSOLUTION,6,"2019/05/16 06:05:00",0,"2019/05/16 06:10:00",S>>HUBG_BWMP_WEWT,327.12888,0,0,"2019/05/16 06:00:26",,"2019/03/13 00:00:00",1,50.16359
D,P5MIN,CONSTRAINTSOLUTION,6,"2019/05/16 06:05:00",0,"2019/05/16 06:10:00",S>>HUBG_LKDV_WEWT,321.87973,0,0,"2019/05/16 06:00:26",,"2019/05/15 00:00:00",1,76.74031
D,P5MIN,CONSTRAINTSOLUTION,6,"2019/05/16 06:05:00",0,"2019/05/16 06:10:00",S>>HUBG_LKDV_WTTP,517.80901,0,0,"2019/05/16 06:00:26",,"2019/05/15 00:00:00",1,82.61397
D,P5MIN,CONSTRAINTSOLUTION,6,"2019/05/16 06:05:00",0,"2019/05/16 06:10:00",S>>HUBG_MNCLN_WEMWP4,205.14124,0,0,"2019/05/16 06:00:26",,"2019/05/15 00:00:00",1,-27.39497
D,P5MIN,CONSTRAINTSOLUTION,6,"2019/05/16 06:05:00",0,"2019/05/16 06:10:00",S>>HUBG_MNCLN_WTWE,272.98572,0,0,"2019/05/16 06:00:26",,"2019/05/15 00:00:00",1,-45.69066
D,P5MIN,CONSTRAINTSOLUTION,6,"2019/05/16 06:05:00",0,"2019/05/16 06:10:00",S>>HUBG_RBTU_WEWT,312.37225,0,0,"2019/05/16 06:00:26",,"2019/05/15 00:00:00",1,85.43018
D,P5MIN,CONSTRAINTSOLUTION,6,"2019/05/16 06:05:00",0,"2019/05/16 06:10:00",S>>HUBG_RBTU_WTTP,482.50644,0,0,"2019/05/16 06:00:26",,"2019/05/15 00:00:00",1,111.14515
D,P5MIN,CONSTRAINTSOLUTION,6,"2019/05/16 06:05:00",0,"2019/05/16 06:10:00",S>>HUBG_RBTX1_WEWT,305.83941,0,0,"2019/05/16 06:00:26",,"2019/05/15 00:00:00",1,42.53368
D,P5MIN,CONSTRAINTSOLUTION,6,"2019/05/16 06:05:00",0,"2019/05/16 06:10:00",S>>HUBG_WTTP_WEMWP4,223.49298,0,0,"2019/05/16 06:00:26",,"2019/05/15 00:00:00",1,9.69203
D,P5MIN,CONSTRAINTSOLUTION,6,"2019/05/16 06:05:00",0,"2019/05/16 06:10:00",S>>HUBG_WTTP_WTWE,287.73624,0,0,"2019/05/16 06:00:26",,"2019/05/15 00:00:00",1,-4.35709
D,P5MIN,CONSTRAINTSOLUTION,6,"2019/05/16 06:05:00",0,"2019/05/16 06:10:00",S>>NIL_BGBW_BRTW,1268.77654,0,0,"2019/05/16 06:00:26",,"2019/05/15 00:00:00",1,226.89385
D,P5MIN,CONSTRAINTSOLUTION,6,"2019/05/16 06:05:00",0,"2019/05/16 06:10:00",S>>NIL_BRTW_WEP4,367.61936,0,0,"2019/05/16 06:00:26",,"2019/05/15 00:00:00",1,1.62444
D,P5MIN,CONSTRAINTSOLUTION,6,"2019/05/16 06:05:00",0,"2019/05/16 06:10:00",S>>NIL_BRTW_WTTP,574.94832,0,0,"2019/05/16 06:00:26",,"2019/05/15 00:00:00",1,128.62763
D,P5MIN,CONSTRAINTSOLUTION,6,"2019/05/16 06:05:00",0,"2019/05/16 06:10:00",S>>NIL_BRTX_WEP4,326.67556,0,0,"2019/05/16 06:00:26",,"2019/05/15 00:00:00",1,-13.12794
D,P5MIN,CONSTRAINTSOLUTION,6,"2019/05/16 06:05:00",0,"2019/05/16 06:10:00",S>>NIL_BRTX_WTTP,531.53162,0,0,"2019/05/16 06:00:26",,"2019/05/15 00:00:00",1,90.63257
D,P5MIN,CONSTRAINTSOLUTION,6,"2019/05/16 06:05:00",0,"2019/05/16 06:10:00",S>>NIL_BWMP_BRTW,1268.0566,0,0,"2019/05/16 06:00:26",,"2019/05/15 00:00:00",1,271.33952
D,P5MIN,CONSTRAINTSOLUTION,6,"2019/05/16 06:05:00",0,"2019/05/16 06:10:00",S>>NIL_BWMP_TPRS,468.32726,0,0,"2019/05/16 06:00:26",,"2019/05/15 00:00:00",1,94.49407
D,P5MIN,CONSTRAINTSOLUTION,6,"2019/05/16 06:05:00",0,"2019/05/16 06:10:00",S>>NIL_BWMP_TWPA,1140.52028,0,0,"2019/05/16 06:00:26",,"2019/05/15 00:00:00",1,255.79891
D,P5MIN,CONSTRAINTSOLUTION,6,"2019/05/16 06:05:00",0,"2019/05/16 06:10:00",S>>NIL_BWMP_WEP4,285.86926,0,0,"2019/05/16 06:00:26",,"2019/05/15 00:00:00",1,-7.5658
D,P5MIN,CONSTRAINTSOLUTION,6,"2019/05/16 06:05:00",0,"2019/05/16 06:10:00",S>>NIL_BWMP_WTTP,586.22184,0,0,"2019/05/16 06:00:26",,"2019/05/15 00:00:00",1,127.61791
D,P5MIN,CONSTRAINTSOLUTION,6,"2019/05/16 06:05:00",0,"2019/05/16 06:10:00",S>>NIL_CGTB_TUTB_1,685.1023,0,0,"2019/05/16 06:00:26",,"2019/05/15 00:00:00",1,172.58701
D,P5MIN,CONSTRAINTSOLUTION,6,"2019/05/16 06:05:00",0,"2019/05/16 06:10:00",S>>NIL_CNRB_WEMWP4,387.22755,0,0,"2019/05/16 06:00:26",,"2019/05/15 00:00:00",1,32.85968
D,P5MIN,CONSTRAINTSOLUTION,6,"2019/05/16 06:05:00",0,"2019/05/16 06:10:00",S>>NIL_HUBG-T_WEWT,10000,0,0,"2019/05/16 06:00:26",,"2019/05/15 00:00:00",1,53.73722
D,P5MIN,CONSTRAINTSOLUTION,6,"2019/05/16 06:05:00",0,"2019/05/16 06:10:00",S>>NIL_HUBG-T_WEWT2,323.8901,0,0,"2019/05/16 06:00:26",,"2019/05/15 00:00:00",1,53.73722
D,P5MIN,CONSTRAINTSOLUTION,6,"2019/05/16 06:05:00",0,"2019/05/16 06:10:00",S>>NIL_LKDV_WEWT,294.38466,0,0,"2019/05/16 06:00:26",,"2019/05/15 00:00:00",1,68.71253
D,P5MIN,CONSTRAINTSOLUTION,6,"2019/05/16 06:05:00",0,"2019/05/16 06:10:00",S>>NIL_MKRB_WEMWP4,368.51681,0,0,"2019/05/16 06:00:26",,"2019/05/15 00:00:00",1,-2.89416
D,P5MIN,CONSTRAINTSOLUTION,6,"2019/05/16 06:05:00",0,"2019/05/16 06:10:00",S>>NIL_RBPA_RBTU,1191.07857,0,0,"2019/05/16 06:00:26",,"2019/05/15 00:00:00",1,313.94924
D,P5MIN,CONSTRAINTSOLUTION,6,"2019/05/16 06:05:00",0,"2019/05/16 06:10:00",S>>NIL_RBPA_WEWT,314.95196,0,0,"2019/05/16 06:00:26",,"2019/05/15 00:00:00",1,73.3274
D,P5MIN,CONSTRAINTSOLUTION,6,"2019/05/16 06:05:00",0,"2019/05/16 06:10:00",S>>NIL_RBTU_BRTW,1410.48689,0,0,"2019/05/16 06:00:26",,"2019/05/15 00:00:00",1,265.56121
D,P5MIN,CONSTRAINTSOLUTION,6,"2019/05/16 06:05:00",0,"2019/05/16 06:10:00",S>>NIL_RBTU_RBPA,1279.28599,0,0,"2019/05/16 06:00:26",,"2019/05/15 00:00:00",1,312.9179
D,P5MIN,CONSTRAINTSOLUTION,6,"2019/05/16 06:05:00",0,"2019/05/16 06:10:00",S>>NIL_RBTU_TWPA,1125.51074,0,0,"2019/05/16 06:00:26",,"2019/05/15 00:00:00",1,225.29861
D,P5MIN,CONSTRAINTSOLUTION,6,"2019/05/16 06:05:00",0,"2019/05/16 06:10:00",S>>NIL_RBTU_WEWT,307.40142,0,0,"2019/05/16 06:00:26",,"2019/05/15 00:00:00",1,80.95975
D,P5MIN,CONSTRAINTSOLUTION,6,"2019/05/16 06:05:00",0,"2019/05/16 06:10:00",S>>NIL_RBTU_WTTP,600.15821,0,0,"2019/05/16 06:00:26",,"2019/05/15 00:00:00",1,140.8303
D,P5MIN,CONSTRAINTSOLUTION,6,"2019/05/16 06:05:00",0,"2019/05/16 06:10:00",S>>NIL_RBTX1_WTWE,280.93411,0,0,"2019/05/16 06:00:26",,"2019/05/15 00:00:00",1,-33.30773
D,P5MIN,CONSTRAINTSOLUTION,6,"2019/05/16 06:05:00",0,"2019/05/16 06:10:00",S>>NIL_SETB_SETB_1,906.08549,0,0,"2019/05/16 06:00:26",,"2019/05/15 00:00:00",1,-172.70974
D,P5MIN,CONSTRAINTSOLUTION,6,"2019/05/16 06:05:00",0,"2019/05/16 06:10:00",S>>NIL_TBCG_TBTU_1,889.94091,0,0,"2019/05/16 06:00:26",,"2019/05/15 00:00:00",1,-172.58701
D,P5MIN,CONSTRAINTSOLUTION,6,"2019/05/16 06:05:00",0,"2019/05/16 06:10:00",S>>NIL_TBSE_PWSE_1,10000,0,0,"2019/05/16 06:00:26",,"2019/03/11 00:00:00",1,41.21307
D,P5MIN,CONSTRAINTSOLUTION,6,"2019/05/16 06:05:00",0,"2019/05/16 06:10:00",S>>NIL_TBSE_TBSE_1,757.81997,0,0,"2019/05/16 06:00:26",,"2019/05/15 00:00:00",1,172.70974
D,P5MIN,CONSTRAINTSOLUTION,6,"2019/05/16 06:05:00",0,"2019/05/16 06:10:00",S>>NIL_TBTU_TBCG_1,943.33393,0,0,"2019/05/16 06:00:26",,"2019/05/15 00:00:00",1,-172.58701
D,P5MIN,CONSTRAINTSOLUTION,6,"2019/05/16 06:05:00",0,"2019/05/16 06:10:00",S>>NIL_TBTU_TBMO_1,434.88652,0,0,"2019/05/16 06:00:26",,"2019/05/15 00:00:00",1,-86.76874
D,P5MIN,CONSTRAINTSOLUTION,6,"2019/05/16 06:05:00",0,"2019/05/16 06:10:00",S>>NIL_TUTB_CGTB_1,738.85,0,0,"2019/05/16 06:00:26",,"2019/05/15 00:00:00",1,172.58701
D,P5MIN,CONSTRAINTSOLUTION,6,"2019/05/16 06:05:00",0,"2019/05/16 06:10:00",S>>NIL_TUTB_PAAC,774.54691,0,0,"2019/05/16 06:00:26",,"2019/05/15 00:00:00",1,99.22435
D,P5MIN,CONSTRAINTSOLUTION,6,"2019/05/16 06:05:00",0,"2019/05/16 06:10:00",S>>NIL_TWPA_BWMP,929.10801,0,0,"2019/05/16 06:00:26",,"2019/05/15 00:00:00",1,176.92861
D,P5MIN,CONSTRAINTSOLUTION,6,"2019/05/16 06:05:00",0,"2019/05/16 06:10:00",S>>NIL_TWPA_TPRS,383.58324,0,0,"2019/05/16 06:00:26",,"2019/05/15 00:00:00",1,104.80978
D,P5MIN,CONSTRAINTSOLUTION,6,"2019/05/16 06:05:00",0,"2019/05/16 06:10:00",S>>NIL_TWPA_WEMW4,303.28847,0,0,"2019/05/16 06:00:26",,"2019/05/15 00:00:00",1,15.2409
D,P5MIN,CONSTRAINTSOLUTION,6,"2019/05/16 06:05:00",0,"2019/05/16 06:10:00",S>>TBTX4_CGTB_TUTB,646.83913,0,0,"2019/05/16 06:00:26",,"2019/03/13 00:00:00",1,172.68607
D,P5MIN,CONSTRAINTSOLUTION,6,"2019/05/16 06:05:00",0,"2019/05/16 06:10:00",S>>TBTX4_TBCG_TBTU,801.88667,0,0,"2019/05/16 06:00:26",,"2019/03/13 00:00:00",1,-172.68607
D,P5MIN,CONSTRAINTSOLUTION,6,"2019/05/16 06:05:00",0,"2019/05/16 06:10:00",S>>TBTX4_TBTU_TBCG,799.943,0,0,"2019/05/16 06:00:26",,"2019/03/13 00:00:00",1,-172.68607
D,P5MIN,CONSTRAINTSOLUTION,6,"2019/05/16 06:05:00",0,"2019/05/16 06:10:00",S>>TBTX4_TUTB_CGTB,653.58248,0,0,"2019/05/16 06:00:26",,"2019/03/13 00:00:00",1,172.68607
D,P5MIN,CONSTRAINTSOLUTION,6,"2019/05/16 06:05:00",0,"2019/05/16 06:10:00",S>>V_NIL_DVBG_STBG,184.88835,0,0,"2019/05/16 06:00:26",,"2019/05/14 00:00:00",1,-2.55017
D,P5MIN,CONSTRAINTSOLUTION,6,"2019/05/16 06:05:00",0,"2019/05/16 06:10:00",S>>V_NIL_NIL_HUWT,223.647,0,0,"2019/05/16 06:00:26",,"2019/05/14 00:00:00",1,-2.08303
D,P5MIN,CONSTRAINTSOLUTION,6,"2019/05/16 06:05:00",0,"2019/05/16 06:10:00",S>>V_NIL_NIL_MNWT,302.65593,0,0,"2019/05/16 06:00:26",,"2019/05/14 00:00:00",1,-0.1209
D,P5MIN,CONSTRAINTSOLUTION,6,"2019/05/16 06:05:00",0,"2019/05/16 06:10:00",S>>V_NIL_RBTX_MW4RB,325.02761,0,0,"2019/05/16 06:00:26",,"2019/05/14 00:00:00",1,-15.48166
D,P5MIN,CONSTRAINTSOLUTION,6,"2019/05/16 06:05:00",0,"2019/05/16 06:10:00",S>>V_NIL_WTTP_WEMW4,308.33285,0,0,"2019/05/16 06:00:26",,"2019/05/14 00:00:00",1,18.31471
D,P5MIN,CONSTRAINTSOLUTION,6,"2019/05/16 06:05:00",0,"2019/05/16 06:10:00",S>DVTX_NIL_DVTX,166.52427,0,0,"2019/05/16 06:00:26",,"2019/01/22 00:00:00",1,0
D,P5MIN,CONSTRAINTSOLUTION,6,"2019/05/16 06:05:00",0,"2019/05/16 06:10:00",S>NIL_BRTW_MNWT,323.61413,0,0,"2019/05/16 06:00:26",,"2019/05/14 00:00:00",1,29.00917
D,P5MIN,CONSTRAINTSOLUTION,6,"2019/05/16 06:05:00",0,"2019/05/16 06:10:00",S>NIL_BWMP_CNRB,738.57674,0,0,"2019/05/16 06:00:26",,"2019/05/14 00:00:00",1,241.87093
D,P5MIN,CONSTRAINTSOLUTION,6,"2019/05/16 06:05:00",0,"2019/05/16 06:10:00",S>NIL_BWMP_HUWT,223.31013,0,0,"2019/05/16 06:00:26",,"2019/05/14 00:00:00",1,6.76161
D,P5MIN,CONSTRAINTSOLUTION,6,"2019/05/16 06:05:00",0,"2019/05/16 06:10:00",S>NIL_BWMP_RHBR-T,309.5074,0,0,"2019/05/16 06:00:26",,"2019/05/14 00:00:00",1,56.5471
D,P5MIN,CONSTRAINTSOLUTION,6,"2019/05/16 06:05:00",0,"2019/05/16 06:10:00",S>NIL_DVBG_BRTW,1601.25804,0,0,"2019/05/16 06:00:26",,"2019/05/14 00:00:00",1,273.72152
D,P5MIN,CONSTRAINTSOLUTION,6,"2019/05/16 06:05:00",0,"2019/05/16 06:10:00",S>NIL_DVTX_DVTX,165.96547,0,0,"2019/05/16 06:00:26",,"2019/01/11 00:00:00",1,0
D,P5MIN,CONSTRAINTSOLUTION,6,"2019/05/16 06:05:00",0,"2019/05/16 06:10:00",S>NIL_HUWT_STBG,10000,0,0,"2019/05/16 06:00:26",,"2019/01/11 00:00:00",1,0
D,P5MIN,CONSTRAINTSOLUTION,6,"2019/05/16 06:05:00",0,"2019/05/16 06:10:00",S>NIL_HUWT_STBG2,125.80774,0,0,"2019/05/16 06:00:26",,"2019/01/11 00:00:00",1,0
D,P5MIN,CONSTRAINTSOLUTION,6,"2019/05/16 06:05:00",0,"2019/05/16 06:10:00",S>NIL_LKDV_CNRB,455.07,0,0,"2019/05/16 06:00:26",,"2019/01/11 00:00:00",1,219.579
D,P5MIN,CONSTRAINTSOLUTION,6,"2019/05/16 06:05:00",0,"2019/05/16 06:10:00",S>NIL_MHNW1_MHNW2,10000,0,0,"2019/05/16 06:00:26",,"2019/01/11 00:00:00",1,-18
D,P5MIN,CONSTRAINTSOLUTION,6,"2019/05/16 06:05:00",0,"2019/05/16 06:10:00",S>NIL_NIL_DLAW,116.25677,0,0,"2019/05/16 06:00:26",,"2019/01/11 00:00:00",1,0
D,P5MIN,CONSTRAINTSOLUTION,6,"2019/05/16 06:05:00",0,"2019/05/16 06:10:00",S>NIL_NIL_MHNW2,269.17169,0,0,"2019/05/16 06:00:26",,"2019/01/11 00:00:00",1,-18
D,P5MIN,CONSTRAINTSOLUTION,6,"2019/05/16 06:05:00",0,"2019/05/16 06:10:00",S>NIL_NIL_MYSG-T,276.45804,0,0,"2019/05/16 06:00:26",,"2019/03/14 00:00:00",2,3.642
D,P5MIN,CONSTRAINTSOLUTION,6,"2019/05/16 06:05:00",0,"2019/05/16 06:10:00",S>NIL_NIL_NWMH2,225.37624,0,0,"2019/05/16 06:00:26",,"2019/01/11 00:00:00",1,18
D,P5MIN,CONSTRAINTSOLUTION,6,"2019/05/16 06:05:00",0,"2019/05/16 06:10:00",S>NIL_NIL_SETX12,384.6887,0,0,"2019/05/16 06:00:26",,"2019/03/14 00:00:00",2,3.642
D,P5MIN,CONSTRAINTSOLUTION,6,"2019/05/16 06:05:00",0,"2019/05/16 06:10:00",S>NIL_NIL_SGBN,349.21569,0,0,"2019/05/16 06:00:26",,"2019/03/14 00:00:00",2,3.642
D,P5MIN,CONSTRAINTSOLUTION,6,"2019/05/16 06:05:00",0,"2019/05/16 06:10:00",S>NIL_NIL_SGMYSE-T2,405.14253,0,0,"2019/05/16 06:00:26",,"2019/03/14 00:00:00",2,3.642
D,P5MIN,CONSTRAINTSOLUTION,6,"2019/05/16 06:05:00",0,"2019/05/16 06:10:00",S>NIL_NWMH1_NWMH2,10000,0,0,"2019/05/16 06:00:26",,"2019/01/11 00:00:00",1,18
D,P5MIN,CONSTRAINTSOLUTION,6,"2019/05/16 06:05:00",0,"2019/05/16 06:10:00",S>NIL_PL_GENMAX,75.92805,0,0,"2019/05/16 06:00:26",,"2019/01/11 00:00:00",1,0
D,P5MIN,CONSTRAINTSOLUTION,6,"2019/05/16 06:05:00",0,"2019/05/16 06:10:00",S>NIL_PL_GENMAX_YDMD,104.09543,0,0,"2019/05/16 06:00:26",,"2019/01/11 00:00:00",1,0
D,P5MIN,CONSTRAINTSOLUTION,6,"2019/05/16 06:05:00",0,"2019/05/16 06:10:00",S>NIL_RBMWP3_RBNW1,10000,0,0,"2019/05/16 06:00:26",,"2019/01/11 00:00:00",1,18
D,P5MIN,CONSTRAINTSOLUTION,6,"2019/05/16 06:05:00",0,"2019/05/16 06:10:00",S>NIL_RBNW1_RBMWP3,10000,0,0,"2019/05/16 06:00:26",,"2019/01/11 00:00:00",1,18
D,P5MIN,CONSTRAINTSOLUTION,6,"2019/05/16 06:05:00",0,"2019/05/16 06:10:00",S>NIL_SGBN_SGSE-T2,10000,0,0,"2019/05/16 06:00:26",,"2019/03/14 00:00:00",2,3.642
D,P5MIN,CONSTRAINTSOLUTION,6,"2019/05/16 06:05:00",0,"2019/05/16 06:10:00",S>NIL_TINO3_TINO4,325.33399,0,0,"2019/05/16 06:00:26",,"2019/03/14 00:00:00",2,-186
D,P5MIN,CONSTRAINTSOLUTION,6,"2019/05/16 06:05:00",0,"2019/05/16 06:10:00",S>NIL_WEMW4_WTTP,384.86644,0,0,"2019/05/16 06:00:26",,"2019/05/14 00:00:00",1,50.16625
D,P5MIN,CONSTRAINTSOLUTION,6,"2019/05/16 06:05:00",0,"2019/05/16 06:10:00",S>SETXH1_SETXL2,69.69777,0,0,"2019/05/16 06:00:26",,"2019/05/16 00:00:00",4,-16.32787
D,P5MIN,CONSTRAINTSOLUTION,6,"2019/05/16 06:05:00",0,"2019/05/16 06:10:00",S>V_NIL_NIL_RBNW,169.66673,0,0,"2019/05/16 06:00:26",,"2019/01/25 00:00:00",1,18
D,P5MIN,CONSTRAINTSOLUTION,6,"2019/05/16 06:05:00",0,"2019/05/16 06:10:00",S>V_NIL_SEHY,742,0,0,"2019/05/16 06:00:26",,"2016/09/13 00:00:00",1,176.19623
D,P5MIN,CONSTRAINTSOLUTION,6,"2019/05/16 06:05:00",0,"2019/05/16 06:10:00",S>V_NIL_SETX_SETX,10000,0,0,"2019/05/16 06:00:26",,"2019/05/08 00:00:00",2,0
D,P5MIN,CONSTRAINTSOLUTION,6,"2019/05/16 06:05:00",0,"2019/05/16 06:10:00",S>V_NIL_SETX_SETX1,177.32609,0,0,"2019/05/16 06:00:26",,"2019/05/08 00:00:00",2,3.642
D,P5MIN,CONSTRAINTSOLUTION,6,"2019/05/16 06:05:00",0,"2019/05/16 06:10:00",SVML_233,233,0,0,"2019/05/16 06:00:26",,"2014/10/01 00:00:00",1,18
D,P5MIN,CONSTRAINTSOLUTION,6,"2019/05/16 06:05:00",0,"2019/05/16 06:10:00",SVML_ROC_80,89.28186,0,0,"2019/05/16 06:00:26",,"2016/08/23 00:00:00",1,18
D,P5MIN,CONSTRAINTSOLUTION,6,"2019/05/16 06:05:00",0,"2019/05/16 06:10:00",S^NIL_PL_MAX,44.79406,0,0,"2019/05/16 06:00:26",,"2017/07/11 00:00:00",1,0
D,P5MIN,CONSTRAINTSOLUTION,6,"2019/05/16 06:05:00",0,"2019/05/16 06:10:00",S_LB2WF_CONF,198,0,0,"2019/05/16 06:00:26",,"2015/08/07 00:00:00",1,3.642
D,P5MIN,CONSTRAINTSOLUTION,6,"2019/05/16 06:05:00",0,"2019/05/16 06:10:00",S_NIL_STRENGTH_1,10516,0,0,"2019/05/16 06:00:26",,"2018/12/05 00:00:00",1,443.745
D,P5MIN,CONSTRAINTSOLUTION,6,"2019/05/16 06:05:00",0,"2019/05/16 06:10:00",S_NIL_STRENGTH_2,1790.84049,0,0,"2019/05/16 06:00:26",,"2018/11/26 00:00:00",1,267.54877
D,P5MIN,CONSTRAINTSOLUTION,6,"2019/05/16 06:05:00",0,"2019/05/16 06:10:00",S_V_NIL_ROCOF,1273.80002,0,0,"2019/05/16 06:00:26",,"2019/01/03 00:00:00",1,176.19623
D,P5MIN,CONSTRAINTSOLUTION,6,"2019/05/16 06:05:00",0,"2019/05/16 06:10:00",T::T_NIL_1,720.10015,0,0,"2019/05/16 06:00:26",,"2014/07/31 00:00:00",1,430.95787
D,P5MIN,CONSTRAINTSOLUTION,6,"2019/05/16 06:05:00",0,"2019/05/16 06:10:00",T::T_NIL_2,10631.6656,0,0,"2019/05/16 06:00:26",,"2014/07/31 00:00:00",1,419.38598
D,P5MIN,CONSTRAINTSOLUTION,6,"2019/05/16 06:05:00",0,"2019/05/16 06:10:00",T::T_NIL_3,741.498,0,0,"2019/05/16 06:00:26",,"2014/07/31 00:00:00",1,590.09246
D,P5MIN,CONSTRAINTSOLUTION,6,"2019/05/16 06:05:00",0,"2019/05/16 06:10:00",T::T_NIL_4,10880.52353,0,0,"2019/05/16 06:00:26",,"2014/07/31 00:00:00",1,594.40877
D,P5MIN,CONSTRAINTSOLUTION,6,"2019/05/16 06:05:00",0,"2019/05/16 06:10:00",T:T_LIPM_1,-344.29524,0,0,"2019/05/16 06:00:26",,"2013/08/21 00:00:00",1,-394.04955
D,P5MIN,CONSTRAINTSOLUTION,6,"2019/05/16 06:05:00",0,"2019/05/16 06:10:00",T:T_LIPM_2,489.12166,0,0,"2019/05/16 06:00:26",,"2013/08/21 00:00:00",1,260.15808
D,P5MIN,CONSTRAINTSOLUTION,6,"2019/05/16 06:05:00",0,"2019/05/16 06:10:00",T>>T_NIL_BL_EXP_3F,11137.81748,0,0,"2019/05/16 06:00:26",,"2017/07/17 00:00:00",1,589.61452
D,P5MIN,CONSTRAINTSOLUTION,6,"2019/05/16 06:05:00",0,"2019/05/16 06:10:00",T>>T_NIL_BL_EXP_3G,11314.60614,0,0,"2019/05/16 06:00:26",,"2017/07/17 00:00:00",1,472.07913
D,P5MIN,CONSTRAINTSOLUTION,6,"2019/05/16 06:05:00",0,"2019/05/16 06:10:00",T>>T_NIL_BL_EXP_3H,11631.82307,0,0,"2019/05/16 06:00:26",,"2017/07/17 00:00:00",1,667.02824
D,P5MIN,CONSTRAINTSOLUTION,6,"2019/05/16 06:05:00",0,"2019/05/16 06:10:00",T>>T_NIL_BL_EXP_4E,10430.02774,0,0,"2019/05/16 06:00:26",,"2016/07/26 00:00:00",1,262.91575
D,P5MIN,CONSTRAINTSOLUTION,6,"2019/05/16 06:05:00",0,"2019/05/16 06:10:00",T>>T_NIL_BL_EXP_4F,10381.83625,0,0,"2019/05/16 06:00:26",,"2016/06/16 00:00:00",1,255.28591
D,P5MIN,CONSTRAINTSOLUTION,6,"2019/05/16 06:05:00",0,"2019/05/16 06:10:00",T>>T_NIL_BL_EXP_5F,21087.67226,0,0,"2019/05/16 06:00:26",,"2017/07/17 00:00:00",1,620.50974
D,P5MIN,CONSTRAINTSOLUTION,6,"2019/05/16 06:05:00",0,"2019/05/16 06:10:00",T>>T_NIL_BL_EXP_5G,11323.66295,0,0,"2019/05/16 06:00:26",,"2017/07/17 00:00:00",1,541.56506
D,P5MIN,CONSTRAINTSOLUTION,6,"2019/05/16 06:05:00",0,"2019/05/16 06:10:00",T>>T_NIL_BL_EXP_5H,11525.13324,0,0,"2019/05/16 06:00:26",,"2017/07/17 00:00:00",1,699.97095
D,P5MIN,CONSTRAINTSOLUTION,6,"2019/05/16 06:05:00",0,"2019/05/16 06:10:00",T>>T_NIL_BL_EXP_6E,21030.20735,0,0,"2019/05/16 06:00:26",,"2017/07/17 00:00:00",1,756.34271
D,P5MIN,CONSTRAINTSOLUTION,6,"2019/05/16 06:05:00",0,"2019/05/16 06:10:00",T>>T_NIL_BL_EXP_6F,21104.73268,0,0,"2019/05/16 06:00:26",,"2017/07/17 00:00:00",1,645.31867
D,P5MIN,CONSTRAINTSOLUTION,6,"2019/05/16 06:05:00",0,"2019/05/16 06:10:00",T>>T_NIL_BL_EXP_7C,20569.57316,0,0,"2019/05/16 06:00:26",,"2017/07/17 00:00:00",1,530.29068
D,P5MIN,CONSTRAINTSOLUTION,6,"2019/05/16 06:05:00",0,"2019/05/16 06:10:00",T>T_LIPM_110_2A,-318.31739,-17.71,0,"2019/05/16 06:00:26",,"2019/04/24 00:00:00",2,-318.31738
D,P5MIN,CONSTRAINTSOLUTION,6,"2019/05/16 06:05:00",0,"2019/05/16 06:10:00",T>T_LIPM_110_2B,473.78735,0,0,"2019/05/16 06:00:26",,"2019/04/24 00:00:00",2,318.31738
D,P5MIN,CONSTRAINTSOLUTION,6,"2019/05/16 06:05:00",0,"2019/05/16 06:10:00",T>T_LIPM_110_3_1,327.12271,0,0,"2019/05/16 06:00:26",,"2019/04/24 00:00:00",2,140.72061
D,P5MIN,CONSTRAINTSOLUTION,6,"2019/05/16 06:05:00",0,"2019/05/16 06:10:00",T>T_LIPM_110_5,-6.46045,0,0,"2019/05/16 06:00:26",,"2019/04/24 00:00:00",2,-213.07303
D,P5MIN,CONSTRAINTSOLUTION,6,"2019/05/16 06:05:00",0,"2019/05/16 06:10:00",T>T_NIL_110_4,246.17607,0,0,"2019/05/16 06:00:26",,"2019/01/11 00:00:00",1,-25.06796
D,P5MIN,CONSTRAINTSOLUTION,6,"2019/05/16 06:05:00",0,"2019/05/16 06:10:00",T>T_NIL_110_5,362.03259,0,0,"2019/05/16 06:00:26",,"2019/01/11 00:00:00",1,25.06796
D,P5MIN,CONSTRAINTSOLUTION,6,"2019/05/16 06:05:00",0,"2019/05/16 06:10:00",T>T_NIL_BL_110_18_1,316.73733,0,0,"2019/05/16 06:00:26",,"2019/01/11 00:00:00",1,131.6514
D,P5MIN,CONSTRAINTSOLUTION,6,"2019/05/16 06:05:00",0,"2019/05/16 06:10:00",T>T_NIL_BL_110_8,274.91941,0,0,"2019/05/16 06:00:26",,"2019/01/11 00:00:00",1,121.28213
D,P5MIN,CONSTRAINTSOLUTION,6,"2019/05/16 06:05:00",0,"2019/05/16 06:10:00",T>T_NIL_BL_220_6B,941.46172,0,0,"2019/05/16 06:00:26",,"2019/01/11 00:00:00",1,259.97846
D,P5MIN,CONSTRAINTSOLUTION,6,"2019/05/16 06:05:00",0,"2019/05/16 06:10:00",T>T_NIL_BL_3A,1612.29628,0,0,"2019/05/16 06:00:26",,"2019/01/11 00:00:00",1,423.28986
D,P5MIN,CONSTRAINTSOLUTION,6,"2019/05/16 06:05:00",0,"2019/05/16 06:10:00",T>T_NIL_BL_3B,1611.53033,0,0,"2019/05/16 06:00:26",,"2019/01/11 00:00:00",1,423.28986
D,P5MIN,CONSTRAINTSOLUTION,6,"2019/05/16 06:05:00",0,"2019/05/16 06:10:00",T>T_NIL_BL_3C,11184.71704,0,0,"2019/05/16 06:00:26",,"2017/07/17 00:00:00",1,424.90614
D,P5MIN,CONSTRAINTSOLUTION,6,"2019/05/16 06:05:00",0,"2019/05/16 06:10:00",T>T_NIL_BL_3D,11361.91178,0,0,"2019/05/16 06:00:26",,"2017/07/17 00:00:00",1,305.32577
D,P5MIN,CONSTRAINTSOLUTION,6,"2019/05/16 06:05:00",0,"2019/05/16 06:10:00",T>T_NIL_BL_3E,11678.94713,0,0,"2019/05/16 06:00:26",,"2017/07/17 00:00:00",1,501.87913
D,P5MIN,CONSTRAINTSOLUTION,6,"2019/05/16 06:05:00",0,"2019/05/16 06:10:00",T>T_NIL_BL_4A,639.59181,0,0,"2019/05/16 06:00:26",,"2019/01/11 00:00:00",1,90.52133
D,P5MIN,CONSTRAINTSOLUTION,6,"2019/05/16 06:05:00",0,"2019/05/16 06:10:00",T>T_NIL_BL_4B,639.86215,0,0,"2019/05/16 06:00:26",,"2019/01/11 00:00:00",1,90.52133
D,P5MIN,CONSTRAINTSOLUTION,6,"2019/05/16 06:05:00",0,"2019/05/16 06:10:00",T>T_NIL_BL_4C,10818.55158,0,0,"2019/05/16 06:00:26",,"2016/07/26 00:00:00",1,147.71169
D,P5MIN,CONSTRAINTSOLUTION,6,"2019/05/16 06:05:00",0,"2019/05/16 06:10:00",T>T_NIL_BL_4D,10968.04402,0,0,"2019/05/16 06:00:26",,"2016/07/26 00:00:00",1,178.03286
D,P5MIN,CONSTRAINTSOLUTION,6,"2019/05/16 06:05:00",0,"2019/05/16 06:10:00",T>T_NIL_BL_5A,1486.85931,0,0,"2019/05/16 06:00:26",,"2019/01/11 00:00:00",1,460.15278
D,P5MIN,CONSTRAINTSOLUTION,6,"2019/05/16 06:05:00",0,"2019/05/16 06:10:00",T>T_NIL_BL_5B,1486.23758,0,0,"2019/05/16 06:00:26",,"2019/01/11 00:00:00",1,460.15278
D,P5MIN,CONSTRAINTSOLUTION,6,"2019/05/16 06:05:00",0,"2019/05/16 06:10:00",T>T_NIL_BL_5C,11132.77546,0,0,"2019/05/16 06:00:26",,"2017/07/17 00:00:00",1,460.13811
D,P5MIN,CONSTRAINTSOLUTION,6,"2019/05/16 06:05:00",0,"2019/05/16 06:10:00",T>T_NIL_BL_5D,11373.66931,0,0,"2019/05/16 06:00:26",,"2017/07/17 00:00:00",1,365.27438
D,P5MIN,CONSTRAINTSOLUTION,6,"2019/05/16 06:05:00",0,"2019/05/16 06:10:00",T>T_NIL_BL_5E,11571.79138,0,0,"2019/05/16 06:00:26",,"2017/07/17 00:00:00",1,536.39082
D,P5MIN,CONSTRAINTSOLUTION,6,"2019/05/16 06:05:00",0,"2019/05/16 06:10:00",T>T_NIL_BL_6A,1450.40501,0,0,"2019/05/16 06:00:26",,"2019/01/11 00:00:00",1,580.04804
D,P5MIN,CONSTRAINTSOLUTION,6,"2019/05/16 06:05:00",0,"2019/05/16 06:10:00",T>T_NIL_BL_6B,1449.72909,0,0,"2019/05/16 06:00:26",,"2019/01/11 00:00:00",1,580.04804
D,P5MIN,CONSTRAINTSOLUTION,6,"2019/05/16 06:05:00",0,"2019/05/16 06:10:00",T>T_NIL_BL_6C,11080.21981,0,0,"2019/05/16 06:00:26",,"2017/07/17 00:00:00",1,298.05203
D,P5MIN,CONSTRAINTSOLUTION,6,"2019/05/16 06:05:00",0,"2019/05/16 06:10:00",T>T_NIL_BL_6D,11155.36267,0,0,"2019/05/16 06:00:26",,"2017/07/17 00:00:00",1,187.02799
D,P5MIN,CONSTRAINTSOLUTION,6,"2019/05/16 06:05:00",0,"2019/05/16 06:10:00",T>T_NIL_BL_IMP_2B,915.71839,0,0,"2019/05/16 06:00:26",,"2019/01/11 00:00:00",1,203.63529
D,P5MIN,CONSTRAINTSOLUTION,6,"2019/05/16 06:05:00",0,"2019/05/16 06:10:00",T>T_NIL_BL_IMP_3F,1207.12764,0,0,"2019/05/16 06:00:26",,"2019/01/11 00:00:00",1,423.30933
D,P5MIN,CONSTRAINTSOLUTION,6,"2019/05/16 06:05:00",0,"2019/05/16 06:10:00",T>T_NIL_BL_IMP_3FF,1206.62552,0,0,"2019/05/16 06:00:26",,"2019/01/11 00:00:00",1,423.30933
D,P5MIN,CONSTRAINTSOLUTION,6,"2019/05/16 06:05:00",0,"2019/05/16 06:10:00",T>T_NIL_BL_IMP_3G,1379.32604,0,0,"2019/05/16 06:00:26",,"2019/01/11 00:00:00",1,303.94433
D,P5MIN,CONSTRAINTSOLUTION,6,"2019/05/16 06:05:00",0,"2019/05/16 06:10:00",T>T_NIL_BL_IMP_3H,1715.82133,0,0,"2019/05/16 06:00:26",,"2019/01/11 00:00:00",1,500.28148
D,P5MIN,CONSTRAINTSOLUTION,6,"2019/05/16 06:05:00",0,"2019/05/16 06:10:00",T>T_NIL_BL_IMP_4E,500.15371,0,0,"2019/05/16 06:00:26",,"2019/01/11 00:00:00",1,90.51671
D,P5MIN,CONSTRAINTSOLUTION,6,"2019/05/16 06:05:00",0,"2019/05/16 06:10:00",T>T_NIL_BL_IMP_4EE,500.35671,0,0,"2019/05/16 06:00:26",,"2019/01/11 00:00:00",1,90.51671
D,P5MIN,CONSTRAINTSOLUTION,6,"2019/05/16 06:05:00",0,"2019/05/16 06:10:00",T>T_NIL_BL_IMP_4F,451.8293,0,0,"2019/05/16 06:00:26",,"2019/01/11 00:00:00",1,83.27306
D,P5MIN,CONSTRAINTSOLUTION,6,"2019/05/16 06:05:00",0,"2019/05/16 06:10:00",T>T_NIL_BL_IMP_5F,1152.72458,0,0,"2019/05/16 06:00:26",,"2019/01/11 00:00:00",1,460.13811
D,P5MIN,CONSTRAINTSOLUTION,6,"2019/05/16 06:05:00",0,"2019/05/16 06:10:00",T>T_NIL_BL_IMP_5FF,1152.32021,0,0,"2019/05/16 06:00:26",,"2019/01/11 00:00:00",1,460.13811
D,P5MIN,CONSTRAINTSOLUTION,6,"2019/05/16 06:05:00",0,"2019/05/16 06:10:00",T>T_NIL_BL_IMP_5G,1383.41435,0,0,"2019/05/16 06:00:26",,"2019/01/11 00:00:00",1,365.27438
D,P5MIN,CONSTRAINTSOLUTION,6,"2019/05/16 06:05:00",0,"2019/05/16 06:10:00",T>T_NIL_BL_IMP_5H,1599.73816,0,0,"2019/05/16 06:00:26",,"2019/01/11 00:00:00",1,536.60815
D,P5MIN,CONSTRAINTSOLUTION,6,"2019/05/16 06:05:00",0,"2019/05/16 06:10:00",T>T_NIL_BL_IMP_6E,1082.61094,0,0,"2019/05/16 06:00:26",,"2019/01/11 00:00:00",1,580.05203
D,P5MIN,CONSTRAINTSOLUTION,6,"2019/05/16 06:05:00",0,"2019/05/16 06:10:00",T>T_NIL_BL_IMP_6EE,1082.61094,0,0,"2019/05/16 06:00:26",,"2019/01/11 00:00:00",1,580.05203
D,P5MIN,CONSTRAINTSOLUTION,6,"2019/05/16 06:05:00",0,"2019/05/16 06:10:00",T>T_NIL_BL_IMP_6F,1169.80434,0,0,"2019/05/16 06:00:26",,"2019/01/11 00:00:00",1,469.02799
D,P5MIN,CONSTRAINTSOLUTION,6,"2019/05/16 06:05:00",0,"2019/05/16 06:10:00",T>T_NIL_BL_IMP_7C,629.63759,0,0,"2019/05/16 06:00:26",,"2019/01/11 00:00:00",1,354
D,P5MIN,CONSTRAINTSOLUTION,6,"2019/05/16 06:05:00",0,"2019/05/16 06:10:00",T>T_NIL_BL_IMP_7CC,629.13772,0,0,"2019/05/16 06:00:26",,"2019/01/11 00:00:00",1,354
D,P5MIN,CONSTRAINTSOLUTION,6,"2019/05/16 06:05:00",0,"2019/05/16 06:10:00",T>T_NIL_BL_IMP_8B,975.13906,0,0,"2019/05/16 06:00:26",,"2019/01/11 00:00:00",1,269.0948
D,P5MIN,CONSTRAINTSOLUTION,6,"2019/05/16 06:05:00",0,"2019/05/16 06:10:00",T>T_NIL_BL_IMP_8C,87.472,0,0,"2019/05/16 06:00:26",,"2019/01/11 00:00:00",1,-269.0948
D,P5MIN,CONSTRAINTSOLUTION,6,"2019/05/16 06:05:00",0,"2019/05/16 06:10:00",T>T_NIL_NCSPS5_3F,11207.81228,0,0,"2019/05/16 06:00:26",,"2019/01/11 00:00:00",1,423.30933
D,P5MIN,CONSTRAINTSOLUTION,6,"2019/05/16 06:05:00",0,"2019/05/16 06:10:00",T>T_NIL_NCSPS5_3FF,11207.81228,0,0,"2019/05/16 06:00:26",,"2019/01/11 00:00:00",1,423.30933
D,P5MIN,CONSTRAINTSOLUTION,6,"2019/05/16 06:05:00",0,"2019/05/16 06:10:00",T>T_NIL_NCSPS5_3G,11380.19805,0,0,"2019/05/16 06:00:26",,"2019/01/11 00:00:00",1,303.94433
D,P5MIN,CONSTRAINTSOLUTION,6,"2019/05/16 06:05:00",0,"2019/05/16 06:10:00",T>T_NIL_NCSPS5_3H,11716.92826,0,0,"2019/05/16 06:00:26",,"2019/01/11 00:00:00",1,500.28148
D,P5MIN,CONSTRAINTSOLUTION,6,"2019/05/16 06:05:00",0,"2019/05/16 06:10:00",T>T_NIL_NCSPS5_7C,10658.9539,0,0,"2019/05/16 06:00:26",,"2019/01/11 00:00:00",1,354
D,P5MIN,CONSTRAINTSOLUTION,6,"2019/05/16 06:05:00",0,"2019/05/16 06:10:00",T>T_NIL_TOV_5F,11405.41176,0,0,"2019/05/16 06:00:26",,"2019/01/11 00:00:00",1,460.13811
D,P5MIN,CONSTRAINTSOLUTION,6,"2019/05/16 06:05:00",0,"2019/05/16 06:10:00",T>T_NIL_TOV_5FF,11405.41176,0,0,"2019/05/16 06:00:26",,"2019/01/11 00:00:00",1,460.13811
D,P5MIN,CONSTRAINTSOLUTION,6,"2019/05/16 06:05:00",0,"2019/05/16 06:10:00",TVBL_ROC,15.79819,0,0,"2019/05/16 06:00:26",,"2014/01/15 00:00:00",1,-176.29068
D,P5MIN,CONSTRAINTSOLUTION,6,"2019/05/16 06:05:00",0,"2019/05/16 06:10:00",T^T_LIPM_1,-139.24196,0,0,"2019/05/16 06:00:26",,"2017/07/05 00:00:00",1,-175.29246
D,P5MIN,CONSTRAINTSOLUTION,6,"2019/05/16 06:05:00",0,"2019/05/16 06:10:00",T^T_NIL_BL_1,1695.54609,0,0,"2019/05/16 06:00:26",,"2017/07/05 00:00:00",1,28.12505
D,P5MIN,CONSTRAINTSOLUTION,6,"2019/05/16 06:05:00",0,"2019/05/16 06:10:00",T^T_NIL_BL_2,12701.01168,0,0,"2019/05/16 06:00:26",,"2017/07/05 00:00:00",1,-134.36246
D,P5MIN,CONSTRAINTSOLUTION,6,"2019/05/16 06:05:00",0,"2019/05/16 06:10:00",T^T_NIL_BL_4,1885.07051,0,0,"2019/05/16 06:00:26",,"2017/07/05 00:00:00",1,-115.88542
D,P5MIN,CONSTRAINTSOLUTION,6,"2019/05/16 06:05:00",0,"2019/05/16 06:10:00",T^T_NIL_BL_5,763.03582,0,0,"2019/05/16 06:00:26",,"2017/07/05 00:00:00",1,-98.59976
D,P5MIN,CONSTRAINTSOLUTION,6,"2019/05/16 06:05:00",0,"2019/05/16 06:10:00",T^T_NIL_BL_6,136.98055,0,0,"2019/05/16 06:00:26",,"2017/07/05 00:00:00",1,-122.48661
D,P5MIN,CONSTRAINTSOLUTION,6,"2019/05/16 06:05:00",0,"2019/05/16 06:10:00",T^T_NIL_BL_7,989.89566,0,0,"2019/05/16 06:00:26",,"2017/07/05 00:00:00",1,-92.52605
D,P5MIN,CONSTRAINTSOLUTION,6,"2019/05/16 06:05:00",0,"2019/05/16 06:10:00",T^V_LIPM_BL_6,591.42173,0,0,"2019/05/16 06:00:26",,"2013/08/21 00:00:00",1,-176.29068
D,P5MIN,CONSTRAINTSOLUTION,6,"2019/05/16 06:05:00",0,"2019/05/16 06:10:00",T^V_NIL_10,10688.86472,0,0,"2019/05/16 06:00:26",,"2017/10/10 00:00:00",1,-176.29068
D,P5MIN,CONSTRAINTSOLUTION,6,"2019/05/16 06:05:00",0,"2019/05/16 06:10:00",T^V_NIL_11,10510.53977,0,0,"2019/05/16 06:00:26",,"2019/01/25 00:00:00",1,-164.07853
D,P5MIN,CONSTRAINTSOLUTION,6,"2019/05/16 06:05:00",0,"2019/05/16 06:10:00",T^V_NIL_8,10318.11368,0,0,"2019/05/16 06:00:26",,"2018/05/31 00:00:00",1,-193.40439
D,P5MIN,CONSTRAINTSOLUTION,6,"2019/05/16 06:05:00",0,"2019/05/16 06:10:00",T^V_NIL_9,594,0,0,"2019/05/16 06:00:26",,"2015/09/29 00:00:00",1,-176.29068
D,P5MIN,CONSTRAINTSOLUTION,6,"2019/05/16 06:05:00",0,"2019/05/16 06:10:00",T^V_NIL_BL_6,604.96299,0,0,"2019/05/16 06:00:26",,"2013/08/21 00:00:00",1,-176.29068
D,P5MIN,CONSTRAINTSOLUTION,6,"2019/05/16 06:05:00",0,"2019/05/16 06:10:00",T_LIPM1_SLOAD_1_N-2,473.73865,0,0,"2019/05/16 06:00:26",,"2019/05/10 00:00:00",1,318.31738
D,P5MIN,CONSTRAINTSOLUTION,6,"2019/05/16 06:05:00",0,"2019/05/16 06:10:00",T_ROCOF_1,698.63,0,0,"2019/05/16 06:00:26",,"2014/07/31 00:00:00",1,227.00592
D,P5MIN,CONSTRAINTSOLUTION,6,"2019/05/16 06:05:00",0,"2019/05/16 06:10:00",T_ROCOF_2,10742.63554,0,0,"2019/05/16 06:00:26",,"2014/07/31 00:00:00",1,189.99624
D,P5MIN,CONSTRAINTSOLUTION,6,"2019/05/16 06:05:00",0,"2019/05/16 06:10:00",T_ROCOF_3,11279.64898,0,0,"2019/05/16 06:00:26",,"2014/01/09 00:00:00",1,198.24768
D,P5MIN,CONSTRAINTSOLUTION,6,"2019/05/16 06:05:00",0,"2019/05/16 06:10:00",T_V_NIL_BL1,-50,0,0,"2019/05/16 06:00:26",,"2008/05/26 00:00:00",1,-176.29068
D,P5MIN,CONSTRAINTSOLUTION,6,"2019/05/16 06:05:00",0,"2019/05/16 06:10:00",T_V_NIL_FCSPS,371.75995,0,0,"2019/05/16 06:00:26",,"2013/08/21 00:00:00",1,-176.29068
D,P5MIN,CONSTRAINTSOLUTION,6,"2019/05/16 06:05:00",0,"2019/05/16 06:10:00",V::N_NIL_Q1,20343.95734,0,0,"2019/05/16 06:00:26",,"2019/05/01 00:00:00",1,-1163.25182
D,P5MIN,CONSTRAINTSOLUTION,6,"2019/05/16 06:05:00",0,"2019/05/16 06:10:00",V::N_NIL_Q2,10343.95734,0,0,"2019/05/16 06:00:26",,"2019/05/01 00:00:00",1,-1001.10582
D,P5MIN,CONSTRAINTSOLUTION,6,"2019/05/16 06:05:00",0,"2019/05/16 06:10:00",V::N_NIL_S,908.85998,0,0,"2019/05/16 06:00:26",,"2019/05/01 00:00:00",1,-457.63746
D,P5MIN,CONSTRAINTSOLUTION,6,"2019/05/16 06:05:00",0,"2019/05/16 06:10:00",V::N_NIL_SD,10826.5057,0,0,"2019/05/16 06:00:26",,"2019/05/01 00:00:00",1,-397.73681
D,P5MIN,CONSTRAINTSOLUTION,6,"2019/05/16 06:05:00",0,"2019/05/16 06:10:00",V::N_NIL_V,826.18736,0,0,"2019/05/16 06:00:26",,"2019/05/01 00:00:00",1,-469.84892
D,P5MIN,CONSTRAINTSOLUTION,6,"2019/05/16 06:05:00",0,"2019/05/16 06:10:00",V::S_NIL_MAXG_1,691.24409,0,0,"2019/05/16 06:00:26",,"2019/02/05 00:00:00",1,-173.46473
D,P5MIN,CONSTRAINTSOLUTION,6,"2019/05/16 06:05:00",0,"2019/05/16 06:10:00",V::S_NIL_MAXG_2,10000,0,0,"2019/05/16 06:00:26",,"2019/02/05 00:00:00",1,-173.20979
D,P5MIN,CONSTRAINTSOLUTION,6,"2019/05/16 06:05:00",0,"2019/05/16 06:10:00",V::S_NIL_MAXG_3,10000,0,0,"2019/05/16 06:00:26",,"2019/02/05 00:00:00",1,-173.79251
D,P5MIN,CONSTRAINTSOLUTION,6,"2019/05/16 06:05:00",0,"2019/05/16 06:10:00",V::S_NIL_MAXG_SECP_1,10000,0,0,"2019/05/16 06:00:26",,"2019/02/11 00:00:00",1,-172.84559
D,P5MIN,CONSTRAINTSOLUTION,6,"2019/05/16 06:05:00",0,"2019/05/16 06:10:00",V::S_NIL_MAXG_SECP_2,10000,0,0,"2019/05/16 06:00:26",,"2019/02/11 00:00:00",1,-173.20979
D,P5MIN,CONSTRAINTSOLUTION,6,"2019/05/16 06:05:00",0,"2019/05/16 06:10:00",V::S_NIL_SETB_SECP_1,10000,0,0,"2019/05/16 06:00:26",,"2019/02/11 00:00:00",1,-172.51781
D,P5MIN,CONSTRAINTSOLUTION,6,"2019/05/16 06:05:00",0,"2019/05/16 06:10:00",V::S_NIL_SETB_SECP_2,10000,0,0,"2019/05/16 06:00:26",,"2019/02/11 00:00:00",1,-172.62707
D,P5MIN,CONSTRAINTSOLUTION,6,"2019/05/16 06:05:00",0,"2019/05/16 06:10:00",V::S_NIL_TBSE_1,776.51438,0,0,"2019/05/16 06:00:26",,"2019/02/04 00:00:00",1,-172.51781
D,P5MIN,CONSTRAINTSOLUTION,6,"2019/05/16 06:05:00",0,"2019/05/16 06:10:00",V::S_NIL_TBSE_2,10000,0,0,"2019/05/16 06:00:26",,"2019/02/04 00:00:00",1,-172.62707
D,P5MIN,CONSTRAINTSOLUTION,6,"2019/05/16 06:05:00",0,"2019/05/16 06:10:00",V::S_TBTX_MAXG,685.10197,0,0,"2019/05/16 06:00:26",,"2019/02/21 00:00:00",1,-173.39189
D,P5MIN,CONSTRAINTSOLUTION,6,"2019/05/16 06:05:00",0,"2019/05/16 06:10:00",V::S_TBTX_MAXG_2-DS,10000,0,0,"2019/05/16 06:00:26",,"2019/02/21 00:00:00",1,-172.33571
D,P5MIN,CONSTRAINTSOLUTION,6,"2019/05/16 06:05:00",0,"2019/05/16 06:10:00",V::S_TBTX_SETB,769.93653,0,0,"2019/05/16 06:00:26",,"2019/02/21 00:00:00",1,-171.82583
D,P5MIN,CONSTRAINTSOLUTION,6,"2019/05/16 06:05:00",0,"2019/05/16 06:10:00",V::S_TBTX_SETB_2-DS,10000,0,0,"2019/05/16 06:00:26",,"2019/02/21 00:00:00",1,-172.33571
D,P5MIN,CONSTRAINTSOLUTION,6,"2019/05/16 06:05:00",0,"2019/05/16 06:10:00",V::V_1900,1968.10001,0,0,"2019/05/16 06:00:26",,"2018/08/24 00:00:00",1,470.68515
D,P5MIN,CONSTRAINTSOLUTION,6,"2019/05/16 06:05:00",0,"2019/05/16 06:10:00",V:SS_680_OSC_AUTO,10000,0,0,"2019/05/16 06:00:26",,"2016/06/30 00:00:00",1,-194.19623
D,P5MIN,CONSTRAINTSOLUTION,6,"2019/05/16 06:05:00",0,"2019/05/16 06:10:00",V:SS_790_1,10000,0,0,"2019/05/16 06:00:26",,"2016/08/16 00:00:00",1,-194.19623
D,P5MIN,CONSTRAINTSOLUTION,6,"2019/05/16 06:05:00",0,"2019/05/16 06:10:00",V:SS_790_OSC_AUTO,10790,0,0,"2019/05/16 06:00:26",,"2016/06/30 00:00:00",1,-194.19623
D,P5MIN,CONSTRAINTSOLUTION,6,"2019/05/16 06:05:00",0,"2019/05/16 06:10:00",V:SS_820_HY_TEST,820,0,0,"2019/05/16 06:00:26",,"2018/08/07 00:00:00",1,-194.19623
D,P5MIN,CONSTRAINTSOLUTION,6,"2019/05/16 06:05:00",0,"2019/05/16 06:10:00",V:SS_820_HY_TEST_DYN,820,0,0,"2019/05/16 06:00:26",,"2016/11/21 00:00:00",1,-194.19623
D,P5MIN,CONSTRAINTSOLUTION,6,"2019/05/16 06:05:00",0,"2019/05/16 06:10:00",V:SS_870_HY_TEST,870,0,0,"2019/05/16 06:00:26",,"2018/08/07 00:00:00",1,-194.19623
D,P5MIN,CONSTRAINTSOLUTION,6,"2019/05/16 06:05:00",0,"2019/05/16 06:10:00",V:SS_870_HY_TEST_DYN,870,0,0,"2019/05/16 06:00:26",,"2016/11/21 00:00:00",1,-194.19623
D,P5MIN,CONSTRAINTSOLUTION,6,"2019/05/16 06:05:00",0,"2019/05/16 06:10:00",V:SS_920,920,0,0,"2019/05/16 06:00:26",,"2018/08/07 00:00:00",1,-194.19623
D,P5MIN,CONSTRAINTSOLUTION,6,"2019/05/16 06:05:00",0,"2019/05/16 06:10:00",V:S_460_OSC_AUTO,10000,0,0,"2019/05/16 06:00:26",,"2016/06/30 00:00:00",1,-176.19623
D,P5MIN,CONSTRAINTSOLUTION,6,"2019/05/16 06:05:00",0,"2019/05/16 06:10:00",V:S_570_1,10000,0,0,"2019/05/16 06:00:26",,"2016/08/16 00:00:00",1,-176.19623
D,P5MIN,CONSTRAINTSOLUTION,6,"2019/05/16 06:05:00",0,"2019/05/16 06:10:00",V:S_570_OSC_AUTO,10570,0,0,"2019/05/16 06:00:26",,"2016/06/30 00:00:00",1,-176.19623
D,P5MIN,CONSTRAINTSOLUTION,6,"2019/05/16 06:05:00",0,"2019/05/16 06:10:00",V:S_600_HY_TEST,600,0,0,"2019/05/16 06:00:26",,"2018/08/07 00:00:00",1,-176.19623
D,P5MIN,CONSTRAINTSOLUTION,6,"2019/05/16 06:05:00",0,"2019/05/16 06:10:00",V:S_600_HY_TEST_DYN,600,0,0,"2019/05/16 06:00:26",,"2016/11/21 00:00:00",1,-176.19623
D,P5MIN,CONSTRAINTSOLUTION,6,"2019/05/16 06:05:00",0,"2019/05/16 06:10:00",V:S_650_HY_TEST,650,0,0,"2019/05/16 06:00:26",,"2018/08/07 00:00:00",1,-176.19623
D,P5MIN,CONSTRAINTSOLUTION,6,"2019/05/16 06:05:00",0,"2019/05/16 06:10:00",V:S_650_HY_TEST_DYN,650,0,0,"2019/05/16 06:00:26",,"2016/11/21 00:00:00",1,-176.19623
D,P5MIN,CONSTRAINTSOLUTION,6,"2019/05/16 06:05:00",0,"2019/05/16 06:10:00",V:S_700,700,0,0,"2019/05/16 06:00:26",,"2018/08/07 00:00:00",1,-176.19623
D,P5MIN,CONSTRAINTSOLUTION,6,"2019/05/16 06:05:00",0,"2019/05/16 06:10:00",V:T_NIL_BL_1,889.41518,0,0,"2019/05/16 06:00:26",,"2013/08/21 00:00:00",1,176.29068
D,P5MIN,CONSTRAINTSOLUTION,6,"2019/05/16 06:05:00",0,"2019/05/16 06:10:00",V>>N-NIL_HA,1551.8715,0,0,"2019/05/16 06:00:26",,"2019/05/06 00:00:00",1,-296.85197
D,P5MIN,CONSTRAINTSOLUTION,6,"2019/05/16 06:05:00",0,"2019/05/16 06:10:00",V>>N-NIL_HB,1610.13295,0,0,"2019/05/16 06:00:26",,"2019/05/06 00:00:00",1,-271.10542
D,P5MIN,CONSTRAINTSOLUTION,6,"2019/05/16 06:05:00",0,"2019/05/16 06:10:00",V>>N-NIL_HG,1637.41288,0,0,"2019/05/16 06:00:26",,"2019/05/06 00:00:00",1,-361.54525
D,P5MIN,CONSTRAINTSOLUTION,6,"2019/05/16 06:05:00",0,"2019/05/16 06:10:00",V>>N-NIL_HH,2167.56927,0,0,"2019/05/16 06:00:26",,"2019/05/06 00:00:00",1,-173.36886
D,P5MIN,CONSTRAINTSOLUTION,6,"2019/05/16 06:05:00",0,"2019/05/16 06:10:00",V>>SML_NIL_5,732.37262,0,0,"2019/05/16 06:00:26",,"2019/05/06 00:00:00",1,-119.6742
D,P5MIN,CONSTRAINTSOLUTION,6,"2019/05/16 06:05:00",0,"2019/05/16 06:10:00",V>>SML_NIL_6,729.34256,0,0,"2019/05/16 06:00:26",,"2019/05/06 00:00:00",1,48.67739
D,P5MIN,CONSTRAINTSOLUTION,6,"2019/05/16 06:05:00",0,"2019/05/16 06:10:00",V>>SML_NIL_7A,10147.76048,0,0,"2019/05/16 06:00:26",,"2019/04/23 00:00:00",1,-40.97818
D,P5MIN,CONSTRAINTSOLUTION,6,"2019/05/16 06:05:00",0,"2019/05/16 06:10:00",V>>SML_NIL_7B,10181.29779,0,0,"2019/05/16 06:00:26",,"2019/05/06 00:00:00",1,-42.396
D,P5MIN,CONSTRAINTSOLUTION,6,"2019/05/16 06:05:00",0,"2019/05/16 06:10:00",V>>SML_NIL_7C,10187.2654,0,0,"2019/05/16 06:00:26",,"2019/04/23 00:00:00",1,-42.21478
D,P5MIN,CONSTRAINTSOLUTION,6,"2019/05/16 06:05:00",0,"2019/05/16 06:10:00",V>>SML_NIL_8,399.57171,0,0,"2019/05/16 06:00:26",,"2019/05/06 00:00:00",1,-58.97336
D,P5MIN,CONSTRAINTSOLUTION,6,"2019/05/16 06:05:00",0,"2019/05/16 06:10:00",V>>SML_NIL_8_5M,399.57171,0,0,"2019/05/16 06:00:26",,"2019/05/06 00:00:00",1,-58.97336
D,P5MIN,CONSTRAINTSOLUTION,6,"2019/05/16 06:05:00",0,"2019/05/16 06:10:00",V>>SML_NSWRB_11,603.63108,0,0,"2019/05/16 06:00:26",,"2019/05/06 00:00:00",1,-127.27009
D,P5MIN,CONSTRAINTSOLUTION,6,"2019/05/16 06:05:00",0,"2019/05/16 06:10:00",V>>S_NIL_DVBG_DVBR,1259.27575,0,0,"2019/05/16 06:00:26",,"2019/05/14 00:00:00",1,212.48845
D,P5MIN,CONSTRAINTSOLUTION,6,"2019/05/16 06:05:00",0,"2019/05/16 06:10:00",V>>V_NIL1A_R,1304.88802,0,0,"2019/05/16 06:00:26",,"2019/05/06 00:00:00",1,-423.70642
D,P5MIN,CONSTRAINTSOLUTION,6,"2019/05/16 06:05:00",0,"2019/05/16 06:10:00",V>>V_NIL_1A,1985.4988,0,0,"2019/05/16 06:00:26",,"2019/05/06 00:00:00",1,387.12661
D,P5MIN,CONSTRAINTSOLUTION,6,"2019/05/16 06:05:00",0,"2019/05/16 06:10:00",V>>V_NIL_1B,1989.51968,0,0,"2019/05/16 06:00:26",,"2019/05/06 00:00:00",1,387.12661
D,P5MIN,CONSTRAINTSOLUTION,6,"2019/05/16 06:05:00",0,"2019/05/16 06:10:00",V>>V_NIL_2A_R,4858.96078,0,0,"2019/05/16 06:00:26",,"2019/05/06 00:00:00",1,2452.28973
D,P5MIN,CONSTRAINTSOLUTION,6,"2019/05/16 06:05:00",0,"2019/05/16 06:10:00",V>>V_NIL_2B_R,14858.96078,0,0,"2019/05/16 06:00:26",,"2019/05/06 00:00:00",1,2272.51173
D,P5MIN,CONSTRAINTSOLUTION,6,"2019/05/16 06:05:00",0,"2019/05/16 06:10:00",V>>V_NIL_3,2200.3623,0,0,"2019/05/16 06:00:26",,"2019/05/06 00:00:00",1,423.68332
D,P5MIN,CONSTRAINTSOLUTION,6,"2019/05/16 06:05:00",0,"2019/05/16 06:10:00",V>>V_NIL_4A,1310.81199,0,0,"2019/05/16 06:00:26",,"2019/05/06 00:00:00",1,112.39129
D,P5MIN,CONSTRAINTSOLUTION,6,"2019/05/16 06:05:00",0,"2019/05/16 06:10:00",V>>V_NIL_4B,1219.85038,0,0,"2019/05/16 06:00:26",,"2019/05/06 00:00:00",1,112.35434
D,P5MIN,CONSTRAINTSOLUTION,6,"2019/05/16 06:05:00",0,"2019/05/16 06:10:00",V>>V_NIL_4C,842.63764,0,0,"2019/05/16 06:00:26",,"2019/05/06 00:00:00",1,112.43855
D,P5MIN,CONSTRAINTSOLUTION,6,"2019/05/16 06:05:00",0,"2019/05/16 06:10:00",V>>V_NIL_5,893.563,0,0,"2019/05/16 06:00:26",,"2019/05/06 00:00:00",1,-100.89157
D,P5MIN,CONSTRAINTSOLUTION,6,"2019/05/16 06:05:00",0,"2019/05/16 06:10:00",V>>V_NIL_6,428.21364,0,0,"2019/05/16 06:00:26",,"2019/05/06 00:00:00",1,-59.19278
D,P5MIN,CONSTRAINTSOLUTION,6,"2019/05/16 06:05:00",0,"2019/05/16 06:10:00",V>>V_NIL_6A_R,6303.34044,0,0,"2019/05/16 06:00:26",,"2019/05/06 00:00:00",1,3225.73261
D,P5MIN,CONSTRAINTSOLUTION,6,"2019/05/16 06:05:00",0,"2019/05/16 06:10:00",V>>V_NIL_6B_R,16303.34044,0,0,"2019/05/16 06:00:26",,"2019/05/06 00:00:00",1,2929.48461
D,P5MIN,CONSTRAINTSOLUTION,6,"2019/05/16 06:05:00",0,"2019/05/16 06:10:00",V>SML_NSWRB_10,502.78994,0,0,"2019/05/16 06:00:26",,"2019/05/06 00:00:00",1,-114.28718
D,P5MIN,CONSTRAINTSOLUTION,6,"2019/05/16 06:05:00",0,"2019/05/16 06:10:00",V>SML_NSWRB_9,349.85107,0,0,"2019/05/16 06:00:26",,"2019/05/06 00:00:00",1,-86.47764
D,P5MIN,CONSTRAINTSOLUTION,6,"2019/05/16 06:05:00",0,"2019/05/16 06:10:00",V>S_NIL_HYSE,742,0,0,"2019/05/16 06:00:26",,"2015/07/02 00:00:00",1,-176.19623
D,P5MIN,CONSTRAINTSOLUTION,6,"2019/05/16 06:05:00",0,"2019/05/16 06:10:00",V>S_NIL_SETX_SETX,125.89444,0,0,"2019/05/16 06:00:26",,"2019/03/14 00:00:00",2,-3.642
D,P5MIN,CONSTRAINTSOLUTION,6,"2019/05/16 06:05:00",0,"2019/05/16 06:10:00",V>V_NIL_13,466.87799,0,0,"2019/05/16 06:00:26",,"2019/01/11 00:00:00",1,0.08383
D,P5MIN,CONSTRAINTSOLUTION,6,"2019/05/16 06:05:00",0,"2019/05/16 06:10:00",V>V_NIL_14,312.02524,0,0,"2019/05/16 06:00:26",,"2019/01/11 00:00:00",1,0.08383
D,P5MIN,CONSTRAINTSOLUTION,6,"2019/05/16 06:05:00",0,"2019/05/16 06:10:00",V>V_NIL_16,10279.71324,0,0,"2019/05/16 06:00:26",,"2019/01/11 00:00:00",1,0.08383
D,P5MIN,CONSTRAINTSOLUTION,6,"2019/05/16 06:05:00",0,"2019/05/16 06:10:00",V>V_NIL_17,10138.13,0,0,"2019/05/16 06:00:26",,"2019/02/28 00:00:00",1,0
D,P5MIN,CONSTRAINTSOLUTION,6,"2019/05/16 06:05:00",0,"2019/05/16 06:10:00",V>V_NIL_6,648.0762,0,0,"2019/05/16 06:00:26",,"2019/04/23 00:00:00",1,3.16183
D,P5MIN,CONSTRAINTSOLUTION,6,"2019/05/16 06:05:00",0,"2019/05/16 06:10:00",V>V_NIL_7,1018.49978,0,0,"2019/05/16 06:00:26",,"2019/01/29 00:00:00",1,0
D,P5MIN,CONSTRAINTSOLUTION,6,"2019/05/16 06:05:00",0,"2019/05/16 06:10:00",V>V_NIL_9,580.02963,0,0,"2019/05/16 06:00:26",,"2019/03/05 00:00:00",1,3.016
D,P5MIN,CONSTRAINTSOLUTION,6,"2019/05/16 06:05:00",0,"2019/05/16 06:10:00",V>V_NIL_RADIAL_10,12371.6679,0,0,"2019/05/16 06:00:26",,"2019/05/06 00:00:00",1,1456
D,P5MIN,CONSTRAINTSOLUTION,6,"2019/05/16 06:05:00",0,"2019/05/16 06:10:00",V>V_NIL_RADIAL_11,2161.87166,0,0,"2019/05/16 06:00:26",,"2019/01/11 00:00:00",1,1076
D,P5MIN,CONSTRAINTSOLUTION,6,"2019/05/16 06:05:00",0,"2019/05/16 06:10:00",VSML_220,220,0,0,"2019/05/16 06:00:26",,"2012/07/04 00:00:00",1,-18
D,P5MIN,CONSTRAINTSOLUTION,6,"2019/05/16 06:05:00",0,"2019/05/16 06:10:00",VSML_ROC_80,70.71814,0,0,"2019/05/16 06:00:26",,"2016/08/23 00:00:00",1,-18
D,P5MIN,CONSTRAINTSOLUTION,6,"2019/05/16 06:05:00",0,"2019/05/16 06:10:00",VSML_VFRB_OFF,240,0,0,"2019/05/16 06:00:26",,"2013/08/21 00:00:00",1,-18
D,P5MIN,CONSTRAINTSOLUTION,6,"2019/05/16 06:05:00",0,"2019/05/16 06:10:00",VTBL_ROC,384.20182,0,0,"2019/05/16 06:00:26",,"2014/01/15 00:00:00",1,176.29068
D,P5MIN,CONSTRAINTSOLUTION,6,"2019/05/16 06:05:00",0,"2019/05/16 06:10:00",V^SML_NIL_3,191.57195,0,0,"2019/05/16 06:00:26",,"2017/04/18 00:00:00",1,-18
D,P5MIN,CONSTRAINTSOLUTION,6,"2019/05/16 06:05:00",0,"2019/05/16 06:10:00",V^SML_NSWRB_2,242.22497,0,0,"2019/05/16 06:00:26",,"2018/08/06 00:00:00",1,-18
D,P5MIN,CONSTRAINTSOLUTION,6,"2019/05/16 06:05:00",0,"2019/05/16 06:10:00",V^S_HYCP,684.04844,0,0,"2019/05/16 06:00:26",,"2016/07/25 00:00:00",1,-176.19623
D,P5MIN,CONSTRAINTSOLUTION,6,"2019/05/16 06:05:00",0,"2019/05/16 06:10:00",V^^N_NIL_1,573.13324,0,0,"2019/05/16 06:00:26",,"2019/05/15 00:00:00",1,-203.39353
D,P5MIN,CONSTRAINTSOLUTION,6,"2019/05/16 06:05:00",0,"2019/05/16 06:10:00",V^^S_NIL_MAXG_1,640.46711,0,0,"2019/05/16 06:00:26",,"2019/02/05 00:00:00",1,-173.31905
D,P5MIN,CONSTRAINTSOLUTION,6,"2019/05/16 06:05:00",0,"2019/05/16 06:10:00",V^^S_NIL_MAXG_2,10000,0,0,"2019/05/16 06:00:26",,"2019/02/05 00:00:00",1,-172.80917
D,P5MIN,CONSTRAINTSOLUTION,6,"2019/05/16 06:05:00",0,"2019/05/16 06:10:00",V^^S_NIL_MAXG_3,10000,0,0,"2019/05/16 06:00:26",,"2019/02/05 00:00:00",1,-173.10053
D,P5MIN,CONSTRAINTSOLUTION,6,"2019/05/16 06:05:00",0,"2019/05/16 06:10:00",V^^S_NIL_MAXG_SECP_1,10000,0,0,"2019/05/16 06:00:26",,"2019/02/11 00:00:00",1,-173.46473
D,P5MIN,CONSTRAINTSOLUTION,6,"2019/05/16 06:05:00",0,"2019/05/16 06:10:00",V^^S_NIL_MAXG_SECP_2,10000,0,0,"2019/05/16 06:00:26",,"2019/02/11 00:00:00",1,-172.80917
D,P5MIN,CONSTRAINTSOLUTION,6,"2019/05/16 06:05:00",0,"2019/05/16 06:10:00",V^^S_NIL_SETB_SECP_1,10000,0,0,"2019/05/16 06:00:26",,"2019/02/11 00:00:00",1,-172.84559
D,P5MIN,CONSTRAINTSOLUTION,6,"2019/05/16 06:05:00",0,"2019/05/16 06:10:00",V^^S_NIL_SETB_SECP_2,10000,0,0,"2019/05/16 06:00:26",,"2019/02/11 00:00:00",1,-172.66349
D,P5MIN,CONSTRAINTSOLUTION,6,"2019/05/16 06:05:00",0,"2019/05/16 06:10:00",V^^S_NIL_TBSE_1,789.40572,0,0,"2019/05/16 06:00:26",,"2019/02/04 00:00:00",1,-172.84559
D,P5MIN,CONSTRAINTSOLUTION,6,"2019/05/16 06:05:00",0,"2019/05/16 06:10:00",V^^S_NIL_TBSE_2,10000,0,0,"2019/05/16 06:00:26",,"2019/02/04 00:00:00",1,-172.66349
D,P5MIN,CONSTRAINTSOLUTION,6,"2019/05/16 06:05:00",0,"2019/05/16 06:10:00",V^^S_TBTX_MAXG,634.09418,0,0,"2019/05/16 06:00:26",,"2019/02/21 00:00:00",1,-173.17337
D,P5MIN,CONSTRAINTSOLUTION,6,"2019/05/16 06:05:00",0,"2019/05/16 06:10:00",V^^S_TBTX_MAXG_2-DS,10000,0,0,"2019/05/16 06:00:26",,"2019/02/21 00:00:00",1,-172.40855
D,P5MIN,CONSTRAINTSOLUTION,6,"2019/05/16 06:05:00",0,"2019/05/16 06:10:00",V^^S_TBTX_SETB,799.40097,0,0,"2019/05/16 06:00:26",,"2019/02/21 00:00:00",1,-172.59065
D,P5MIN,CONSTRAINTSOLUTION,6,"2019/05/16 06:05:00",0,"2019/05/16 06:10:00",V^^S_TBTX_SETB_2-DS,10000,0,0,"2019/05/16 06:00:26",,"2019/02/21 00:00:00",1,-172.37213
D,P5MIN,CONSTRAINTSOLUTION,6,"2019/05/16 06:05:00",0,"2019/05/16 06:10:00",V_GANWR_SF_BAT_50,50.001,0,0,"2019/05/16 06:00:26",,"2019/01/24 00:00:00",1,0
D,P5MIN,CONSTRAINTSOLUTION,6,"2019/05/16 06:05:00",0,"2019/05/16 06:10:00",V_S_NIL_ROCOF,1273.80002,0,0,"2019/05/16 06:00:26",,"2019/01/03 00:00:00",1,-176.19623
D,P5MIN,CONSTRAINTSOLUTION,6,"2019/05/16 06:05:00",0,"2019/05/16 06:10:00",V_T_NIL_BL1,478,0,0,"2019/05/16 06:00:26",,"2014/11/11 00:00:00",1,176.29068
D,P5MIN,CONSTRAINTSOLUTION,6,"2019/05/16 06:05:00",0,"2019/05/16 06:10:00",V_T_NIL_FCSPS,443.3606,0,0,"2019/05/16 06:00:26",,"2016/12/20 00:00:00",1,176.29068
D,P5MIN,CONSTRAINTSOLUTION,6,"2019/05/16 06:05:00",0,"2019/05/16 06:15:00",DATASNAP,10075.237,0,0,"2019/05/16 06:00:26",,"2018/04/13 00:00:00",1,-57
D,P5MIN,CONSTRAINTSOLUTION,6,"2019/05/16 06:05:00",0,"2019/05/16 06:15:00",DATASNAP_DFS_LS,10040.54472,0,0,"2019/05/16 06:00:26",,"2018/04/13 00:00:00",1,-57
D,P5MIN,CONSTRAINTSOLUTION,6,"2019/05/16 06:05:00",0,"2019/05/16 06:15:00",DATASNAP_DFS_NCAN,10422.86758,0,0,"2019/05/16 06:00:26",,"2013/08/21 00:00:00",1,-57
D,P5MIN,CONSTRAINTSOLUTION,6,"2019/05/16 06:05:00",0,"2019/05/16 06:15:00",DATASNAP_DFS_NCWEST,10491.93262,0,0,"2019/05/16 06:00:26",,"2013/08/21 00:00:00",1,-57
D,P5MIN,CONSTRAINTSOLUTION,6,"2019/05/16 06:05:00",0,"2019/05/16 06:15:00",DATASNAP_DFS_NNTH,10429.49515,0,0,"2019/05/16 06:00:26",,"2013/08/21 00:00:00",1,-57
D,P5MIN,CONSTRAINTSOLUTION,6,"2019/05/16 06:05:00",0,"2019/05/16 06:15:00",DATASNAP_DFS_NSYD,13053.99756,0,0,"2019/05/16 06:00:26",,"2013/08/21 00:00:00",1,-57
D,P5MIN,CONSTRAINTSOLUTION,6,"2019/05/16 06:05:00",0,"2019/05/16 06:15:00",DATASNAP_DFS_NTE,10016.5,0,0,"2019/05/16 06:00:26",,"2018/04/13 00:00:00",1,-57
D,P5MIN,CONSTRAINTSOLUTION,6,"2019/05/16 06:05:00",0,"2019/05/16 06:15:00",DATASNAP_DFS_QCEN,10719.8429,0,0,"2019/05/16 06:00:26",,"2013/08/21 00:00:00",1,-57
D,P5MIN,CONSTRAINTSOLUTION,6,"2019/05/16 06:05:00",0,"2019/05/16 06:15:00",DATASNAP_DFS_QCIND,10858.3009,0,0,"2019/05/16 06:00:26",,"2013/08/21 00:00:00",1,-57
D,P5MIN,CONSTRAINTSOLUTION,6,"2019/05/16 06:05:00",0,"2019/05/16 06:15:00",DATASNAP_DFS_QFNQ,10167.22055,0,0,"2019/05/16 06:00:26",,"2013/08/21 00:00:00",1,-57
D,P5MIN,CONSTRAINTSOLUTION,6,"2019/05/16 06:05:00",0,"2019/05/16 06:15:00",DATASNAP_DFS_QNTH,10612.99072,0,0,"2019/05/16 06:00:26",,"2013/08/21 00:00:00",1,-57
D,P5MIN,CONSTRAINTSOLUTION,6,"2019/05/16 06:05:00",0,"2019/05/16 06:15:00",DATASNAP_DFS_QSTHE,11788.17114,0,0,"2019/05/16 06:00:26",,"2013/08/21 00:00:00",1,-57
D,P5MIN,CONSTRAINTSOLUTION,6,"2019/05/16 06:05:00",0,"2019/05/16 06:15:00",DATASNAP_DFS_QSTHW,11721.88648,0,0,"2019/05/16 06:00:26",,"2013/08/21 00:00:00",1,-57
D,P5MIN,CONSTRAINTSOLUTION,6,"2019/05/16 06:05:00",0,"2019/05/16 06:15:00",DATASNAP_DFS_Q_BCCP,10733.14429,0,0,"2019/05/16 06:00:26",,"2015/12/16 00:00:00",1,-57
D,P5MIN,CONSTRAINTSOLUTION,6,"2019/05/16 06:05:00",0,"2019/05/16 06:15:00",DATASNAP_DFS_Q_BCRG,10781.61249,0,0,"2019/05/16 06:00:26",,"2015/12/16 00:00:00",1,-57
D,P5MIN,CONSTRAINTSOLUTION,6,"2019/05/16 06:05:00",0,"2019/05/16 06:15:00",DATASNAP_DFS_Q_CLST,10863.02783,0,0,"2019/05/16 06:00:26",,"2013/08/21 00:00:00",1,-57
D,P5MIN,CONSTRAINTSOLUTION,6,"2019/05/16 06:05:00",0,"2019/05/16 06:15:00",DATASNAP_DFS_Q_CLWU,10862.10803,0,0,"2019/05/16 06:00:26",,"2013/08/21 00:00:00",1,-57
D,P5MIN,CONSTRAINTSOLUTION,6,"2019/05/16 06:05:00",0,"2019/05/16 06:15:00",DATASNAP_DFS_Q_LCCP,10764.94641,0,0,"2019/05/16 06:00:26",,"2015/12/16 00:00:00",1,-57
D,P5MIN,CONSTRAINTSOLUTION,6,"2019/05/16 06:05:00",0,"2019/05/16 06:15:00",DATASNAP_DFS_Q_RGLC,10742.92328,0,0,"2019/05/16 06:00:26",,"2017/10/19 00:00:00",1,-57
D,P5MIN,CONSTRAINTSOLUTION,6,"2019/05/16 06:05:00",0,"2019/05/16 06:15:00",DATASNAP_DFS_Q_TAMR,10315.4393,0,0,"2019/05/16 06:00:26",,"2013/08/21 00:00:00",1,-57
D,P5MIN,CONSTRAINTSOLUTION,6,"2019/05/16 06:05:00",0,"2019/05/16 06:15:00",DATASNAP_DFS_Q_TAMR2,10315.4393,0,0,"2019/05/16 06:00:26",,"2017/10/19 00:00:00",1,-57
D,P5MIN,CONSTRAINTSOLUTION,6,"2019/05/16 06:05:00",0,"2019/05/16 06:15:00",DATASNAP_DFS_SADL,10645.47986,0,0,"2019/05/16 06:00:26",,"2013/08/21 00:00:00",1,-57
D,P5MIN,CONSTRAINTSOLUTION,6,"2019/05/16 06:05:00",0,"2019/05/16 06:15:00",DATASNAP_DFS_SNTH,10222.45367,0,0,"2019/05/16 06:00:26",,"2013/08/21 00:00:00",1,-57
D,P5MIN,CONSTRAINTSOLUTION,6,"2019/05/16 06:05:00",0,"2019/05/16 06:15:00",DATASNAP_DFS_SRIV,10036.63096,0,0,"2019/05/16 06:00:26",,"2013/08/21 00:00:00",1,-57
D,P5MIN,CONSTRAINTSOLUTION,6,"2019/05/16 06:05:00",0,"2019/05/16 06:15:00",DATASNAP_DFS_SSE,10072.76515,0,0,"2019/05/16 06:00:26",,"2013/08/21 00:00:00",1,-57
D,P5MIN,CONSTRAINTSOLUTION,6,"2019/05/16 06:05:00",0,"2019/05/16 06:15:00",DATASNAP_DFS_SWNSW,10683.52637,0,0,"2019/05/16 06:00:26",,"2018/04/13 00:00:00",1,-57
D,P5MIN,CONSTRAINTSOLUTION,6,"2019/05/16 06:05:00",0,"2019/05/16 06:15:00",DATASNAP_DFS_TNTH,10115.55936,0,0,"2019/05/16 06:00:26",,"2013/08/21 00:00:00",1,-57
D,P5MIN,CONSTRAINTSOLUTION,6,"2019/05/16 06:05:00",0,"2019/05/16 06:15:00",DATASNAP_DFS_TNWEST,10136.63858,0,0,"2019/05/16 06:00:26",,"2013/08/21 00:00:00",1,-57
D,P5MIN,CONSTRAINTSOLUTION,6,"2019/05/16 06:05:00",0,"2019/05/16 06:15:00",DATASNAP_DFS_TWCST,10062.04958,0,0,"2019/05/16 06:00:26",,"2013/08/21 00:00:00",1,-57
D,P5MIN,CONSTRAINTSOLUTION,6,"2019/05/16 06:05:00",0,"2019/05/16 06:15:00",DATASNAP_DFS_T_FASH1,10603.84314,0,0,"2019/05/16 06:00:26",,"2016/03/17 00:00:00",1,-57
D,P5MIN,CONSTRAINTSOLUTION,6,"2019/05/16 06:05:00",0,"2019/05/16 06:15:00",DATASNAP_DFS_T_GOCS1,10475.63501,0,0,"2019/05/16 06:00:26",,"2016/03/17 00:00:00",1,-57
D,P5MIN,CONSTRAINTSOLUTION,6,"2019/05/16 06:05:00",0,"2019/05/16 06:15:00",DATASNAP_DFS_T_HAGT1,10460.06867,0,0,"2019/05/16 06:00:26",,"2016/03/17 00:00:00",1,-57
D,P5MIN,CONSTRAINTSOLUTION,6,"2019/05/16 06:05:00",0,"2019/05/16 06:15:00",DATASNAP_DFS_T_PMHA1,10476.4953,0,0,"2019/05/16 06:00:26",,"2016/03/17 00:00:00",1,-57
D,P5MIN,CONSTRAINTSOLUTION,6,"2019/05/16 06:05:00",0,"2019/05/16 06:15:00",DATASNAP_DFS_T_PMHA3,10145.60226,0,0,"2019/05/16 06:00:26",,"2016/03/17 00:00:00",1,-57
D,P5MIN,CONSTRAINTSOLUTION,6,"2019/05/16 06:05:00",0,"2019/05/16 06:15:00",DATASNAP_DFS_T_SHGT,10517.61713,0,0,"2019/05/16 06:00:26",,"2013/08/21 00:00:00",1,-57
D,P5MIN,CONSTRAINTSOLUTION,6,"2019/05/16 06:05:00",0,"2019/05/16 06:15:00",DATASNAP_DFS_T_SHPM,10394.73419,0,0,"2019/05/16 06:00:26",,"2016/03/17 00:00:00",1,-57
D,P5MIN,CONSTRAINTSOLUTION,6,"2019/05/16 06:05:00",0,"2019/05/16 06:15:00",DATASNAP_DFS_T_TATU,10119.94269,0,0,"2019/05/16 06:00:26",,"2013/08/21 00:00:00",1,-57
D,P5MIN,CONSTRAINTSOLUTION,6,"2019/05/16 06:05:00",0,"2019/05/16 06:15:00",DATASNAP_DFS_T_WALE,10145.79652,0,0,"2019/05/16 06:00:26",,"2016/03/17 00:00:00",1,-57
D,P5MIN,CONSTRAINTSOLUTION,6,"2019/05/16 06:05:00",0,"2019/05/16 06:15:00",DATASNAP_DFS_VIC_SG,10717.1673,0,0,"2019/05/16 06:00:26",,"2018/04/13 00:00:00",1,-57
D,P5MIN,CONSTRAINTSOLUTION,6,"2019/05/16 06:05:00",0,"2019/05/16 06:15:00",DATASNAP_DFS_VMEL,13086.47705,0,0,"2019/05/16 06:00:26",,"2013/08/21 00:00:00",1,-57
D,P5MIN,CONSTRAINTSOLUTION,6,"2019/05/16 06:05:00",0,"2019/05/16 06:15:00",DATASNAP_DFS_V_BABE,10437.45743,0,0,"2019/05/16 06:00:26",,"2013/08/21 00:00:00",1,-57
D,P5MIN,CONSTRAINTSOLUTION,6,"2019/05/16 06:05:00",0,"2019/05/16 06:15:00",DATASNAP_PDID_1,10020,0,0,"2019/05/16 06:00:26",,"2018/04/13 00:00:00",1,-57
D,P5MIN,CONSTRAINTSOLUTION,6,"2019/05/16 06:05:00",0,"2019/05/16 06:15:00",DATASNAP_Q::NIL_CS,14301.13587,0,0,"2019/05/16 06:00:26",,"2018/09/17 00:00:00",2,3371.661
D,P5MIN,CONSTRAINTSOLUTION,6,"2019/05/16 06:05:00",0,"2019/05/16 06:15:00",DATASNAP_Q>NIL_BI_FB,10533.11155,0,0,"2019/05/16 06:00:26",,"2018/10/16 00:00:00",1,-57
D,P5MIN,CONSTRAINTSOLUTION,6,"2019/05/16 06:05:00",0,"2019/05/16 06:15:00",DATASNAP_TE_967_1,10016.5,0,0,"2019/05/16 06:00:26",,"2018/04/13 00:00:00",1,-57
D,P5MIN,CONSTRAINTSOLUTION,6,"2019/05/16 06:05:00",0,"2019/05/16 06:15:00",DATASNAP_T_PD_INER,10075.237,0,0,"2019/05/16 06:00:26",,"2018/04/13 00:00:00",1,-57
D,P5MIN,CONSTRAINTSOLUTION,6,"2019/05/16 06:05:00",0,"2019/05/16 06:15:00",DATASNAP_T_PD_INER2,10075.237,0,0,"2019/05/16 06:00:26",,"2018/04/13 00:00:00",1,-57
D,P5MIN,CONSTRAINTSOLUTION,6,"2019/05/16 06:05:00",0,"2019/05/16 06:15:00",DATA_MMS_ALERT1,10274,0,0,"2019/05/16 06:00:26",,"2013/08/21 00:00:00",1,-57
D,P5MIN,CONSTRAINTSOLUTION,6,"2019/05/16 06:05:00",0,"2019/05/16 06:15:00",DSANP_Q^^NIL_TR_CLHA,16641.43938,0,0,"2019/05/16 06:00:26",,"2018/01/10 00:00:00",1,3725.51075
D,P5MIN,CONSTRAINTSOLUTION,6,"2019/05/16 06:05:00",0,"2019/05/16 06:15:00",DSNAP_DFS_V_BABE_5M,10437.45743,0,0,"2019/05/16 06:00:26",,"2014/05/19 00:00:00",1,-57
D,P5MIN,CONSTRAINTSOLUTION,6,"2019/05/16 06:05:00",0,"2019/05/16 06:15:00",DSNAP_DFS_V_BAML,10547.03973,0,0,"2019/05/16 06:00:26",,"2014/05/19 00:00:00",1,-57
D,P5MIN,CONSTRAINTSOLUTION,6,"2019/05/16 06:05:00",0,"2019/05/16 06:15:00",DSNAP_DFS_V_BAML_5M,10612.92407,0,0,"2019/05/16 06:00:26",,"2014/05/19 00:00:00",1,-57
D,P5MIN,CONSTRAINTSOLUTION,6,"2019/05/16 06:05:00",0,"2019/05/16 06:15:00",DSNAP_DFS_V_DDMB,10596.1756,0,0,"2019/05/16 06:00:26",,"2014/05/19 00:00:00",1,-57
D,P5MIN,CONSTRAINTSOLUTION,6,"2019/05/16 06:05:00",0,"2019/05/16 06:15:00",DSNAP_DFS_V_DDMS,11405.73242,0,0,"2019/05/16 06:00:26",,"2019/01/29 00:00:00",1,-57
D,P5MIN,CONSTRAINTSOLUTION,6,"2019/05/16 06:05:00",0,"2019/05/16 06:15:00",DSNAP_DFS_V_DDSM,11177.79468,0,0,"2019/05/16 06:00:26",,"2014/05/19 00:00:00",1,-57
D,P5MIN,CONSTRAINTSOLUTION,6,"2019/05/16 06:05:00",0,"2019/05/16 06:15:00",DSNAP_DFS_V_NIL_3,12184.74528,0,0,"2019/05/16 06:00:26",,"2018/09/03 00:00:00",1,457.91034
D,P5MIN,CONSTRAINTSOLUTION,6,"2019/05/16 06:05:00",0,"2019/05/16 06:15:00",DSNAP_DFS_V_NIL_8,10744.44218,0,0,"2019/05/16 06:00:26",,"2018/09/03 00:00:00",1,-51.63589
D,P5MIN,CONSTRAINTSOLUTION,6,"2019/05/16 06:05:00",0,"2019/05/16 06:15:00",DSNAP_DFS_V_ROYP,10550.91681,0,0,"2019/05/16 06:00:26",,"2014/05/19 00:00:00",1,-57
D,P5MIN,CONSTRAINTSOLUTION,6,"2019/05/16 06:05:00",0,"2019/05/16 06:15:00",DSNAP_Q>>CPGG1_OUT,14053.96254,0,0,"2019/05/16 06:00:26",,"2018/08/24 00:00:00",1,-57
D,P5MIN,CONSTRAINTSOLUTION,6,"2019/05/16 06:05:00",0,"2019/05/16 06:15:00",DSNAP_Q>>GGWU_OUT_1,13004.65624,0,0,"2019/05/16 06:00:26",,"2018/06/27 00:00:00",1,-57
D,P5MIN,CONSTRAINTSOLUTION,6,"2019/05/16 06:05:00",0,"2019/05/16 06:15:00",DSNAP_Q>>GGWU_OUT_2,14033.76891,0,0,"2019/05/16 06:00:26",,"2018/07/19 00:00:00",1,-57
D,P5MIN,CONSTRAINTSOLUTION,6,"2019/05/16 06:05:00",0,"2019/05/16 06:15:00",DSNAP_Q>NIL_TV66,10410.96679,0,0,"2019/05/16 06:00:26",,"2018/08/17 00:00:00",2,0
D,P5MIN,CONSTRAINTSOLUTION,6,"2019/05/16 06:05:00",0,"2019/05/16 06:15:00",DSNAP_QNI_1100_DYN,11100,0,0,"2019/05/16 06:00:26",,"2019/03/11 00:00:00",1,432.11436
D,P5MIN,CONSTRAINTSOLUTION,6,"2019/05/16 06:05:00",0,"2019/05/16 06:15:00",DSNAP_QNI_1150_DYN,11150,0,0,"2019/05/16 06:00:26",,"2019/03/11 00:00:00",1,432.11436
D,P5MIN,CONSTRAINTSOLUTION,6,"2019/05/16 06:05:00",0,"2019/05/16 06:15:00",DSNAP_Q^CN_FDR-180,-10674.29447,0,0,"2019/05/16 06:00:26",,"2018/11/30 00:00:00",2,46.224
D,P5MIN,CONSTRAINTSOLUTION,6,"2019/05/16 06:05:00",0,"2019/05/16 06:15:00",DSNAP_Q^CN_FDR_CO_OP,-10389.25147,0,0,"2019/05/16 06:00:26",,"2018/11/30 00:00:00",2,376.03237
D,P5MIN,CONSTRAINTSOLUTION,6,"2019/05/16 06:05:00",0,"2019/05/16 06:15:00",DSNAP_Q^WOPW_WOSP_O,13862.50141,0,0,"2019/05/16 06:00:26",,"2019/05/01 00:00:00",1,3371.661
D,P5MIN,CONSTRAINTSOLUTION,6,"2019/05/16 06:05:00",0,"2019/05/16 06:15:00",DSNAP_Q^^NIL_SRAR,10973.86409,0,0,"2019/05/16 06:00:26",,"2019/03/29 00:00:00",1,672.553
D,P5MIN,CONSTRAINTSOLUTION,6,"2019/05/16 06:05:00",0,"2019/05/16 06:15:00",DSNAP_Q^^TR_CLHA,15023.26028,0,0,"2019/05/16 06:00:26",,"2018/01/12 00:00:00",1,2099.94047
D,P5MIN,CONSTRAINTSOLUTION,6,"2019/05/16 06:05:00",0,"2019/05/16 06:15:00",DSNAP_Q^^TR_TRBK,15340.21665,0,0,"2019/05/16 06:00:26",,"2018/01/12 00:00:00",1,2835.36623
D,P5MIN,CONSTRAINTSOLUTION,6,"2019/05/16 06:05:00",0,"2019/05/16 06:15:00",DSNAP_Q^^TR_TRBK_2,15863.03055,0,0,"2019/05/16 06:00:26",,"2018/12/12 00:00:00",1,3701.9929
D,P5MIN,CONSTRAINTSOLUTION,6,"2019/05/16 06:05:00",0,"2019/05/16 06:15:00",DSNAP_Q_TR_2000,14442.20392,0,0,"2019/05/16 06:00:26",,"2018/12/24 00:00:00",1,4447.77303
D,P5MIN,CONSTRAINTSOLUTION,6,"2019/05/16 06:05:00",0,"2019/05/16 06:15:00",DSNAP_S:VS_650_DYN,10650,0,0,"2019/05/16 06:00:26",,"2019/03/11 00:00:00",1,174.26414
D,P5MIN,CONSTRAINTSOLUTION,6,"2019/05/16 06:05:00",0,"2019/05/16 06:15:00",DSNAP_S:VS_700_DYN,10700,0,0,"2019/05/16 06:00:26",,"2019/03/11 00:00:00",1,174.26414
D,P5MIN,CONSTRAINTSOLUTION,6,"2019/05/16 06:05:00",0,"2019/05/16 06:15:00",DSNAP_S:V_500_DYN,10500,0,0,"2019/05/16 06:00:26",,"2019/03/11 00:00:00",1,160
D,P5MIN,CONSTRAINTSOLUTION,6,"2019/05/16 06:05:00",0,"2019/05/16 06:15:00",DSNAP_S:V_550_DYN,10550,0,0,"2019/05/16 06:00:26",,"2019/03/11 00:00:00",1,160
D,P5MIN,CONSTRAINTSOLUTION,6,"2019/05/16 06:05:00",0,"2019/05/16 06:15:00",DSNAP_S>V_460_DYN,10460,0,0,"2019/05/16 06:00:26",,"2019/03/11 00:00:00",1,160
D,P5MIN,CONSTRAINTSOLUTION,6,"2019/05/16 06:05:00",0,"2019/05/16 06:15:00",DSNAP_SA_UNITS_ON,10010,0,0,"2019/05/16 06:00:26",,"2016/05/16 00:00:00",1,-57
D,P5MIN,CONSTRAINTSOLUTION,6,"2019/05/16 06:05:00",0,"2019/05/16 06:15:00",DSNAP_SNIL_1,10660.07794,0,0,"2019/05/16 06:00:26",,"2016/04/11 00:00:00",1,157.462
D,P5MIN,CONSTRAINTSOLUTION,6,"2019/05/16 06:05:00",0,"2019/05/16 06:15:00",DSNAP_SNIL_2,10669.69334,0,0,"2019/05/16 06:00:26",,"2016/04/11 00:00:00",1,-157.35625
D,P5MIN,CONSTRAINTSOLUTION,6,"2019/05/16 06:05:00",0,"2019/05/16 06:15:00",DSNAP_SNIL_3,20642.73292,0,0,"2019/05/16 06:00:26",,"2016/04/11 00:00:00",1,-156.757
D,P5MIN,CONSTRAINTSOLUTION,6,"2019/05/16 06:05:00",0,"2019/05/16 06:15:00",DSNAP_SNIL_4,20725.30827,0,0,"2019/05/16 06:00:26",,"2016/04/11 00:00:00",1,-156.43975
D,P5MIN,CONSTRAINTSOLUTION,6,"2019/05/16 06:05:00",0,"2019/05/16 06:15:00",DSNAP_SNIL_5,10640.29511,0,0,"2019/05/16 06:00:26",,"2016/04/11 00:00:00",1,-157.21525
D,P5MIN,CONSTRAINTSOLUTION,6,"2019/05/16 06:05:00",0,"2019/05/16 06:15:00",DSNAP_SNIL_6,10776.51438,0,0,"2019/05/16 06:00:26",,"2016/04/11 00:00:00",1,-156.43975
D,P5MIN,CONSTRAINTSOLUTION,6,"2019/05/16 06:05:00",0,"2019/05/16 06:15:00",DSNAP_SNIL_7,20580.8645,0,0,"2019/05/16 06:00:26",,"2016/04/11 00:00:00",1,-157.35625
D,P5MIN,CONSTRAINTSOLUTION,6,"2019/05/16 06:05:00",0,"2019/05/16 06:15:00",DSNAP_SNIL_8,20764.30753,0,0,"2019/05/16 06:00:26",,"2016/04/11 00:00:00",1,-156.757
D,P5MIN,CONSTRAINTSOLUTION,6,"2019/05/16 06:05:00",0,"2019/05/16 06:15:00",DSNAP_SNIL_9,10789.40572,0,0,"2019/05/16 06:00:26",,"2016/04/11 00:00:00",1,-156.757
D,P5MIN,CONSTRAINTSOLUTION,6,"2019/05/16 06:05:00",0,"2019/05/16 06:15:00",DSNAP_SNIL_TBTU_TBMO,10230.34592,0,0,"2019/05/16 06:00:26",,"2015/06/29 00:00:00",2,-57
D,P5MIN,CONSTRAINTSOLUTION,6,"2019/05/16 06:05:00",0,"2019/05/16 06:15:00",DSNAP_SV_250_DYN,10250,0,0,"2019/05/16 06:00:26",,"2019/03/11 00:00:00",1,160
D,P5MIN,CONSTRAINTSOLUTION,6,"2019/05/16 06:05:00",0,"2019/05/16 06:15:00",DSNAP_S_NOTI_NOTI_3,10139.35773,0,0,"2019/05/16 06:00:26",,"2014/02/24 00:00:00",1,-57
D,P5MIN,CONSTRAINTSOLUTION,6,"2019/05/16 06:05:00",0,"2019/05/16 06:15:00",DSNAP_S_SETX_SETX,10290.78896,0,0,"2019/05/16 06:00:26",,"2014/02/17 00:00:00",1,-57
D,P5MIN,CONSTRAINTSOLUTION,6,"2019/05/16 06:05:00",0,"2019/05/16 06:15:00",DSNAP_S_V_000_DYN,9975,0,0,"2019/05/16 06:00:26",,"2019/03/11 00:00:00",1,160
D,P5MIN,CONSTRAINTSOLUTION,6,"2019/05/16 06:05:00",0,"2019/05/16 06:15:00",DSNAP_T_NIL_BL_6,10136.98055,0,0,"2019/05/16 06:00:26",,"2017/07/21 00:00:00",1,-124.04969
D,P5MIN,CONSTRAINTSOLUTION,6,"2019/05/16 06:05:00",0,"2019/05/16 06:15:00",DSNAP_V:SS_650_DYN,10650,0,0,"2019/05/16 06:00:26",,"2019/03/11 00:00:00",1,-174.26414
D,P5MIN,CONSTRAINTSOLUTION,6,"2019/05/16 06:05:00",0,"2019/05/16 06:15:00",DSNAP_V:SS_720_DYN,10720,0,0,"2019/05/16 06:00:26",,"2019/03/11 00:00:00",1,-174.26414
D,P5MIN,CONSTRAINTSOLUTION,6,"2019/05/16 06:05:00",0,"2019/05/16 06:15:00",DSNAP_V:SS_790_DYN,10790,0,0,"2019/05/16 06:00:26",,"2019/03/11 00:00:00",1,-174.26414
D,P5MIN,CONSTRAINTSOLUTION,6,"2019/05/16 06:05:00",0,"2019/05/16 06:15:00",DSNAP_V:SS_820_DYN,10820,0,0,"2019/05/16 06:00:26",,"2019/03/11 00:00:00",1,-174.26414
D,P5MIN,CONSTRAINTSOLUTION,6,"2019/05/16 06:05:00",0,"2019/05/16 06:15:00",DSNAP_V:SS_850_DYN,10850,0,0,"2019/05/16 06:00:26",,"2019/03/11 00:00:00",1,-174.26414
D,P5MIN,CONSTRAINTSOLUTION,6,"2019/05/16 06:05:00",0,"2019/05/16 06:15:00",DSNAP_V:SS_870_DYN,10870,0,0,"2019/05/16 06:00:26",,"2019/03/11 00:00:00",1,-174.26414
D,P5MIN,CONSTRAINTSOLUTION,6,"2019/05/16 06:05:00",0,"2019/05/16 06:15:00",DSNAP_V:S_500_DYN,10500,0,0,"2019/05/16 06:00:26",,"2019/03/11 00:00:00",1,-160
D,P5MIN,CONSTRAINTSOLUTION,6,"2019/05/16 06:05:00",0,"2019/05/16 06:15:00",DSNAP_V:S_570_DYN,10570,0,0,"2019/05/16 06:00:26",,"2019/03/11 00:00:00",1,-160
D,P5MIN,CONSTRAINTSOLUTION,6,"2019/05/16 06:05:00",0,"2019/05/16 06:15:00",DSNAP_V:S_600_DYN,10600,0,0,"2019/05/16 06:00:26",,"2019/03/11 00:00:00",1,-160
D,P5MIN,CONSTRAINTSOLUTION,6,"2019/05/16 06:05:00",0,"2019/05/16 06:15:00",DSNAP_V:S_650_DYN,10650,0,0,"2019/05/16 06:00:26",,"2019/03/11 00:00:00",1,-160
D,P5MIN,CONSTRAINTSOLUTION,6,"2019/05/16 06:05:00",0,"2019/05/16 06:15:00",DSNAP_V>>V_NIL_1A,11983.06818,0,0,"2019/05/16 06:00:26",,"2019/01/29 00:00:00",1,371.26001
D,P5MIN,CONSTRAINTSOLUTION,6,"2019/05/16 06:05:00",0,"2019/05/16 06:15:00",DSNAP_V>>V_NIL_1C,11941.78818,0,0,"2019/05/16 06:00:26",,"2019/01/23 00:00:00",1,371.26001
D,P5MIN,CONSTRAINTSOLUTION,6,"2019/05/16 06:05:00",0,"2019/05/16 06:15:00",DSNAP_V>>V_NIL_1D,11945.08683,0,0,"2019/05/16 06:00:26",,"2019/01/23 00:00:00",1,371.26001
D,P5MIN,CONSTRAINTSOLUTION,6,"2019/05/16 06:05:00",0,"2019/05/16 06:15:00",DSNAP_V>S_460_DYN,10460,0,0,"2019/05/16 06:00:26",,"2019/03/11 00:00:00",1,-160
D,P5MIN,CONSTRAINTSOLUTION,6,"2019/05/16 06:05:00",0,"2019/05/16 06:15:00",DSNAP_V>V_NIL_7,11018.49978,0,0,"2019/05/16 06:00:26",,"2019/01/24 00:00:00",1,0
D,P5MIN,CONSTRAINTSOLUTION,6,"2019/05/16 06:05:00",0,"2019/05/16 06:15:00",DSNAP_VS_250_DYN,10250,0,0,"2019/05/16 06:00:26",,"2019/03/11 00:00:00",1,-160
D,P5MIN,CONSTRAINTSOLUTION,6,"2019/05/16 06:05:00",0,"2019/05/16 06:15:00",F_I+LREG_0120,120,0,0,"2019/05/16 06:00:26",,"2013/08/21 00:00:00",1,190
D,P5MIN,CONSTRAINTSOLUTION,6,"2019/05/16 06:05:00",0,"2019/05/16 06:15:00",F_I+LREG_0190,190,12.31,0,"2019/05/16 06:00:26",,"2019/04/16 00:00:00",1,190
D,P5MIN,CONSTRAINTSOLUTION,6,"2019/05/16 06:05:00",0,"2019/05/16 06:15:00",F_I+ML_L5_0400,304.972,0,0,"2019/05/16 06:00:26",,"2013/08/21 00:00:00",1,398.27
D,P5MIN,CONSTRAINTSOLUTION,6,"2019/05/16 06:05:00",0,"2019/05/16 06:15:00",F_I+ML_L60_0400,46.33734,0,0,"2019/05/16 06:00:26",,"2013/08/21 00:00:00",1,139.64
D,P5MIN,CONSTRAINTSOLUTION,6,"2019/05/16 06:05:00",0,"2019/05/16 06:15:00",F_I+ML_L6_0400,46.33734,0,0,"2019/05/16 06:00:26",,"2013/08/21 00:00:00",1,46.34
D,P5MIN,CONSTRAINTSOLUTION,6,"2019/05/16 06:05:00",0,"2019/05/16 06:15:00",F_I+NIL_APD_TL_L5,398.27199,0.19,0,"2019/05/16 06:00:26",,"2014/03/03 00:00:00",1,398.27
D,P5MIN,CONSTRAINTSOLUTION,6,"2019/05/16 06:05:00",0,"2019/05/16 06:15:00",F_I+NIL_APD_TL_L6,-164.8218,0,0,"2019/05/16 06:00:26",,"2014/03/03 00:00:00",1,46.34
D,P5MIN,CONSTRAINTSOLUTION,6,"2019/05/16 06:05:00",0,"2019/05/16 06:15:00",F_I+NIL_APD_TL_L60,139.63732,0.05,0,"2019/05/16 06:00:26",,"2014/03/03 00:00:00",1,139.64
D,P5MIN,CONSTRAINTSOLUTION,6,"2019/05/16 06:05:00",0,"2019/05/16 06:15:00",F_I+NIL_BB_TG_R5,-95.028,0,0,"2019/05/16 06:00:26",,"2013/08/21 00:00:00",1,654.96
D,P5MIN,CONSTRAINTSOLUTION,6,"2019/05/16 06:05:00",0,"2019/05/16 06:15:00",F_I+NIL_BB_TG_R6,-658.12179,0,0,"2019/05/16 06:00:26",,"2013/08/21 00:00:00",1,396.34
D,P5MIN,CONSTRAINTSOLUTION,6,"2019/05/16 06:05:00",0,"2019/05/16 06:15:00",F_I+NIL_BB_TG_R60,-353.66267,0,0,"2019/05/16 06:00:26",,"2013/08/21 00:00:00",1,401.94
D,P5MIN,CONSTRAINTSOLUTION,6,"2019/05/16 06:05:00",0,"2019/05/16 06:15:00",F_I+NIL_MG_R5,654.9659,2,0,"2019/05/16 06:00:26",,"2013/08/21 00:00:00",1,654.96
D,P5MIN,CONSTRAINTSOLUTION,6,"2019/05/16 06:05:00",0,"2019/05/16 06:15:00",F_I+NIL_MG_R6,396.33734,0.49,0,"2019/05/16 06:00:26",,"2013/08/21 00:00:00",1,396.34
D,P5MIN,CONSTRAINTSOLUTION,6,"2019/05/16 06:05:00",0,"2019/05/16 06:15:00",F_I+NIL_MG_R60,396.33734,0,0,"2019/05/16 06:00:26",,"2013/08/21 00:00:00",1,401.94
D,P5MIN,CONSTRAINTSOLUTION,6,"2019/05/16 06:05:00",0,"2019/05/16 06:15:00",F_I+NIL_RREG,130,0,0,"2019/05/16 06:00:26",,"2018/12/12 00:00:00",1,200
D,P5MIN,CONSTRAINTSOLUTION,6,"2019/05/16 06:05:00",0,"2019/05/16 06:15:00",F_I+NIL_WF_TG_R5,-75.63543,0,0,"2019/05/16 06:00:26",,"2013/08/21 00:00:00",1,654.96
D,P5MIN,CONSTRAINTSOLUTION,6,"2019/05/16 06:05:00",0,"2019/05/16 06:15:00",F_I+NIL_WF_TG_R6,-658.12179,0,0,"2019/05/16 06:00:26",,"2013/08/21 00:00:00",1,396.34
D,P5MIN,CONSTRAINTSOLUTION,6,"2019/05/16 06:05:00",0,"2019/05/16 06:15:00",F_I+NIL_WF_TG_R60,-353.66267,0,0,"2019/05/16 06:00:26",,"2013/08/21 00:00:00",1,401.94
D,P5MIN,CONSTRAINTSOLUTION,6,"2019/05/16 06:05:00",0,"2019/05/16 06:15:00",F_I+RREG_0200,200,12.5,0,"2019/05/16 06:00:26",,"2013/08/21 00:00:00",1,200
D,P5MIN,CONSTRAINTSOLUTION,6,"2019/05/16 06:05:00",0,"2019/05/16 06:15:00",F_I+WIP_N-2_ML_L5,-95.028,0,0,"2019/05/16 06:00:26",,"2017/05/16 00:00:00",1,398.27
D,P5MIN,CONSTRAINTSOLUTION,6,"2019/05/16 06:05:00",0,"2019/05/16 06:15:00",F_I+WIP_N-2_ML_L6,-353.66267,0,0,"2019/05/16 06:00:26",,"2017/05/16 00:00:00",1,46.34
D,P5MIN,CONSTRAINTSOLUTION,6,"2019/05/16 06:05:00",0,"2019/05/16 06:15:00",F_I+WIP_N-2_ML_L60,-353.66267,0,0,"2019/05/16 06:00:26",,"2017/05/16 00:00:00",1,139.64
D,P5MIN,CONSTRAINTSOLUTION,6,"2019/05/16 06:05:00",0,"2019/05/16 06:15:00",F_I+WIV_N-2_MG_R5,-95.0341,0,0,"2019/05/16 06:00:26",,"2017/05/16 00:00:00",1,654.96
D,P5MIN,CONSTRAINTSOLUTION,6,"2019/05/16 06:05:00",0,"2019/05/16 06:15:00",F_I+WIV_N-2_MG_R6,-353.66267,0,0,"2019/05/16 06:00:26",,"2017/05/16 00:00:00",1,396.34
D,P5MIN,CONSTRAINTSOLUTION,6,"2019/05/16 06:05:00",0,"2019/05/16 06:15:00",F_I+WIV_N-2_MG_R60,-353.66267,0,0,"2019/05/16 06:00:26",,"2017/05/16 00:00:00",1,401.94
D,P5MIN,CONSTRAINTSOLUTION,6,"2019/05/16 06:05:00",0,"2019/05/16 06:15:00",F_MAIN++APD_TL_L5,-76.03775,0,0,"2019/05/16 06:00:26",,"2014/03/03 00:00:00",1,147.57527
D,P5MIN,CONSTRAINTSOLUTION,6,"2019/05/16 06:05:00",0,"2019/05/16 06:15:00",F_MAIN++APD_TL_L6,-593.61825,0,0,"2019/05/16 06:00:26",,"2014/03/03 00:00:00",1,-124.35473
D,P5MIN,CONSTRAINTSOLUTION,6,"2019/05/16 06:05:00",0,"2019/05/16 06:15:00",F_MAIN++APD_TL_L60,-289.15913,0,0,"2019/05/16 06:00:26",,"2014/03/03 00:00:00",1,-56.15473
D,P5MIN,CONSTRAINTSOLUTION,6,"2019/05/16 06:05:00",0,"2019/05/16 06:15:00",F_MAIN++LREG_0120,-358,0,0,"2019/05/16 06:00:26",,"2013/08/21 00:00:00",1,-30.69473
D,P5MIN,CONSTRAINTSOLUTION,6,"2019/05/16 06:05:00",0,"2019/05/16 06:15:00",F_MAIN++LREG_0190,-288,0,0,"2019/05/16 06:00:26",,"2019/04/16 00:00:00",1,-30.69473
D,P5MIN,CONSTRAINTSOLUTION,6,"2019/05/16 06:05:00",0,"2019/05/16 06:15:00",F_MAIN++ML_L5_0400,-169.33774,0,0,"2019/05/16 06:00:26",,"2013/08/21 00:00:00",1,147.57527
D,P5MIN,CONSTRAINTSOLUTION,6,"2019/05/16 06:05:00",0,"2019/05/16 06:15:00",F_MAIN++ML_L60_0400,-382.45912,0,0,"2019/05/16 06:00:26",,"2013/08/21 00:00:00",1,-56.15473
D,P5MIN,CONSTRAINTSOLUTION,6,"2019/05/16 06:05:00",0,"2019/05/16 06:15:00",F_MAIN++ML_L6_0400,-382.45912,0,0,"2019/05/16 06:00:26",,"2013/08/21 00:00:00",1,-124.35473
D,P5MIN,CONSTRAINTSOLUTION,6,"2019/05/16 06:05:00",0,"2019/05/16 06:15:00",F_MAIN++NIL_BL_L5,-221.33774,0,0,"2019/05/16 06:00:26",,"2013/08/21 00:00:00",1,147.57527
D,P5MIN,CONSTRAINTSOLUTION,6,"2019/05/16 06:05:00",0,"2019/05/16 06:15:00",F_MAIN++NIL_BL_L6,-608.91824,0,0,"2019/05/16 06:00:26",,"2013/08/21 00:00:00",1,-124.35473
D,P5MIN,CONSTRAINTSOLUTION,6,"2019/05/16 06:05:00",0,"2019/05/16 06:15:00",F_MAIN++NIL_BL_L60,-304.45912,0,0,"2019/05/16 06:00:26",,"2013/08/21 00:00:00",1,-56.15473
D,P5MIN,CONSTRAINTSOLUTION,6,"2019/05/16 06:05:00",0,"2019/05/16 06:15:00",F_MAIN++NIL_BL_R5,-10221.33774,0,0,"2019/05/16 06:00:26",,"2013/08/21 00:00:00",1,762.08473
D,P5MIN,CONSTRAINTSOLUTION,6,"2019/05/16 06:05:00",0,"2019/05/16 06:15:00",F_MAIN++NIL_BL_R6,-10608.91824,0,0,"2019/05/16 06:00:26",,"2013/08/21 00:00:00",1,495.54473
D,P5MIN,CONSTRAINTSOLUTION,6,"2019/05/16 06:05:00",0,"2019/05/16 06:15:00",F_MAIN++NIL_BL_R60,-10304.45912,0,0,"2019/05/16 06:00:26",,"2013/08/21 00:00:00",1,495.54473
D,P5MIN,CONSTRAINTSOLUTION,6,"2019/05/16 06:05:00",0,"2019/05/16 06:15:00",F_MAIN++NIL_MG_R5,708.66226,0,0,"2019/05/16 06:00:26",,"2013/08/21 00:00:00",1,762.08473
D,P5MIN,CONSTRAINTSOLUTION,6,"2019/05/16 06:05:00",0,"2019/05/16 06:15:00",F_MAIN++NIL_MG_R6,495.54088,2.51,0,"2019/05/16 06:00:26",,"2013/08/21 00:00:00",1,495.54473
D,P5MIN,CONSTRAINTSOLUTION,6,"2019/05/16 06:05:00",0,"2019/05/16 06:15:00",F_MAIN++NIL_MG_R60,495.54088,3.08219,0,"2019/05/16 06:00:26",,"2013/08/21 00:00:00",1,495.54473
D,P5MIN,CONSTRAINTSOLUTION,6,"2019/05/16 06:05:00",0,"2019/05/16 06:15:00",F_MAIN++NIL_RREG,180,0,0,"2019/05/16 06:00:26",,"2018/12/12 00:00:00",1,320.69473
D,P5MIN,CONSTRAINTSOLUTION,6,"2019/05/16 06:05:00",0,"2019/05/16 06:15:00",F_MAIN++RREG_0200,250,0,0,"2019/05/16 06:00:26",,"2013/08/21 00:00:00",1,320.69473
D,P5MIN,CONSTRAINTSOLUTION,6,"2019/05/16 06:05:00",0,"2019/05/16 06:15:00",F_MAIN++WIPN-2_MLL60,-782.45912,0,0,"2019/05/16 06:00:26",,"2017/05/16 00:00:00",1,-56.15473
D,P5MIN,CONSTRAINTSOLUTION,6,"2019/05/16 06:05:00",0,"2019/05/16 06:15:00",F_MAIN++WIP_N-2_MLL5,-569.33774,0,0,"2019/05/16 06:00:26",,"2017/05/16 00:00:00",1,147.57527
D,P5MIN,CONSTRAINTSOLUTION,6,"2019/05/16 06:05:00",0,"2019/05/16 06:15:00",F_MAIN++WIP_N-2_MLL6,-782.45912,0,0,"2019/05/16 06:00:26",,"2017/05/16 00:00:00",1,-124.35473
D,P5MIN,CONSTRAINTSOLUTION,6,"2019/05/16 06:05:00",0,"2019/05/16 06:15:00",F_MAIN++WIVN-2_MGR60,-254.45912,0,0,"2019/05/16 06:00:26",,"2017/05/16 00:00:00",1,495.54473
D,P5MIN,CONSTRAINTSOLUTION,6,"2019/05/16 06:05:00",0,"2019/05/16 06:15:00",F_MAIN++WIV_N-2_MGR5,-41.33774,0,0,"2019/05/16 06:00:26",,"2017/05/16 00:00:00",1,762.08473
D,P5MIN,CONSTRAINTSOLUTION,6,"2019/05/16 06:05:00",0,"2019/05/16 06:15:00",F_MAIN++WIV_N-2_MGR6,-254.45912,0,0,"2019/05/16 06:00:26",,"2017/05/16 00:00:00",1,495.54473
D,P5MIN,CONSTRAINTSOLUTION,6,"2019/05/16 06:05:00",0,"2019/05/16 06:15:00",F_MAIN+APD_TL_L5,-9598.03775,0,0,"2019/05/16 06:00:26",,"2014/03/03 00:00:00",1,318.27
D,P5MIN,CONSTRAINTSOLUTION,6,"2019/05/16 06:05:00",0,"2019/05/16 06:15:00",F_MAIN+APD_TL_L6,-10115.61825,0,0,"2019/05/16 06:00:26",,"2014/03/03 00:00:00",1,46.34
D,P5MIN,CONSTRAINTSOLUTION,6,"2019/05/16 06:05:00",0,"2019/05/16 06:15:00",F_MAIN+APD_TL_L60,-9811.15913,0,0,"2019/05/16 06:00:26",,"2014/03/03 00:00:00",1,114.54
D,P5MIN,CONSTRAINTSOLUTION,6,"2019/05/16 06:05:00",0,"2019/05/16 06:15:00",F_MAIN+BLFCTRL_L5,9.69481,0,0,"2019/05/16 06:00:26",,"2014/07/01 00:00:00",1,318.27
D,P5MIN,CONSTRAINTSOLUTION,6,"2019/05/16 06:05:00",0,"2019/05/16 06:15:00",F_MAIN+BLFCTRL_L6,-203.42658,0,0,"2019/05/16 06:00:26",,"2014/07/01 00:00:00",1,46.34
D,P5MIN,CONSTRAINTSOLUTION,6,"2019/05/16 06:05:00",0,"2019/05/16 06:15:00",F_MAIN+BLFCTRL_L60,-203.42658,0,0,"2019/05/16 06:00:26",,"2014/07/01 00:00:00",1,114.54
D,P5MIN,CONSTRAINTSOLUTION,6,"2019/05/16 06:05:00",0,"2019/05/16 06:15:00",F_MAIN+BLFCTRL_R5,58.66226,0,0,"2019/05/16 06:00:26",,"2014/07/01 00:00:00",1,591.39
D,P5MIN,CONSTRAINTSOLUTION,6,"2019/05/16 06:05:00",0,"2019/05/16 06:15:00",F_MAIN+BLFCTRL_R6,-154.45912,0,0,"2019/05/16 06:00:26",,"2014/07/01 00:00:00",1,324.85
D,P5MIN,CONSTRAINTSOLUTION,6,"2019/05/16 06:05:00",0,"2019/05/16 06:15:00",F_MAIN+BLFCTRL_R60,-154.45912,0,0,"2019/05/16 06:00:26",,"2014/07/01 00:00:00",1,324.85
D,P5MIN,CONSTRAINTSOLUTION,6,"2019/05/16 06:05:00",0,"2019/05/16 06:15:00",F_MAIN+LREG_0120,-9880,0,0,"2019/05/16 06:00:26",,"2013/08/21 00:00:00",1,140
D,P5MIN,CONSTRAINTSOLUTION,6,"2019/05/16 06:05:00",0,"2019/05/16 06:15:00",F_MAIN+LREG_0190,-9810,0,0,"2019/05/16 06:00:26",,"2019/04/16 00:00:00",1,140
D,P5MIN,CONSTRAINTSOLUTION,6,"2019/05/16 06:05:00",0,"2019/05/16 06:15:00",F_MAIN+ML_L5_0400,-9691.33774,0,0,"2019/05/16 06:00:26",,"2013/08/21 00:00:00",1,318.27
D,P5MIN,CONSTRAINTSOLUTION,6,"2019/05/16 06:05:00",0,"2019/05/16 06:15:00",F_MAIN+ML_L60_0400,-9904.45912,0,0,"2019/05/16 06:00:26",,"2013/08/21 00:00:00",1,114.54
D,P5MIN,CONSTRAINTSOLUTION,6,"2019/05/16 06:05:00",0,"2019/05/16 06:15:00",F_MAIN+ML_L6_0400,-9904.45912,0,0,"2019/05/16 06:00:26",,"2013/08/21 00:00:00",1,46.34
D,P5MIN,CONSTRAINTSOLUTION,6,"2019/05/16 06:05:00",0,"2019/05/16 06:15:00",F_MAIN+NIL_DYN_LREG,0,0,0,"2019/05/16 06:00:26",,"2019/03/22 00:00:00",2,140
D,P5MIN,CONSTRAINTSOLUTION,6,"2019/05/16 06:05:00",0,"2019/05/16 06:15:00",F_MAIN+NIL_DYN_RREG,0,0,0,"2019/05/16 06:00:26",,"2019/03/22 00:00:00",2,150
D,P5MIN,CONSTRAINTSOLUTION,6,"2019/05/16 06:05:00",0,"2019/05/16 06:15:00",F_MAIN+NIL_MG_R5,-9341.33774,0,0,"2019/05/16 06:00:26",,"2013/08/21 00:00:00",1,591.39
D,P5MIN,CONSTRAINTSOLUTION,6,"2019/05/16 06:05:00",0,"2019/05/16 06:15:00",F_MAIN+NIL_MG_R6,-9554.45912,0,0,"2019/05/16 06:00:26",,"2013/08/21 00:00:00",1,324.85
D,P5MIN,CONSTRAINTSOLUTION,6,"2019/05/16 06:05:00",0,"2019/05/16 06:15:00",F_MAIN+NIL_MG_R60,-9554.45912,0,0,"2019/05/16 06:00:26",,"2013/08/21 00:00:00",1,324.85
D,P5MIN,CONSTRAINTSOLUTION,6,"2019/05/16 06:05:00",0,"2019/05/16 06:15:00",F_MAIN+NIL_RREG,-9870,0,0,"2019/05/16 06:00:26",,"2018/12/12 00:00:00",1,150
D,P5MIN,CONSTRAINTSOLUTION,6,"2019/05/16 06:05:00",0,"2019/05/16 06:15:00",F_MAIN+RREG_0200,-9800,0,0,"2019/05/16 06:00:26",,"2013/08/21 00:00:00",1,150
D,P5MIN,CONSTRAINTSOLUTION,6,"2019/05/16 06:05:00",0,"2019/05/16 06:15:00",F_MAIN+TASCAP_LREG,70,0,0,"2019/05/16 06:00:26",,"2019/01/11 00:00:00",1,140
D,P5MIN,CONSTRAINTSOLUTION,6,"2019/05/16 06:05:00",0,"2019/05/16 06:15:00",F_MAIN+TASCAP_RREG,80,0,0,"2019/05/16 06:00:26",,"2019/01/11 00:00:00",1,150
D,P5MIN,CONSTRAINTSOLUTION,6,"2019/05/16 06:05:00",0,"2019/05/16 06:15:00",F_MAIN+WIP_N-2_MLL60,-10304.45912,0,0,"2019/05/16 06:00:26",,"2017/05/16 00:00:00",1,114.54
D,P5MIN,CONSTRAINTSOLUTION,6,"2019/05/16 06:05:00",0,"2019/05/16 06:15:00",F_MAIN+WIP_N-2_ML_L5,-10091.33774,0,0,"2019/05/16 06:00:26",,"2017/05/16 00:00:00",1,318.27
D,P5MIN,CONSTRAINTSOLUTION,6,"2019/05/16 06:05:00",0,"2019/05/16 06:15:00",F_MAIN+WIP_N-2_ML_L6,-10304.45912,0,0,"2019/05/16 06:00:26",,"2017/05/16 00:00:00",1,46.34
D,P5MIN,CONSTRAINTSOLUTION,6,"2019/05/16 06:05:00",0,"2019/05/16 06:15:00",F_MAIN+WIV_N-2_MGR60,-10304.45912,0,0,"2019/05/16 06:00:26",,"2017/05/16 00:00:00",1,324.85
D,P5MIN,CONSTRAINTSOLUTION,6,"2019/05/16 06:05:00",0,"2019/05/16 06:15:00",F_MAIN+WIV_N-2_MG_R5,-10091.33774,0,0,"2019/05/16 06:00:26",,"2017/05/16 00:00:00",1,591.39
D,P5MIN,CONSTRAINTSOLUTION,6,"2019/05/16 06:05:00",0,"2019/05/16 06:15:00",F_MAIN+WIV_N-2_MG_R6,-10304.45912,0,0,"2019/05/16 06:00:26",,"2017/05/16 00:00:00",1,324.85
D,P5MIN,CONSTRAINTSOLUTION,6,"2019/05/16 06:05:00",0,"2019/05/16 06:15:00",F_Q++NIL_R5,1360,0,0,"2019/05/16 06:00:26",,"2013/10/02 00:00:00",1,583.11436
D,P5MIN,CONSTRAINTSOLUTION,6,"2019/05/16 06:05:00",0,"2019/05/16 06:15:00",F_Q++NIL_R6,1360,0,0,"2019/05/16 06:00:26",,"2013/10/02 00:00:00",1,477.96436
D,P5MIN,CONSTRAINTSOLUTION,6,"2019/05/16 06:05:00",0,"2019/05/16 06:15:00",F_Q++NIL_R60,1360,0,0,"2019/05/16 06:00:26",,"2013/10/02 00:00:00",1,480.11436
D,P5MIN,CONSTRAINTSOLUTION,6,"2019/05/16 06:05:00",0,"2019/05/16 06:15:00",F_Q_W/HOE_R5,10000,0,0,"2019/05/16 06:00:26",,"2017/05/17 00:00:00",1,60
D,P5MIN,CONSTRAINTSOLUTION,6,"2019/05/16 06:05:00",0,"2019/05/16 06:15:00",F_Q_W/HOE_R60,10000,0,0,"2019/05/16 06:00:26",,"2017/05/17 00:00:00",1,0
D,P5MIN,CONSTRAINTSOLUTION,6,"2019/05/16 06:05:00",0,"2019/05/16 06:15:00",F_S+NIL_HPR_G+L_LREG,300000,0,0,"2019/05/16 06:00:26",,"2017/11/13 00:00:00",1,40
D,P5MIN,CONSTRAINTSOLUTION,6,"2019/05/16 06:05:00",0,"2019/05/16 06:15:00",F_S+NIL_HPR_G+L_RREG,300000,0,0,"2019/05/16 06:00:26",,"2017/11/13 00:00:00",1,0
D,P5MIN,CONSTRAINTSOLUTION,6,"2019/05/16 06:05:00",0,"2019/05/16 06:15:00",F_T++LREG_0050,100,0,0,"2019/05/16 06:00:26",,"2015/01/29 00:00:00",1,220.69473
D,P5MIN,CONSTRAINTSOLUTION,6,"2019/05/16 06:05:00",0,"2019/05/16 06:15:00",F_T++NIL_BB_TG_R5,-10053.81534,0,0,"2019/05/16 06:00:26",,"2016/04/12 00:00:00",1,-107.12473
D,P5MIN,CONSTRAINTSOLUTION,6,"2019/05/16 06:05:00",0,"2019/05/16 06:15:00",F_T++NIL_BB_TG_R6,-10162.73173,0,0,"2019/05/16 06:00:26",,"2016/04/12 00:00:00",1,-99.20473
D,P5MIN,CONSTRAINTSOLUTION,6,"2019/05/16 06:05:00",0,"2019/05/16 06:15:00",F_T++NIL_BB_TG_R60,-9984.60176,0,0,"2019/05/16 06:00:26",,"2016/04/12 00:00:00",1,-93.60473
D,P5MIN,CONSTRAINTSOLUTION,6,"2019/05/16 06:05:00",0,"2019/05/16 06:15:00",F_T++NIL_BLSPS_L5,-20000.0001,0,0,"2019/05/16 06:00:26",,"2013/08/21 00:00:00",1,241.40552
D,P5MIN,CONSTRAINTSOLUTION,6,"2019/05/16 06:05:00",0,"2019/05/16 06:15:00",F_T++NIL_BLSPS_L60_1,-20000.0001,0,0,"2019/05/16 06:00:26",,"2013/08/21 00:00:00",1,227.58321
D,P5MIN,CONSTRAINTSOLUTION,6,"2019/05/16 06:05:00",0,"2019/05/16 06:15:00",F_T++NIL_BLSPS_L60_2,-20000.0001,0,0,"2019/05/16 06:00:26",,"2013/08/21 00:00:00",1,531.31912
D,P5MIN,CONSTRAINTSOLUTION,6,"2019/05/16 06:05:00",0,"2019/05/16 06:15:00",F_T++NIL_BLSPS_L60_3,-20000.0001,0,0,"2019/05/16 06:00:26",,"2013/08/21 00:00:00",1,900.48915
D,P5MIN,CONSTRAINTSOLUTION,6,"2019/05/16 06:05:00",0,"2019/05/16 06:15:00",F_T++NIL_BLSPS_L60_4,-20000.0001,0,0,"2019/05/16 06:00:26",,"2013/08/21 00:00:00",1,1423.54047
D,P5MIN,CONSTRAINTSOLUTION,6,"2019/05/16 06:05:00",0,"2019/05/16 06:15:00",F_T++NIL_BLSPS_L6_1,-20000.0001,0,0,"2019/05/16 06:00:26",,"2013/08/21 00:00:00",1,147.37442
D,P5MIN,CONSTRAINTSOLUTION,6,"2019/05/16 06:05:00",0,"2019/05/16 06:15:00",F_T++NIL_BLSPS_L6_2,-20000.0001,0,0,"2019/05/16 06:00:26",,"2013/08/21 00:00:00",1,357.09167
D,P5MIN,CONSTRAINTSOLUTION,6,"2019/05/16 06:05:00",0,"2019/05/16 06:15:00",F_T++NIL_BLSPS_L6_3,-20000.0001,0,0,"2019/05/16 06:00:26",,"2013/08/21 00:00:00",1,641.49811
D,P5MIN,CONSTRAINTSOLUTION,6,"2019/05/16 06:05:00",0,"2019/05/16 06:15:00",F_T++NIL_BLSPS_L6_4,-20000.0001,0,0,"2019/05/16 06:00:26",,"2013/08/21 00:00:00",1,1057.30023
D,P5MIN,CONSTRAINTSOLUTION,6,"2019/05/16 06:05:00",0,"2019/05/16 06:15:00",F_T++NIL_BLSPS_R5,-10000.0001,0,0,"2019/05/16 06:00:26",,"2013/08/21 00:00:00",1,-87.88402
D,P5MIN,CONSTRAINTSOLUTION,6,"2019/05/16 06:05:00",0,"2019/05/16 06:15:00",F_T++NIL_BLSPS_R60_1,-10000.0001,0,0,"2019/05/16 06:00:26",,"2013/08/21 00:00:00",1,-130.36725
D,P5MIN,CONSTRAINTSOLUTION,6,"2019/05/16 06:05:00",0,"2019/05/16 06:15:00",F_T++NIL_BLSPS_R60_2,-10000.0001,0,0,"2019/05/16 06:00:26",,"2013/08/21 00:00:00",1,-266.03372
D,P5MIN,CONSTRAINTSOLUTION,6,"2019/05/16 06:05:00",0,"2019/05/16 06:15:00",F_T++NIL_BLSPS_R60_3,-10000.0001,0,0,"2019/05/16 06:00:26",,"2013/08/21 00:00:00",1,-401.29052
D,P5MIN,CONSTRAINTSOLUTION,6,"2019/05/16 06:05:00",0,"2019/05/16 06:15:00",F_T++NIL_BLSPS_R60_4,-10000.0001,0,0,"2019/05/16 06:00:26",,"2013/08/21 00:00:00",1,-606.26758
D,P5MIN,CONSTRAINTSOLUTION,6,"2019/05/16 06:05:00",0,"2019/05/16 06:15:00",F_T++NIL_BLSPS_R6_1,-10000.0001,0,0,"2019/05/16 06:00:26",,"2013/08/21 00:00:00",1,-97.72822
D,P5MIN,CONSTRAINTSOLUTION,6,"2019/05/16 06:05:00",0,"2019/05/16 06:15:00",F_T++NIL_BLSPS_R6_2,-10000.0001,0,0,"2019/05/16 06:00:26",,"2013/08/21 00:00:00",1,-233.22911
D,P5MIN,CONSTRAINTSOLUTION,6,"2019/05/16 06:05:00",0,"2019/05/16 06:15:00",F_T++NIL_BLSPS_R6_3,-10000.0001,0,0,"2019/05/16 06:00:26",,"2013/08/21 00:00:00",1,-360.43594
D,P5MIN,CONSTRAINTSOLUTION,6,"2019/05/16 06:05:00",0,"2019/05/16 06:15:00",F_T++NIL_BLSPS_R6_4,-10000.0001,0,0,"2019/05/16 06:00:26",,"2013/08/21 00:00:00",1,-475.363
D,P5MIN,CONSTRAINTSOLUTION,6,"2019/05/16 06:05:00",0,"2019/05/16 06:15:00",F_T++NIL_MG_R5,-9937.29502,0,0,"2019/05/16 06:00:26",,"2016/04/12 00:00:00",1,-107.12473
D,P5MIN,CONSTRAINTSOLUTION,6,"2019/05/16 06:05:00",0,"2019/05/16 06:15:00",F_T++NIL_MG_R6,-9988.06815,0,0,"2019/05/16 06:00:26",,"2016/04/12 00:00:00",1,-99.20473
D,P5MIN,CONSTRAINTSOLUTION,6,"2019/05/16 06:05:00",0,"2019/05/16 06:15:00",F_T++NIL_MG_R60,-9896.73647,0,0,"2019/05/16 06:00:26",,"2016/04/12 00:00:00",1,-93.60473
D,P5MIN,CONSTRAINTSOLUTION,6,"2019/05/16 06:05:00",0,"2019/05/16 06:15:00",F_T++NIL_MG_RECL_R5,-9949.7336,0,0,"2019/05/16 06:00:26",,"2016/12/02 00:00:00",1,-107.12473
D,P5MIN,CONSTRAINTSOLUTION,6,"2019/05/16 06:05:00",0,"2019/05/16 06:15:00",F_T++NIL_MG_RECL_R6,-10005.0415,0,0,"2019/05/16 06:00:26",,"2016/12/02 00:00:00",1,-99.20473
D,P5MIN,CONSTRAINTSOLUTION,6,"2019/05/16 06:05:00",0,"2019/05/16 06:15:00",F_T++NIL_MG_RECL_R60,-9906.5647,0,0,"2019/05/16 06:00:26",,"2016/12/02 00:00:00",1,-93.60473
D,P5MIN,CONSTRAINTSOLUTION,6,"2019/05/16 06:05:00",0,"2019/05/16 06:15:00",F_T++NIL_ML_L5,99.77943,0,0,"2019/05/16 06:00:26",,"2016/04/12 00:00:00",1,250.69473
D,P5MIN,CONSTRAINTSOLUTION,6,"2019/05/16 06:05:00",0,"2019/05/16 06:15:00",F_T++NIL_ML_L6,58.10166,0,0,"2019/05/16 06:00:26",,"2016/04/12 00:00:00",1,170.69473
D,P5MIN,CONSTRAINTSOLUTION,6,"2019/05/16 06:05:00",0,"2019/05/16 06:15:00",F_T++NIL_ML_L60,110.43959,0,0,"2019/05/16 06:00:26",,"2016/04/12 00:00:00",1,195.79473
D,P5MIN,CONSTRAINTSOLUTION,6,"2019/05/16 06:05:00",0,"2019/05/16 06:15:00",F_T++NIL_TL_L5_DS,-9833.39427,0,0,"2019/05/16 06:00:26",,"2016/10/25 00:00:00",1,250.69473
D,P5MIN,CONSTRAINTSOLUTION,6,"2019/05/16 06:05:00",0,"2019/05/16 06:15:00",F_T++NIL_TL_L60_DS,-9827.53017,0,0,"2019/05/16 06:00:26",,"2016/10/25 00:00:00",1,195.79473
D,P5MIN,CONSTRAINTSOLUTION,6,"2019/05/16 06:05:00",0,"2019/05/16 06:15:00",F_T++NIL_TL_L6_DS,-9851.72198,0,0,"2019/05/16 06:00:26",,"2016/10/25 00:00:00",1,170.69473
D,P5MIN,CONSTRAINTSOLUTION,6,"2019/05/16 06:05:00",0,"2019/05/16 06:15:00",F_T++NIL_WF_TG_R5,-10031.69367,0,0,"2019/05/16 06:00:26",,"2016/04/12 00:00:00",1,-107.12473
D,P5MIN,CONSTRAINTSOLUTION,6,"2019/05/16 06:05:00",0,"2019/05/16 06:15:00",F_T++NIL_WF_TG_R6,-10133.26983,0,0,"2019/05/16 06:00:26",,"2016/04/12 00:00:00",1,-99.20473
D,P5MIN,CONSTRAINTSOLUTION,6,"2019/05/16 06:05:00",0,"2019/05/16 06:15:00",F_T++NIL_WF_TG_R60,-9966.57726,0,0,"2019/05/16 06:00:26",,"2016/04/12 00:00:00",1,-93.60473
D,P5MIN,CONSTRAINTSOLUTION,6,"2019/05/16 06:05:00",0,"2019/05/16 06:15:00",F_T++RREG_0050,-428,0,0,"2019/05/16 06:00:26",,"2015/01/29 00:00:00",1,-120.69473
D,P5MIN,CONSTRAINTSOLUTION,6,"2019/05/16 06:05:00",0,"2019/05/16 06:15:00",F_T+LREG_0050,-9950,0,0,"2019/05/16 06:00:26",,"2015/01/29 00:00:00",1,50
D,P5MIN,CONSTRAINTSOLUTION,6,"2019/05/16 06:05:00",0,"2019/05/16 06:15:00",F_T+NIL_BB_TG_R5,-49.9999,0,0,"2019/05/16 06:00:26",,"2016/04/12 00:00:00",1,63.57
D,P5MIN,CONSTRAINTSOLUTION,6,"2019/05/16 06:05:00",0,"2019/05/16 06:15:00",F_T+NIL_BB_TG_R6,0.0001,0,0,"2019/05/16 06:00:26",,"2016/04/12 00:00:00",1,71.49
D,P5MIN,CONSTRAINTSOLUTION,6,"2019/05/16 06:05:00",0,"2019/05/16 06:15:00",F_T+NIL_BB_TG_R60,0.0001,0,0,"2019/05/16 06:00:26",,"2016/04/12 00:00:00",1,77.09
D,P5MIN,CONSTRAINTSOLUTION,6,"2019/05/16 06:05:00",0,"2019/05/16 06:15:00",F_T+NIL_MG_R5,63.57223,0,0,"2019/05/16 06:00:26",,"2016/04/12 00:00:00",1,63.57
D,P5MIN,CONSTRAINTSOLUTION,6,"2019/05/16 06:05:00",0,"2019/05/16 06:15:00",F_T+NIL_MG_R6,61.66973,0,0,"2019/05/16 06:00:26",,"2016/04/12 00:00:00",1,71.49
D,P5MIN,CONSTRAINTSOLUTION,6,"2019/05/16 06:05:00",0,"2019/05/16 06:15:00",F_T+NIL_MG_R60,77.08714,4,0,"2019/05/16 06:00:26",,"2016/04/12 00:00:00",1,77.09
D,P5MIN,CONSTRAINTSOLUTION,6,"2019/05/16 06:05:00",0,"2019/05/16 06:15:00",F_T+NIL_MG_RECL_R5,51.85029,0,0,"2019/05/16 06:00:26",,"2016/12/02 00:00:00",1,63.57
D,P5MIN,CONSTRAINTSOLUTION,6,"2019/05/16 06:05:00",0,"2019/05/16 06:15:00",F_T+NIL_MG_RECL_R6,48.66846,0,0,"2019/05/16 06:00:26",,"2016/12/02 00:00:00",1,71.49
D,P5MIN,CONSTRAINTSOLUTION,6,"2019/05/16 06:05:00",0,"2019/05/16 06:15:00",F_T+NIL_MG_RECL_R60,60.83555,0,0,"2019/05/16 06:00:26",,"2016/12/02 00:00:00",1,77.09
D,P5MIN,CONSTRAINTSOLUTION,6,"2019/05/16 06:05:00",0,"2019/05/16 06:15:00",F_T+NIL_ML_L5,-9935.535,0,0,"2019/05/16 06:00:26",,"2016/04/12 00:00:00",1,80
D,P5MIN,CONSTRAINTSOLUTION,6,"2019/05/16 06:05:00",0,"2019/05/16 06:15:00",F_T+NIL_ML_L6,-9939.87486,0,0,"2019/05/16 06:00:26",,"2016/04/12 00:00:00",1,0
D,P5MIN,CONSTRAINTSOLUTION,6,"2019/05/16 06:05:00",0,"2019/05/16 06:15:00",F_T+NIL_ML_L60,-9924.84357,0,0,"2019/05/16 06:00:26",,"2016/04/12 00:00:00",1,25.1
D,P5MIN,CONSTRAINTSOLUTION,6,"2019/05/16 06:05:00",0,"2019/05/16 06:15:00",F_T+NIL_TL_L5_DS,-19883.99803,0,0,"2019/05/16 06:00:26",,"2016/10/25 00:00:00",1,80
D,P5MIN,CONSTRAINTSOLUTION,6,"2019/05/16 06:05:00",0,"2019/05/16 06:15:00",F_T+NIL_TL_L60_DS,-19859.5363,0,0,"2019/05/16 06:00:26",,"2016/10/25 00:00:00",1,25.1
D,P5MIN,CONSTRAINTSOLUTION,6,"2019/05/16 06:05:00",0,"2019/05/16 06:15:00",F_T+NIL_TL_L6_DS,-19887.62904,0,0,"2019/05/16 06:00:26",,"2016/10/25 00:00:00",1,0
D,P5MIN,CONSTRAINTSOLUTION,6,"2019/05/16 06:05:00",0,"2019/05/16 06:15:00",F_T+NIL_WF_TG_R5,-30.60733,0,0,"2019/05/16 06:00:26",,"2016/04/12 00:00:00",1,63.57
D,P5MIN,CONSTRAINTSOLUTION,6,"2019/05/16 06:05:00",0,"2019/05/16 06:15:00",F_T+NIL_WF_TG_R6,0.0001,0,0,"2019/05/16 06:00:26",,"2016/04/12 00:00:00",1,71.49
D,P5MIN,CONSTRAINTSOLUTION,6,"2019/05/16 06:05:00",0,"2019/05/16 06:15:00",F_T+NIL_WF_TG_R60,0.0001,0,0,"2019/05/16 06:00:26",,"2016/04/12 00:00:00",1,77.09
D,P5MIN,CONSTRAINTSOLUTION,6,"2019/05/16 06:05:00",0,"2019/05/16 06:15:00",F_T+RREG_0050,-9950,0,0,"2019/05/16 06:00:26",,"2015/01/29 00:00:00",1,50
D,P5MIN,CONSTRAINTSOLUTION,6,"2019/05/16 06:05:00",0,"2019/05/16 06:15:00",F_TASCAP_LREG_0190,140,1.5,0,"2019/05/16 06:00:26",,"2019/04/16 00:00:00",1,140
D,P5MIN,CONSTRAINTSOLUTION,6,"2019/05/16 06:05:00",0,"2019/05/16 06:15:00",F_TASCAP_RREG_0200,150,9.23,0,"2019/05/16 06:00:26",,"2019/03/18 00:00:00",1,150
D,P5MIN,CONSTRAINTSOLUTION,6,"2019/05/16 06:05:00",0,"2019/05/16 06:15:00",F_T_NIL_MINP_R6,35,0.96,0,"2019/05/16 06:00:26",,"2018/04/30 00:00:00",1,34.99882
D,P5MIN,CONSTRAINTSOLUTION,6,"2019/05/16 06:05:00",0,"2019/05/16 06:15:00",N::Q_BWLD_KC,1277.02278,0,0,"2019/05/16 06:00:26",,"2018/01/19 00:00:00",1,443.11934
D,P5MIN,CONSTRAINTSOLUTION,6,"2019/05/16 06:05:00",0,"2019/05/16 06:15:00",N::Q_BWLD_LDMU,732.22178,0,0,"2019/05/16 06:00:26",,"2018/01/19 00:00:00",1,-596.54176
D,P5MIN,CONSTRAINTSOLUTION,6,"2019/05/16 06:05:00",0,"2019/05/16 06:15:00",N::Q_BWLD_LDTW,650.82473,0,0,"2019/05/16 06:00:26",,"2018/01/19 00:00:00",1,-599.56276
D,P5MIN,CONSTRAINTSOLUTION,6,"2019/05/16 06:05:00",0,"2019/05/16 06:15:00",N::Q_BWLD_TNT,1315.36506,0,0,"2019/05/16 06:00:26",,"2018/01/19 00:00:00",1,48.99774
D,P5MIN,CONSTRAINTSOLUTION,6,"2019/05/16 06:05:00",0,"2019/05/16 06:15:00",N::Q_NIL_KC,1357.02278,0,0,"2019/05/16 06:00:26",,"2017/12/06 00:00:00",1,443.11934
D,P5MIN,CONSTRAINTSOLUTION,6,"2019/05/16 06:05:00",0,"2019/05/16 06:15:00",N::Q_NIL_LDMU,812.22178,0,0,"2019/05/16 06:00:26",,"2017/12/06 00:00:00",1,-596.54176
D,P5MIN,CONSTRAINTSOLUTION,6,"2019/05/16 06:05:00",0,"2019/05/16 06:15:00",N::Q_NIL_LDTW,730.82473,0,0,"2019/05/16 06:00:26",,"2017/12/06 00:00:00",1,-599.56276
D,P5MIN,CONSTRAINTSOLUTION,6,"2019/05/16 06:05:00",0,"2019/05/16 06:15:00",N::Q_NIL_TNT,1395.36506,0,0,"2019/05/16 06:00:26",,"2017/12/06 00:00:00",1,48.99774
D,P5MIN,CONSTRAINTSOLUTION,6,"2019/05/16 06:05:00",0,"2019/05/16 06:15:00",N::V_NIL_BWSW,1510.59418,0,0,"2019/05/16 06:00:26",,"2018/06/26 00:00:00",1,298.84674
D,P5MIN,CONSTRAINTSOLUTION,6,"2019/05/16 06:05:00",0,"2019/05/16 06:15:00",N::V_NIL_MSDD,1462.35786,0,0,"2019/05/16 06:00:26",,"2018/06/26 00:00:00",1,339.84431
D,P5MIN,CONSTRAINTSOLUTION,6,"2019/05/16 06:05:00",0,"2019/05/16 06:15:00",N::V_NIL_UTMS,1618.8144,0,0,"2019/05/16 06:00:26",,"2018/06/26 00:00:00",1,298.84674
D,P5MIN,CONSTRAINTSOLUTION,6,"2019/05/16 06:05:00",0,"2019/05/16 06:15:00",N:V_NIL_BWRG,1239.59109,0,0,"2019/05/16 06:00:26",,"2018/06/26 00:00:00",1,298.84674
D,P5MIN,CONSTRAINTSOLUTION,6,"2019/05/16 06:05:00",0,"2019/05/16 06:15:00",N:V_NIL_BYYS,1611.75539,0,0,"2019/05/16 06:00:26",,"2018/06/26 00:00:00",1,298.84674
D,P5MIN,CONSTRAINTSOLUTION,6,"2019/05/16 06:05:00",0,"2019/05/16 06:15:00",N>>N-BWLD_ONE_A,1257.06158,0,0,"2019/05/16 06:00:26",,"2019/03/04 00:00:00",1,-1347.49157
D,P5MIN,CONSTRAINTSOLUTION,6,"2019/05/16 06:05:00",0,"2019/05/16 06:15:00",N>>N-BWLD_ONE_B,2815.08977,0,0,"2019/05/16 06:00:26",,"2019/03/04 00:00:00",1,1347.49157
D,P5MIN,CONSTRAINTSOLUTION,6,"2019/05/16 06:05:00",0,"2019/05/16 06:15:00",N>>N-BWLD_ONE_C,1902.04355,0,0,"2019/05/16 06:00:26",,"2019/03/04 00:00:00",1,-900.01972
D,P5MIN,CONSTRAINTSOLUTION,6,"2019/05/16 06:05:00",0,"2019/05/16 06:15:00",N>>N-BWLD_ONE_D,2574.79726,0,0,"2019/05/16 06:00:26",,"2019/03/04 00:00:00",1,1382.70668
D,P5MIN,CONSTRAINTSOLUTION,6,"2019/05/16 06:05:00",0,"2019/05/16 06:15:00",N>>N-BWLD_ONE_E,2627.84223,0,0,"2019/05/16 06:00:26",,"2019/03/04 00:00:00",1,1371.21137
D,P5MIN,CONSTRAINTSOLUTION,6,"2019/05/16 06:05:00",0,"2019/05/16 06:15:00",N>>N-BYSW_A1_15M,3631.48447,0,0,"2019/05/16 06:00:26",,"2019/03/04 00:00:00",1,111.78074
D,P5MIN,CONSTRAINTSOLUTION,6,"2019/05/16 06:05:00",0,"2019/05/16 06:15:00",N>>N-BYSW_A2_15M,1324.33261,0,0,"2019/05/16 06:00:26",,"2019/03/04 00:00:00",1,-111.78074
D,P5MIN,CONSTRAINTSOLUTION,6,"2019/05/16 06:05:00",0,"2019/05/16 06:15:00",N>>N-BYSW_B,3643.26835,0,0,"2019/05/16 06:00:26",,"2019/03/04 00:00:00",1,1111.23642
D,P5MIN,CONSTRAINTSOLUTION,6,"2019/05/16 06:05:00",0,"2019/05/16 06:15:00",N>>N-BYSW_C,3868.58325,0,0,"2019/05/16 06:00:26",,"2019/03/04 00:00:00",1,1971.75489
D,P5MIN,CONSTRAINTSOLUTION,6,"2019/05/16 06:05:00",0,"2019/05/16 06:15:00",N>>N-BYSW_G1_15M,3827.96678,0,0,"2019/05/16 06:00:26",,"2019/03/04 00:00:00",1,113.44778
D,P5MIN,CONSTRAINTSOLUTION,6,"2019/05/16 06:05:00",0,"2019/05/16 06:15:00",N>>N-BYSW_G2_15M,1611.3323,0,0,"2019/05/16 06:00:26",,"2019/03/04 00:00:00",1,-113.44778
D,P5MIN,CONSTRAINTSOLUTION,6,"2019/05/16 06:05:00",0,"2019/05/16 06:15:00",N>>N-BYSW_H_15M,3827.77863,0,0,"2019/05/16 06:00:26",,"2019/03/04 00:00:00",1,113.44778
D,P5MIN,CONSTRAINTSOLUTION,6,"2019/05/16 06:05:00",0,"2019/05/16 06:15:00",N>>N-BYSW_J,3688.29924,0,0,"2019/05/16 06:00:26",,"2019/03/04 00:00:00",1,1113.46797
D,P5MIN,CONSTRAINTSOLUTION,6,"2019/05/16 06:05:00",0,"2019/05/16 06:15:00",N>>N-BYSW_K,3510.72068,0,0,"2019/05/16 06:00:26",,"2019/03/04 00:00:00",1,851.03232
D,P5MIN,CONSTRAINTSOLUTION,6,"2019/05/16 06:05:00",0,"2019/05/16 06:15:00",N>>N-KC_TX_01,2971.37527,0,0,"2019/05/16 06:00:26",,"2019/03/04 00:00:00",1,2607.42011
D,P5MIN,CONSTRAINTSOLUTION,6,"2019/05/16 06:05:00",0,"2019/05/16 06:15:00",N>>N-KC_TX_02,3888.78717,0,0,"2019/05/16 06:00:26",,"2019/03/04 00:00:00",1,2896.72838
D,P5MIN,CONSTRAINTSOLUTION,6,"2019/05/16 06:05:00",0,"2019/05/16 06:15:00",N>>N-KC_TX_03,3857.84319,0,0,"2019/05/16 06:00:26",,"2019/03/04 00:00:00",1,2906.88579
D,P5MIN,CONSTRAINTSOLUTION,6,"2019/05/16 06:05:00",0,"2019/05/16 06:15:00",N>>N-KC_TX_05,3906.84053,0,0,"2019/05/16 06:00:26",,"2019/03/04 00:00:00",1,2791.46196
D,P5MIN,CONSTRAINTSOLUTION,6,"2019/05/16 06:05:00",0,"2019/05/16 06:15:00",N>>N-KC_TX_06,3815.5408,0,0,"2019/05/16 06:00:26",,"2019/03/04 00:00:00",1,3153.13421
D,P5MIN,CONSTRAINTSOLUTION,6,"2019/05/16 06:05:00",0,"2019/05/16 06:15:00",N>>N-NIL_01N,2166.60937,0,0,"2019/05/16 06:00:26",,"2019/03/01 00:00:00",1,44.56729
D,P5MIN,CONSTRAINTSOLUTION,6,"2019/05/16 06:05:00",0,"2019/05/16 06:15:00",N>>N-NIL_01S,602.37229,0,0,"2019/05/16 06:00:26",,"2019/03/01 00:00:00",1,-44.56729
D,P5MIN,CONSTRAINTSOLUTION,6,"2019/05/16 06:05:00",0,"2019/05/16 06:15:00",N>>N-NIL_03,601.27948,0,0,"2019/05/16 06:00:26",,"2019/03/01 00:00:00",1,-44.56729
D,P5MIN,CONSTRAINTSOLUTION,6,"2019/05/16 06:05:00",0,"2019/05/16 06:15:00",N>>N-NIL_17N,3902.09763,0,0,"2019/05/16 06:00:26",,"2019/03/01 00:00:00",1,109.17997
D,P5MIN,CONSTRAINTSOLUTION,6,"2019/05/16 06:05:00",0,"2019/05/16 06:15:00",N>>N-NIL_17S,1557.8476,0,0,"2019/05/16 06:00:26",,"2019/03/01 00:00:00",1,-109.17997
D,P5MIN,CONSTRAINTSOLUTION,6,"2019/05/16 06:05:00",0,"2019/05/16 06:15:00",N>>N-NIL_1A,1359.51877,0,0,"2019/05/16 06:00:26",,"2019/02/28 00:00:00",1,-1369.07454
D,P5MIN,CONSTRAINTSOLUTION,6,"2019/05/16 06:05:00",0,"2019/05/16 06:15:00",N>>N-NIL_1E_OPENED,5911.36615,0,0,"2019/05/16 06:00:26",,"2019/02/28 00:00:00",1,1478.731
D,P5MIN,CONSTRAINTSOLUTION,6,"2019/05/16 06:05:00",0,"2019/05/16 06:15:00",N>>N-NIL_1G,4546.63995,0,0,"2019/05/16 06:00:26",,"2019/02/28 00:00:00",1,3420.15082
D,P5MIN,CONSTRAINTSOLUTION,6,"2019/05/16 06:05:00",0,"2019/05/16 06:15:00",N>>N-NIL_1N_OPENED,6528.08313,0,0,"2019/05/16 06:00:26",,"2019/02/28 00:00:00",1,1473.34849
D,P5MIN,CONSTRAINTSOLUTION,6,"2019/05/16 06:05:00",0,"2019/05/16 06:15:00",N>>N-NIL_1O,7026.45933,0,0,"2019/05/16 06:00:26",,"2019/02/28 00:00:00",1,2055.80161
D,P5MIN,CONSTRAINTSOLUTION,6,"2019/05/16 06:05:00",0,"2019/05/16 06:15:00",N>>N-NIL_1R,4390.08154,0,0,"2019/05/16 06:00:26",,"2019/02/28 00:00:00",1,3146.83272
D,P5MIN,CONSTRAINTSOLUTION,6,"2019/05/16 06:05:00",0,"2019/05/16 06:15:00",N>>N-NIL_1S,6867.67438,0,0,"2019/05/16 06:00:26",,"2019/02/28 00:00:00",1,1482.13324
D,P5MIN,CONSTRAINTSOLUTION,6,"2019/05/16 06:05:00",0,"2019/05/16 06:15:00",N>>N-NIL_1T,8084.05797,0,0,"2019/05/16 06:00:26",,"2019/02/28 00:00:00",1,1469.39126
D,P5MIN,CONSTRAINTSOLUTION,6,"2019/05/16 06:05:00",0,"2019/05/16 06:15:00",N>>N-NIL_1WN,3698.22507,0,0,"2019/05/16 06:00:26",,"2019/03/01 00:00:00",1,108.07318
D,P5MIN,CONSTRAINTSOLUTION,6,"2019/05/16 06:05:00",0,"2019/05/16 06:15:00",N>>N-NIL_1WS,1282.73642,0,0,"2019/05/16 06:00:26",,"2019/03/01 00:00:00",1,-108.07318
D,P5MIN,CONSTRAINTSOLUTION,6,"2019/05/16 06:05:00",0,"2019/05/16 06:15:00",N>>N-NIL_1XN,3645.86889,0,0,"2019/05/16 06:00:26",,"2019/03/01 00:00:00",1,108.07432
D,P5MIN,CONSTRAINTSOLUTION,6,"2019/05/16 06:05:00",0,"2019/05/16 06:15:00",N>>N-NIL_1XS,1229.79647,0,0,"2019/05/16 06:00:26",,"2019/03/01 00:00:00",1,-108.07432
D,P5MIN,CONSTRAINTSOLUTION,6,"2019/05/16 06:05:00",0,"2019/05/16 06:15:00",N>>N-NIL_1Y,3902.35132,0,0,"2019/05/16 06:00:26",,"2019/03/01 00:00:00",1,109.17802
D,P5MIN,CONSTRAINTSOLUTION,6,"2019/05/16 06:05:00",0,"2019/05/16 06:15:00",N>>N-NIL_1YS,1559.00377,0,0,"2019/05/16 06:00:26",,"2019/03/01 00:00:00",1,-109.17802
D,P5MIN,CONSTRAINTSOLUTION,6,"2019/05/16 06:05:00",0,"2019/05/16 06:15:00",N>>N-NIL_1Z,4007.25644,0,0,"2019/05/16 06:00:26",,"2019/03/01 00:00:00",1,109.17802
D,P5MIN,CONSTRAINTSOLUTION,6,"2019/05/16 06:05:00",0,"2019/05/16 06:15:00",N>>N-NIL_1ZS,1664.67677,0,0,"2019/05/16 06:00:26",,"2019/03/01 00:00:00",1,-109.17802
D,P5MIN,CONSTRAINTSOLUTION,6,"2019/05/16 06:05:00",0,"2019/05/16 06:15:00",N>>N-NIL_23N,4007.03256,0,0,"2019/05/16 06:00:26",,"2019/03/01 00:00:00",1,109.17802
D,P5MIN,CONSTRAINTSOLUTION,6,"2019/05/16 06:05:00",0,"2019/05/16 06:15:00",N>>N-NIL_23S,1715.78843,0,0,"2019/05/16 06:00:26",,"2019/01/11 00:00:00",1,-109.27711
D,P5MIN,CONSTRAINTSOLUTION,6,"2019/05/16 06:05:00",0,"2019/05/16 06:15:00",N>>N-NIL_28,4315.28089,0,0,"2019/05/16 06:00:26",,"2019/02/28 00:00:00",1,701.52468
D,P5MIN,CONSTRAINTSOLUTION,6,"2019/05/16 06:05:00",0,"2019/05/16 06:15:00",N>>N-NIL_29N,3699.65108,0,0,"2019/05/16 06:00:26",,"2019/03/01 00:00:00",1,76.07768
D,P5MIN,CONSTRAINTSOLUTION,6,"2019/05/16 06:05:00",0,"2019/05/16 06:15:00",N>>N-NIL_29S,1143.67978,0,0,"2019/05/16 06:00:26",,"2019/03/01 00:00:00",1,-147.59739
D,P5MIN,CONSTRAINTSOLUTION,6,"2019/05/16 06:05:00",0,"2019/05/16 06:15:00",N>>N-NIL_31N,3793.4227,0,0,"2019/05/16 06:00:26",,"2019/03/01 00:00:00",1,76.07768
D,P5MIN,CONSTRAINTSOLUTION,6,"2019/05/16 06:05:00",0,"2019/05/16 06:15:00",N>>N-NIL_31S,1233.14836,0,0,"2019/05/16 06:00:26",,"2019/03/01 00:00:00",1,-147.59739
D,P5MIN,CONSTRAINTSOLUTION,6,"2019/05/16 06:05:00",0,"2019/05/16 06:15:00",N>>N-NIL_36,2896.60237,0,0,"2019/05/16 06:00:26",,"2019/05/06 00:00:00",1,220.59798
D,P5MIN,CONSTRAINTSOLUTION,6,"2019/05/16 06:05:00",0,"2019/05/16 06:15:00",N>>N-NIL_45,1948.94765,0,0,"2019/05/16 06:00:26",,"2019/03/01 00:00:00",1,104.03975
D,P5MIN,CONSTRAINTSOLUTION,6,"2019/05/16 06:05:00",0,"2019/05/16 06:15:00",N>>N-NIL_46,983.23902,0,0,"2019/05/16 06:00:26",,"2019/03/01 00:00:00",1,-32.93221
D,P5MIN,CONSTRAINTSOLUTION,6,"2019/05/16 06:05:00",0,"2019/05/16 06:15:00",N>>N-NIL_47,1656.89156,0,0,"2019/05/16 06:00:26",,"2019/03/01 00:00:00",1,32.64955
D,P5MIN,CONSTRAINTSOLUTION,6,"2019/05/16 06:05:00",0,"2019/05/16 06:15:00",N>>N-NIL_48,1658.87904,0,0,"2019/05/16 06:00:26",,"2019/03/01 00:00:00",1,32.93221
D,P5MIN,CONSTRAINTSOLUTION,6,"2019/05/16 06:05:00",0,"2019/05/16 06:15:00",N>>N-NIL_49,987.48427,0,0,"2019/05/16 06:00:26",,"2019/03/01 00:00:00",1,-32.64955
D,P5MIN,CONSTRAINTSOLUTION,6,"2019/05/16 06:05:00",0,"2019/05/16 06:15:00",N>>N-NIL_56,1993.76034,0,0,"2019/05/16 06:00:26",,"2019/03/01 00:00:00",1,107.64162
D,P5MIN,CONSTRAINTSOLUTION,6,"2019/05/16 06:05:00",0,"2019/05/16 06:15:00",N>>N-NIL_57,978.57739,0,0,"2019/05/16 06:00:26",,"2019/03/01 00:00:00",1,-41.22489
D,P5MIN,CONSTRAINTSOLUTION,6,"2019/05/16 06:05:00",0,"2019/05/16 06:15:00",N>>N-NIL_58,6090.41462,0,0,"2019/05/16 06:00:26",,"2019/02/28 00:00:00",1,763.62501
D,P5MIN,CONSTRAINTSOLUTION,6,"2019/05/16 06:05:00",0,"2019/05/16 06:15:00",N>>N-NIL_59,6092.96547,0,0,"2019/05/16 06:00:26",,"2019/02/28 00:00:00",1,763.62501
D,P5MIN,CONSTRAINTSOLUTION,6,"2019/05/16 06:05:00",0,"2019/05/16 06:15:00",N>>N-NIL_60,1948.79395,0,0,"2019/05/16 06:00:26",,"2019/03/01 00:00:00",1,104.00367
D,P5MIN,CONSTRAINTSOLUTION,6,"2019/05/16 06:05:00",0,"2019/05/16 06:15:00",N>>N-NIL_61,1989.80068,0,0,"2019/05/16 06:00:26",,"2019/03/01 00:00:00",1,107.17617
D,P5MIN,CONSTRAINTSOLUTION,6,"2019/05/16 06:05:00",0,"2019/05/16 06:15:00",N>>N-NIL_62,1635.70953,0,0,"2019/05/16 06:00:26",,"2019/03/01 00:00:00",1,31.2053
D,P5MIN,CONSTRAINTSOLUTION,6,"2019/05/16 06:05:00",0,"2019/05/16 06:15:00",N>>N-NIL_63,1650.67946,0,0,"2019/05/16 06:00:26",,"2019/03/01 00:00:00",1,31.80556
D,P5MIN,CONSTRAINTSOLUTION,6,"2019/05/16 06:05:00",0,"2019/05/16 06:15:00",N>>N-NIL_64,5764.40848,0,0,"2019/05/16 06:00:26",,"2019/02/28 00:00:00",1,2307.61457
D,P5MIN,CONSTRAINTSOLUTION,6,"2019/05/16 06:05:00",0,"2019/05/16 06:15:00",N>>N-NIL_65,5514.932,0,0,"2019/05/16 06:00:26",,"2019/02/28 00:00:00",1,2157.93517
D,P5MIN,CONSTRAINTSOLUTION,6,"2019/05/16 06:05:00",0,"2019/05/16 06:15:00",N>>N-NIL_8E_8C,1322,0,0,"2019/05/16 06:00:26",,"2019/01/11 00:00:00",1,663.30536
D,P5MIN,CONSTRAINTSOLUTION,6,"2019/05/16 06:05:00",0,"2019/05/16 06:15:00",N>>N-NIL_996_IN,618.47757,0,0,"2019/05/16 06:00:26",,"2019/05/06 00:00:00",1,116.15774
D,P5MIN,CONSTRAINTSOLUTION,6,"2019/05/16 06:05:00",0,"2019/05/16 06:15:00",N>>N-NIL_DPTX,468.33874,0,0,"2019/05/16 06:00:26",,"2019/05/06 00:00:00",1,-60.16264
D,P5MIN,CONSTRAINTSOLUTION,6,"2019/05/16 06:05:00",0,"2019/05/16 06:15:00",N>>N-NIL_DPTX_2,844.54646,0,0,"2019/05/16 06:00:26",,"2019/05/06 00:00:00",1,60.16264
D,P5MIN,CONSTRAINTSOLUTION,6,"2019/05/16 06:05:00",0,"2019/05/16 06:15:00",N>>N-NIL_H01,3446.3157,0,0,"2019/05/16 06:00:26",,"2019/03/01 00:00:00",1,105.42309
D,P5MIN,CONSTRAINTSOLUTION,6,"2019/05/16 06:05:00",0,"2019/05/16 06:15:00",N>>N-NIL_H02,4060.30688,0,0,"2019/05/16 06:00:26",,"2019/01/11 00:00:00",1,99.42245
D,P5MIN,CONSTRAINTSOLUTION,6,"2019/05/16 06:05:00",0,"2019/05/16 06:15:00",N>>N-NIL_H03,3854.26136,0,0,"2019/05/16 06:00:26",,"2019/01/11 00:00:00",1,10.72426
D,P5MIN,CONSTRAINTSOLUTION,6,"2019/05/16 06:05:00",0,"2019/05/16 06:15:00",N>>N-NIL_H051,1267.94809,0,0,"2019/05/16 06:00:26",,"2019/05/06 00:00:00",1,87.05471
D,P5MIN,CONSTRAINTSOLUTION,6,"2019/05/16 06:05:00",0,"2019/05/16 06:15:00",N>>N-NIL_H060,1705.97384,0,0,"2019/05/16 06:00:26",,"2019/05/06 00:00:00",1,-187.72633
D,P5MIN,CONSTRAINTSOLUTION,6,"2019/05/16 06:05:00",0,"2019/05/16 06:15:00",N>>N-NIL_H07,3770.44309,0,0,"2019/05/16 06:00:26",,"2019/03/01 00:00:00",1,-16.84476
D,P5MIN,CONSTRAINTSOLUTION,6,"2019/05/16 06:05:00",0,"2019/05/16 06:15:00",N>>N-NIL_HE,3309.03001,0,0,"2019/05/16 06:00:26",,"2019/01/11 00:00:00",1,-486.61588
D,P5MIN,CONSTRAINTSOLUTION,6,"2019/05/16 06:05:00",0,"2019/05/16 06:15:00",N>>N-NIL_HF,3152.51083,0,0,"2019/05/16 06:00:26",,"2019/05/06 00:00:00",1,179.18999
D,P5MIN,CONSTRAINTSOLUTION,6,"2019/05/16 06:05:00",0,"2019/05/16 06:15:00",N>>N-NIL_HI_15M,3570.142,0,0,"2019/05/16 06:00:26",,"2019/05/06 00:00:00",1,82.18971
D,P5MIN,CONSTRAINTSOLUTION,6,"2019/05/16 06:05:00",0,"2019/05/16 06:15:00",N>>N-NIL_HK_15M,3710.79228,0,0,"2019/05/16 06:00:26",,"2019/03/01 00:00:00",1,88.49615
D,P5MIN,CONSTRAINTSOLUTION,6,"2019/05/16 06:05:00",0,"2019/05/16 06:15:00",N>>N-NIL_HL,3659.61168,0,0,"2019/05/16 06:00:26",,"2019/05/06 00:00:00",1,-298.9186
D,P5MIN,CONSTRAINTSOLUTION,6,"2019/05/16 06:05:00",0,"2019/05/16 06:15:00",N>>N-NIL_HM,3259.78072,0,0,"2019/05/16 06:00:26",,"2019/05/06 00:00:00",1,298.9186
D,P5MIN,CONSTRAINTSOLUTION,6,"2019/05/16 06:05:00",0,"2019/05/16 06:15:00",N>>N-NIL_HU_15M,3628.58393,0,0,"2019/05/16 06:00:26",,"2019/05/06 00:00:00",1,90.70994
D,P5MIN,CONSTRAINTSOLUTION,6,"2019/05/16 06:05:00",0,"2019/05/16 06:15:00",N>>N-NIL__2_OPENED,655.65995,0,0,"2019/05/16 06:00:26",,"2019/01/11 00:00:00",1,-810.85613
D,P5MIN,CONSTRAINTSOLUTION,6,"2019/05/16 06:05:00",0,"2019/05/16 06:15:00",N>>N-NIL__3_OPENED,653.53199,0,0,"2019/05/16 06:00:26",,"2019/01/11 00:00:00",1,-810.85613
D,P5MIN,CONSTRAINTSOLUTION,6,"2019/05/16 06:05:00",0,"2019/05/16 06:15:00",N>>N-NIL__A_15M,3404.10793,0,0,"2019/05/16 06:00:26",,"2019/05/06 00:00:00",1,24.9065
D,P5MIN,CONSTRAINTSOLUTION,6,"2019/05/16 06:05:00",0,"2019/05/16 06:15:00",N>>N-NIL__B_15M,3022.85805,0,0,"2019/05/16 06:00:26",,"2019/05/06 00:00:00",1,77.94419
D,P5MIN,CONSTRAINTSOLUTION,6,"2019/05/16 06:05:00",0,"2019/05/16 06:15:00",N>>N-NIL__C_15M,3268.43299,0,0,"2019/05/16 06:00:26",,"2019/01/11 00:00:00",1,4.11607
D,P5MIN,CONSTRAINTSOLUTION,6,"2019/05/16 06:05:00",0,"2019/05/16 06:15:00",N>>N-NIL__D_15M,3267.18909,0,0,"2019/05/16 06:00:26",,"2019/03/01 00:00:00",1,92.10876
D,P5MIN,CONSTRAINTSOLUTION,6,"2019/05/16 06:05:00",0,"2019/05/16 06:15:00",N>>N-NIL__E_15M,2866.4271,0,0,"2019/05/16 06:00:26",,"2019/03/01 00:00:00",1,103.89121
D,P5MIN,CONSTRAINTSOLUTION,6,"2019/05/16 06:05:00",0,"2019/05/16 06:15:00",N>>N-NIL__F_15M,3296.26263,0,0,"2019/05/16 06:00:26",,"2019/01/11 00:00:00",1,100.89232
D,P5MIN,CONSTRAINTSOLUTION,6,"2019/05/16 06:05:00",0,"2019/05/16 06:15:00",N>>N-NIL__G_15M,3616.98414,0,0,"2019/05/16 06:00:26",,"2019/01/11 00:00:00",1,82.29254
D,P5MIN,CONSTRAINTSOLUTION,6,"2019/05/16 06:05:00",0,"2019/05/16 06:15:00",N>>N-NIL__H_15M,3127.51335,0,0,"2019/05/16 06:00:26",,"2019/03/01 00:00:00",1,-8.49812
D,P5MIN,CONSTRAINTSOLUTION,6,"2019/05/16 06:05:00",0,"2019/05/16 06:15:00",N>>N-NIL__K,5732.74983,0,0,"2019/05/16 06:00:26",,"2019/02/28 00:00:00",1,1851.14429
D,P5MIN,CONSTRAINTSOLUTION,6,"2019/05/16 06:05:00",0,"2019/05/16 06:15:00",N>>N-NIL__L,5760.8231,0,0,"2019/05/16 06:00:26",,"2019/02/28 00:00:00",1,1851.14523
D,P5MIN,CONSTRAINTSOLUTION,6,"2019/05/16 06:05:00",0,"2019/05/16 06:15:00",N>>N-NIL__M,4366.23591,0,0,"2019/05/16 06:00:26",,"2019/02/28 00:00:00",1,689.86394
D,P5MIN,CONSTRAINTSOLUTION,6,"2019/05/16 06:05:00",0,"2019/05/16 06:15:00",N>>N-NIL__N,6138.56067,0,0,"2019/05/16 06:00:26",,"2019/02/28 00:00:00",1,723.6685
D,P5MIN,CONSTRAINTSOLUTION,6,"2019/05/16 06:05:00",0,"2019/05/16 06:15:00",N>>N-NIL__O,6140.95428,0,0,"2019/05/16 06:00:26",,"2019/02/28 00:00:00",1,723.72545
D,P5MIN,CONSTRAINTSOLUTION,6,"2019/05/16 06:05:00",0,"2019/05/16 06:15:00",N>>N-NIL__P,5085.06751,0,0,"2019/05/16 06:00:26",,"2019/02/28 00:00:00",1,1109.19182
D,P5MIN,CONSTRAINTSOLUTION,6,"2019/05/16 06:05:00",0,"2019/05/16 06:15:00",N>>N-NIL__R,6016.99958,0,0,"2019/05/16 06:00:26",,"2019/02/28 00:00:00",1,869.9082
D,P5MIN,CONSTRAINTSOLUTION,6,"2019/05/16 06:05:00",0,"2019/05/16 06:15:00",N>>N-NIL__S,3823.52091,0,0,"2019/05/16 06:00:26",,"2019/02/28 00:00:00",1,1766.7904
D,P5MIN,CONSTRAINTSOLUTION,6,"2019/05/16 06:05:00",0,"2019/05/16 06:15:00",N>>Q-BWLD_ONE,408.96338,0,0,"2019/05/16 06:00:26",,"2019/03/06 00:00:00",1,-1347.49157
D,P5MIN,CONSTRAINTSOLUTION,6,"2019/05/16 06:05:00",0,"2019/05/16 06:15:00",N>>V-NIL_0X1,536.97368,0,0,"2019/05/16 06:00:26",,"2019/05/06 00:00:00",1,127.67304
D,P5MIN,CONSTRAINTSOLUTION,6,"2019/05/16 06:05:00",0,"2019/05/16 06:15:00",N>>V-NIL_HC,988.29498,0,0,"2019/05/16 06:00:26",,"2019/05/06 00:00:00",1,281.16727
D,P5MIN,CONSTRAINTSOLUTION,6,"2019/05/16 06:05:00",0,"2019/05/16 06:15:00",N>>V-NIL_HD,1052.48174,0,0,"2019/05/16 06:00:26",,"2019/05/06 00:00:00",1,254.78122
D,P5MIN,CONSTRAINTSOLUTION,6,"2019/05/16 06:05:00",0,"2019/05/16 06:15:00",N>>V-NIL_HJ,1009.94574,0,0,"2019/05/16 06:00:26",,"2019/05/06 00:00:00",1,346.25843
D,P5MIN,CONSTRAINTSOLUTION,6,"2019/05/16 06:05:00",0,"2019/05/16 06:15:00",N>>V-NIL_HK,2744.33498,0,0,"2019/05/16 06:00:26",,"2019/05/06 00:00:00",1,156.83171
D,P5MIN,CONSTRAINTSOLUTION,6,"2019/05/16 06:05:00",0,"2019/05/16 06:15:00",N>>V-NIL_N,1288.25583,0,0,"2019/05/16 06:00:26",,"2019/01/11 00:00:00",1,176.36604
D,P5MIN,CONSTRAINTSOLUTION,6,"2019/05/16 06:05:00",0,"2019/05/16 06:15:00",N>>V-NIL_O,643.26237,0,0,"2019/05/16 06:00:26",,"2019/01/11 00:00:00",1,310.73456
D,P5MIN,CONSTRAINTSOLUTION,6,"2019/05/16 06:05:00",0,"2019/05/16 06:15:00",N>N-ARKK_CH_CB892A,9983.5,0,0,"2019/05/16 06:00:26",,"2016/01/11 00:00:00",1,-57
D,P5MIN,CONSTRAINTSOLUTION,6,"2019/05/16 06:05:00",0,"2019/05/16 06:15:00",N>N-ARKK_C_BYPASS,10627.58301,0,0,"2019/05/16 06:00:26",,"2018/09/14 00:00:00",1,122.16353
D,P5MIN,CONSTRAINTSOLUTION,6,"2019/05/16 06:05:00",0,"2019/05/16 06:15:00",N>N-ARKK_C_PSTMAN,10727.12879,0,0,"2019/05/16 06:00:26",,"2019/03/08 00:00:00",1,121.42914
D,P5MIN,CONSTRAINTSOLUTION,6,"2019/05/16 06:05:00",0,"2019/05/16 06:15:00",N>N-KC_TX_07,1766.96851,0,0,"2019/05/16 06:00:26",,"2019/03/08 00:00:00",1,1400
D,P5MIN,CONSTRAINTSOLUTION,6,"2019/05/16 06:05:00",0,"2019/05/16 06:15:00",N>N-NIL_8J_8C,1322,0,0,"2019/05/16 06:00:26",,"2019/01/11 00:00:00",1,432.11436
D,P5MIN,CONSTRAINTSOLUTION,6,"2019/05/16 06:05:00",0,"2019/05/16 06:15:00",N>N-NIL_DC,1482.70323,0,0,"2019/05/16 06:00:26",,"2019/01/21 00:00:00",1,799.25804
D,P5MIN,CONSTRAINTSOLUTION,6,"2019/05/16 06:05:00",0,"2019/05/16 06:15:00",N>N-NIL_F7_15M,822.45263,0,0,"2019/05/16 06:00:26",,"2019/01/11 00:00:00",1,-799.25804
D,P5MIN,CONSTRAINTSOLUTION,6,"2019/05/16 06:05:00",0,"2019/05/16 06:15:00",N>N-NIL_LSDU,89.51463,0,0,"2019/05/16 06:00:26",,"2019/01/11 00:00:00",1,-57
D,P5MIN,CONSTRAINTSOLUTION,6,"2019/05/16 06:05:00",0,"2019/05/16 06:15:00",N>N-NIL_MBDU,223.2596,0,0,"2019/05/16 06:00:26",,"2019/01/11 00:00:00",1,57
D,P5MIN,CONSTRAINTSOLUTION,6,"2019/05/16 06:05:00",0,"2019/05/16 06:15:00",N>N-NIL_TE_D2,265.32,0,0,"2019/05/16 06:00:26",,"2019/01/11 00:00:00",1,-57
D,P5MIN,CONSTRAINTSOLUTION,6,"2019/05/16 06:05:00",0,"2019/05/16 06:15:00",N>N-NIL_TE_E1,9983,0,0,"2019/05/16 06:00:26",,"2019/01/11 00:00:00",1,-57
D,P5MIN,CONSTRAINTSOLUTION,6,"2019/05/16 06:05:00",0,"2019/05/16 06:15:00",N>N-NIL_TE_E2,9983,0,0,"2019/05/16 06:00:26",,"2019/01/11 00:00:00",1,-57
D,P5MIN,CONSTRAINTSOLUTION,6,"2019/05/16 06:05:00",0,"2019/05/16 06:15:00",N>N-NIL_TE_LOAD,9999,0,0,"2019/05/16 06:00:26",,"2013/08/21 00:00:00",1,57
D,P5MIN,CONSTRAINTSOLUTION,6,"2019/05/16 06:05:00",0,"2019/05/16 06:15:00",N>N-NIL__4_15M,655.33303,0,0,"2019/05/16 06:00:26",,"2019/01/11 00:00:00",1,-810.47092
D,P5MIN,CONSTRAINTSOLUTION,6,"2019/05/16 06:05:00",0,"2019/05/16 06:15:00",N>N-NIL__7,1564.78207,0,0,"2019/05/16 06:00:26",,"2019/01/11 00:00:00",1,-799.25804
D,P5MIN,CONSTRAINTSOLUTION,6,"2019/05/16 06:05:00",0,"2019/05/16 06:15:00",NQTE_ROC,31,0,0,"2019/05/16 06:00:26",,"2010/11/08 00:00:00",2,-57
D,P5MIN,CONSTRAINTSOLUTION,6,"2019/05/16 06:05:00",0,"2019/05/16 06:15:00",NRM_NSW1_QLD1,10000,0,0,"2019/05/16 06:00:26",,"2012/06/12 00:00:00",1,-489.11436
D,P5MIN,CONSTRAINTSOLUTION,6,"2019/05/16 06:05:00",0,"2019/05/16 06:15:00",NRM_NSW1_VIC1,10375.68515,0,0,"2019/05/16 06:00:26",,"2012/06/12 00:00:00",1,360.81104
D,P5MIN,CONSTRAINTSOLUTION,6,"2019/05/16 06:05:00",0,"2019/05/16 06:15:00",NRM_QLD1_NSW1,10429.56012,0,0,"2019/05/16 06:00:26",,"2012/06/12 00:00:00",1,489.11436
D,P5MIN,CONSTRAINTSOLUTION,6,"2019/05/16 06:05:00",0,"2019/05/16 06:15:00",NRM_SA1_VIC1,10194.19623,0,0,"2019/05/16 06:00:26",,"2012/06/12 00:00:00",1,174.26414
D,P5MIN,CONSTRAINTSOLUTION,6,"2019/05/16 06:05:00",0,"2019/05/16 06:15:00",NRM_VIC1_NSW1,10000,0,0,"2019/05/16 06:00:26",,"2012/06/12 00:00:00",1,-360.81104
D,P5MIN,CONSTRAINTSOLUTION,6,"2019/05/16 06:05:00",0,"2019/05/16 06:15:00",NRM_VIC1_SA1,10000,0,0,"2019/05/16 06:00:26",,"2012/06/12 00:00:00",1,-174.26414
D,P5MIN,CONSTRAINTSOLUTION,6,"2019/05/16 06:05:00",0,"2019/05/16 06:15:00",N^^N_NIL_1,2607.78795,0,0,"2019/05/16 06:00:26",,"2018/05/02 00:00:00",1,58.3966
D,P5MIN,CONSTRAINTSOLUTION,6,"2019/05/16 06:05:00",0,"2019/05/16 06:15:00",N^^Q_NIL_A,443.63215,0,0,"2019/05/16 06:00:26",,"2017/12/06 00:00:00",1,-604.70986
D,P5MIN,CONSTRAINTSOLUTION,6,"2019/05/16 06:05:00",0,"2019/05/16 06:15:00",N^^Q_NIL_B,622.24474,0,0,"2019/05/16 06:00:26",,"2017/12/06 00:00:00",1,-583.61986
D,P5MIN,CONSTRAINTSOLUTION,6,"2019/05/16 06:05:00",0,"2019/05/16 06:15:00",N^^Q_NIL_B1,937.24474,0,0,"2019/05/16 06:00:26",,"2017/12/06 00:00:00",1,91.38014
D,P5MIN,CONSTRAINTSOLUTION,6,"2019/05/16 06:05:00",0,"2019/05/16 06:15:00",N^^Q_NIL_B2,937.24474,0,0,"2019/05/16 06:00:26",,"2017/12/06 00:00:00",1,-196.61986
D,P5MIN,CONSTRAINTSOLUTION,6,"2019/05/16 06:05:00",0,"2019/05/16 06:15:00",N^^Q_NIL_B3,937.24474,0,0,"2019/05/16 06:00:26",,"2017/12/06 00:00:00",1,-192.11986
D,P5MIN,CONSTRAINTSOLUTION,6,"2019/05/16 06:05:00",0,"2019/05/16 06:15:00",N^^Q_NIL_B4,897.24474,0,0,"2019/05/16 06:00:26",,"2017/12/06 00:00:00",1,-223.61986
D,P5MIN,CONSTRAINTSOLUTION,6,"2019/05/16 06:05:00",0,"2019/05/16 06:15:00",N^^Q_NIL_B5,907.24474,0,0,"2019/05/16 06:00:26",,"2017/12/06 00:00:00",1,-218.21986
D,P5MIN,CONSTRAINTSOLUTION,6,"2019/05/16 06:05:00",0,"2019/05/16 06:15:00",N^^Q_NIL_B6,907.24474,0,0,"2019/05/16 06:00:26",,"2017/12/06 00:00:00",1,-218.21986
D,P5MIN,CONSTRAINTSOLUTION,6,"2019/05/16 06:05:00",0,"2019/05/16 06:15:00",N^^Q_WIV_N-2,937.24474,0,0,"2019/05/16 06:00:26",,"2018/01/19 00:00:00",1,-583.61986
D,P5MIN,CONSTRAINTSOLUTION,6,"2019/05/16 06:05:00",0,"2019/05/16 06:15:00",N^^V_NIL_1,120.34791,0,0,"2019/05/16 06:00:26",,"2019/05/15 00:00:00",1,107.13748
D,P5MIN,CONSTRAINTSOLUTION,6,"2019/05/16 06:05:00",0,"2019/05/16 06:15:00",N_NIL_TE_A,163.5,0,0,"2019/05/16 06:00:26",,"2012/07/04 00:00:00",1,-57
D,P5MIN,CONSTRAINTSOLUTION,6,"2019/05/16 06:05:00",0,"2019/05/16 06:15:00",N_NIL_TE_B,196.5,0,0,"2019/05/16 06:00:26",,"2012/07/04 00:00:00",1,57
D,P5MIN,CONSTRAINTSOLUTION,6,"2019/05/16 06:05:00",0,"2019/05/16 06:15:00",N_V_HV1700_OSC_AUTO,11768.10001,0,0,"2019/05/16 06:00:26",,"2013/07/19 00:00:00",1,455.81104
D,P5MIN,CONSTRAINTSOLUTION,6,"2019/05/16 06:05:00",0,"2019/05/16 06:15:00",Q::N_BI_POT_WIV_N-2,1209.34247,0,0,"2019/05/16 06:00:26",,"2018/01/16 00:00:00",1,524.59076
D,P5MIN,CONSTRAINTSOLUTION,6,"2019/05/16 06:05:00",0,"2019/05/16 06:15:00",Q::N_NIL_AR_2L-G,1111.64688,0,0,"2019/05/16 06:00:26",,"2018/01/15 00:00:00",2,646.42842
D,P5MIN,CONSTRAINTSOLUTION,6,"2019/05/16 06:05:00",0,"2019/05/16 06:15:00",Q::N_NIL_BI_POT,1209.33249,0,0,"2019/05/16 06:00:26",,"2018/01/15 00:00:00",2,524.59076
D,P5MIN,CONSTRAINTSOLUTION,6,"2019/05/16 06:05:00",0,"2019/05/16 06:15:00",Q:NIL_CS,4301.13587,0,0,"2019/05/16 06:00:26",,"2018/12/27 00:00:00",1,3371.661
D,P5MIN,CONSTRAINTSOLUTION,6,"2019/05/16 06:05:00",0,"2019/05/16 06:15:00",Q:N_NIL_BWRG,1415.09238,0,0,"2019/05/16 06:00:26",,"2013/10/23 00:00:00",1,432.11436
D,P5MIN,CONSTRAINTSOLUTION,6,"2019/05/16 06:05:00",0,"2019/05/16 06:15:00",Q:N_NIL_LDNC,1415.86041,0,0,"2019/05/16 06:00:26",,"2013/10/23 00:00:00",1,432.11436
D,P5MIN,CONSTRAINTSOLUTION,6,"2019/05/16 06:05:00",0,"2019/05/16 06:15:00",Q:N_NIL_OSC,1200,0,0,"2019/05/16 06:00:26",,"2013/07/25 00:00:00",1,432.11436
D,P5MIN,CONSTRAINTSOLUTION,6,"2019/05/16 06:05:00",0,"2019/05/16 06:15:00",Q>>LCCP_BCCP_CLWU_2,3011.71644,0,0,"2019/05/16 06:00:26",,"2018/12/27 00:00:00",1,1826.93415
D,P5MIN,CONSTRAINTSOLUTION,6,"2019/05/16 06:05:00",0,"2019/05/16 06:15:00",Q>>LCCP_CLWU_BCCP_2,2595.78209,0,0,"2019/05/16 06:00:26",,"2018/12/27 00:00:00",1,1665.31526
D,P5MIN,CONSTRAINTSOLUTION,6,"2019/05/16 06:05:00",0,"2019/05/16 06:15:00",Q>>NIL_MRGB_MRTX1,11074.21682,0,0,"2019/05/16 06:00:26",,"2019/01/11 00:00:00",1,1030.69168
D,P5MIN,CONSTRAINTSOLUTION,6,"2019/05/16 06:05:00",0,"2019/05/16 06:15:00",Q>>NIL_MRTX5_MRTX4,3098.05989,0,0,"2019/05/16 06:00:26",,"2019/01/11 00:00:00",1,1207.97071
D,P5MIN,CONSTRAINTSOLUTION,6,"2019/05/16 06:05:00",0,"2019/05/16 06:15:00",Q>>WOPW_WOSP_WOGP_1,2943.14094,0,0,"2019/05/16 06:00:26",,"2019/04/10 00:00:00",1,2393.64943
D,P5MIN,CONSTRAINTSOLUTION,6,"2019/05/16 06:05:00",0,"2019/05/16 06:15:00",Q>>WOPW_WOSP_WOGP_2,2800.46322,0,0,"2019/05/16 06:00:26",,"2019/04/10 00:00:00",1,2393.69499
D,P5MIN,CONSTRAINTSOLUTION,6,"2019/05/16 06:05:00",0,"2019/05/16 06:15:00",Q>N-NIL_8L_8M,1379,0,0,"2019/05/16 06:00:26",,"2013/08/21 00:00:00",1,432.11436
D,P5MIN,CONSTRAINTSOLUTION,6,"2019/05/16 06:05:00",0,"2019/05/16 06:15:00",Q>NIL_BI_CAGS_CALV_O,532.12531,0,0,"2019/05/16 06:00:26",,"2019/01/11 00:00:00",1,205
D,P5MIN,CONSTRAINTSOLUTION,6,"2019/05/16 06:05:00",0,"2019/05/16 06:15:00",Q>NIL_MRTA_A,9990,0,0,"2019/05/16 06:00:26",,"2019/01/11 00:00:00",1,0
D,P5MIN,CONSTRAINTSOLUTION,6,"2019/05/16 06:05:00",0,"2019/05/16 06:15:00",Q>NIL_MRTA_B,9990,0,0,"2019/05/16 06:00:26",,"2019/01/11 00:00:00",1,0
D,P5MIN,CONSTRAINTSOLUTION,6,"2019/05/16 06:05:00",0,"2019/05/16 06:15:00",Q>NIL_MRTA_C,371.25,0,0,"2019/05/16 06:00:26",,"2019/01/11 00:00:00",1,0
D,P5MIN,CONSTRAINTSOLUTION,6,"2019/05/16 06:05:00",0,"2019/05/16 06:15:00",Q>NIL_MUTE_757,201.6,0,0,"2019/05/16 06:00:26",,"2014/09/02 00:00:00",1,57
D,P5MIN,CONSTRAINTSOLUTION,6,"2019/05/16 06:05:00",0,"2019/05/16 06:15:00",Q>NIL_MUTE_758,201.6,0,0,"2019/05/16 06:00:26",,"2014/09/02 00:00:00",1,57
D,P5MIN,CONSTRAINTSOLUTION,6,"2019/05/16 06:05:00",0,"2019/05/16 06:15:00",Q>NIL_TV66,410.96679,0,0,"2019/05/16 06:00:26",,"2018/08/20 00:00:00",1,0
D,P5MIN,CONSTRAINTSOLUTION,6,"2019/05/16 06:05:00",0,"2019/05/16 06:15:00",QNI_SOUTH_1150_DYN,1150,0,0,"2019/05/16 06:00:26",,"2019/01/30 00:00:00",1,432.11436
D,P5MIN,CONSTRAINTSOLUTION,6,"2019/05/16 06:05:00",0,"2019/05/16 06:15:00",QNTE_ROC,129,0,0,"2019/05/16 06:00:26",,"2010/11/08 00:00:00",3,57
D,P5MIN,CONSTRAINTSOLUTION,6,"2019/05/16 06:05:00",0,"2019/05/16 06:15:00",QN_1078_OSC_AUTO,11078,0,0,"2019/05/16 06:00:26",,"2013/07/25 00:00:00",1,432.11436
D,P5MIN,CONSTRAINTSOLUTION,6,"2019/05/16 06:05:00",0,"2019/05/16 06:15:00",Q^NIL_CN_FDR,-569.25137,0,0,"2019/05/16 06:00:26",,"2018/08/28 00:00:00",1,190.224
D,P5MIN,CONSTRAINTSOLUTION,6,"2019/05/16 06:05:00",0,"2019/05/16 06:15:00",Q^NIL_CN_GT,-715.73477,0,0,"2019/05/16 06:00:26",,"2018/08/28 00:00:00",1,144
D,P5MIN,CONSTRAINTSOLUTION,6,"2019/05/16 06:05:00",0,"2019/05/16 06:15:00",Q^NIL_FNQ,-326.62387,0,0,"2019/05/16 06:00:26",,"2018/08/28 00:00:00",1,144
D,P5MIN,CONSTRAINTSOLUTION,6,"2019/05/16 06:05:00",0,"2019/05/16 06:15:00",Q^NIL_GC,-5899.30561,0,0,"2019/05/16 06:00:26",,"2013/08/21 00:00:00",1,-57
D,P5MIN,CONSTRAINTSOLUTION,6,"2019/05/16 06:05:00",0,"2019/05/16 06:15:00",Q^^CS_-080,3194.53397,0,0,"2019/05/16 06:00:26",,"2018/08/30 00:00:00",1,2081.81155
D,P5MIN,CONSTRAINTSOLUTION,6,"2019/05/16 06:05:00",0,"2019/05/16 06:15:00",Q^^NIL_CS,3274.53396,0,0,"2019/05/16 06:00:26",,"2018/08/30 00:00:00",1,2081.81155
D,P5MIN,CONSTRAINTSOLUTION,6,"2019/05/16 06:05:00",0,"2019/05/16 06:15:00",Q^^NIL_QNI_SRAR,973.86409,0,0,"2019/05/16 06:00:26",,"2019/04/11 00:00:00",1,672.553
D,P5MIN,CONSTRAINTSOLUTION,6,"2019/05/16 06:05:00",0,"2019/05/16 06:15:00",Q^^NIL_TR_CLHA,5628.02634,0,0,"2019/05/16 06:00:26",,"2018/12/19 00:00:00",1,3392.9693
D,P5MIN,CONSTRAINTSOLUTION,6,"2019/05/16 06:05:00",0,"2019/05/16 06:15:00",Q^^NIL_TR_TRBK,5863.03055,0,0,"2019/05/16 06:00:26",,"2018/12/19 00:00:00",1,3701.9929
D,P5MIN,CONSTRAINTSOLUTION,6,"2019/05/16 06:05:00",0,"2019/05/16 06:15:00",Q^^TR_CLHA_-250,5138.53739,0,0,"2019/05/16 06:00:26",,"2018/12/19 00:00:00",1,3392.9693
D,P5MIN,CONSTRAINTSOLUTION,6,"2019/05/16 06:05:00",0,"2019/05/16 06:15:00",Q^^TR_TRBK_-150,5566.75422,0,0,"2019/05/16 06:00:26",,"2018/12/19 00:00:00",1,3701.9929
D,P5MIN,CONSTRAINTSOLUTION,6,"2019/05/16 06:05:00",0,"2019/05/16 06:15:00",Q_CS_2000,4427.93124,0,0,"2019/05/16 06:00:26",,"2019/01/15 00:00:00",1,3371.661
D,P5MIN,CONSTRAINTSOLUTION,6,"2019/05/16 06:05:00",0,"2019/05/16 06:15:00",S::V_NIL_TBSE_1,660.07794,0,0,"2019/05/16 06:00:26",,"2019/03/21 00:00:00",1,157.462
D,P5MIN,CONSTRAINTSOLUTION,6,"2019/05/16 06:05:00",0,"2019/05/16 06:15:00",S::V_NIL_TBSE_2-DS,10000,0,0,"2019/05/16 06:00:26",,"2019/03/21 00:00:00",1,157.21525
D,P5MIN,CONSTRAINTSOLUTION,6,"2019/05/16 06:05:00",0,"2019/05/16 06:15:00",S:VS_580_OSC_AUTO_1,10000,0,0,"2019/05/16 06:00:26",,"2016/06/30 00:00:00",1,174.26414
D,P5MIN,CONSTRAINTSOLUTION,6,"2019/05/16 06:05:00",0,"2019/05/16 06:15:00",S:VS_650_HY_TEST,650,0,0,"2019/05/16 06:00:26",,"2018/08/07 00:00:00",1,174.26414
D,P5MIN,CONSTRAINTSOLUTION,6,"2019/05/16 06:05:00",0,"2019/05/16 06:15:00",S:VS_650_HY_TEST_DYN,650,0,0,"2019/05/16 06:00:26",,"2015/11/25 00:00:00",1,174.26414
D,P5MIN,CONSTRAINTSOLUTION,6,"2019/05/16 06:05:00",0,"2019/05/16 06:15:00",S:VS_700_1,10000,0,0,"2019/05/16 06:00:26",,"2016/08/16 00:00:00",1,174.26414
D,P5MIN,CONSTRAINTSOLUTION,6,"2019/05/16 06:05:00",0,"2019/05/16 06:15:00",S:VS_700_OSC_AUTO,10700,0,0,"2019/05/16 06:00:26",,"2016/06/30 00:00:00",1,174.26414
D,P5MIN,CONSTRAINTSOLUTION,6,"2019/05/16 06:05:00",0,"2019/05/16 06:15:00",S:VS_800,800,0,0,"2019/05/16 06:00:26",,"2018/08/07 00:00:00",1,174.26414
D,P5MIN,CONSTRAINTSOLUTION,6,"2019/05/16 06:05:00",0,"2019/05/16 06:15:00",S:V_460_OSC_AUTO_1,10000,0,0,"2019/05/16 06:00:26",,"2016/06/30 00:00:00",1,160
D,P5MIN,CONSTRAINTSOLUTION,6,"2019/05/16 06:05:00",0,"2019/05/16 06:15:00",S:V_500_HY_TEST,500,0,0,"2019/05/16 06:00:26",,"2018/08/07 00:00:00",1,160
D,P5MIN,CONSTRAINTSOLUTION,6,"2019/05/16 06:05:00",0,"2019/05/16 06:15:00",S:V_500_HY_TEST_DYN,500,0,0,"2019/05/16 06:00:26",,"2015/11/25 00:00:00",1,160
D,P5MIN,CONSTRAINTSOLUTION,6,"2019/05/16 06:05:00",0,"2019/05/16 06:15:00",S:V_550_1,10000,0,0,"2019/05/16 06:00:26",,"2016/08/16 00:00:00",1,160
D,P5MIN,CONSTRAINTSOLUTION,6,"2019/05/16 06:05:00",0,"2019/05/16 06:15:00",S:V_550_OSC_AUTO,10550,0,0,"2019/05/16 06:00:26",,"2016/06/30 00:00:00",1,160
D,P5MIN,CONSTRAINTSOLUTION,6,"2019/05/16 06:05:00",0,"2019/05/16 06:15:00",S:V_650,650,0,0,"2019/05/16 06:00:26",,"2018/08/07 00:00:00",1,160
D,P5MIN,CONSTRAINTSOLUTION,6,"2019/05/16 06:05:00",0,"2019/05/16 06:15:00",S>>HUBG_AWHU_WEWT,325.44297,0,0,"2019/05/16 06:00:26",,"2019/05/15 00:00:00",1,55.49895
D,P5MIN,CONSTRAINTSOLUTION,6,"2019/05/16 06:05:00",0,"2019/05/16 06:15:00",S>>HUBG_BGDV_WEMWP4,257.7346,0,0,"2019/05/16 06:00:26",,"2019/05/15 00:00:00",1,-36.61667
D,P5MIN,CONSTRAINTSOLUTION,6,"2019/05/16 06:05:00",0,"2019/05/16 06:15:00",S>>HUBG_BGDV_WTWE,322.44125,0,0,"2019/05/16 06:00:26",,"2019/05/15 00:00:00",1,-68.58755
D,P5MIN,CONSTRAINTSOLUTION,6,"2019/05/16 06:05:00",0,"2019/05/16 06:15:00",S>>HUBG_BLDV_WEWT,327.35518,0,0,"2019/05/16 06:00:26",,"2019/05/15 00:00:00",1,66.66625
D,P5MIN,CONSTRAINTSOLUTION,6,"2019/05/16 06:05:00",0,"2019/05/16 06:15:00",S>>HUBG_BLDV_WTTP,474.74297,0,0,"2019/05/16 06:00:26",,"2019/05/15 00:00:00",1,81.89383
D,P5MIN,CONSTRAINTSOLUTION,6,"2019/05/16 06:05:00",0,"2019/05/16 06:15:00",S>>HUBG_BWMP_WEWT,327.26282,0,0,"2019/05/16 06:00:26",,"2019/03/13 00:00:00",1,51.90498
D,P5MIN,CONSTRAINTSOLUTION,6,"2019/05/16 06:05:00",0,"2019/05/16 06:15:00",S>>HUBG_LKDV_WEWT,322.04661,0,0,"2019/05/16 06:00:26",,"2019/05/15 00:00:00",1,78.56205
D,P5MIN,CONSTRAINTSOLUTION,6,"2019/05/16 06:05:00",0,"2019/05/16 06:15:00",S>>HUBG_LKDV_WTTP,518.04079,0,0,"2019/05/16 06:00:26",,"2019/05/15 00:00:00",1,84.86138
D,P5MIN,CONSTRAINTSOLUTION,6,"2019/05/16 06:05:00",0,"2019/05/16 06:15:00",S>>HUBG_MNCLN_WEMWP4,205.19671,0,0,"2019/05/16 06:00:26",,"2019/05/15 00:00:00",1,-28.65051
D,P5MIN,CONSTRAINTSOLUTION,6,"2019/05/16 06:05:00",0,"2019/05/16 06:15:00",S>>HUBG_MNCLN_WTWE,273.04401,0,0,"2019/05/16 06:00:26",,"2019/05/15 00:00:00",1,-46.78459
D,P5MIN,CONSTRAINTSOLUTION,6,"2019/05/16 06:05:00",0,"2019/05/16 06:15:00",S>>HUBG_RBTU_WEWT,312.29124,0,0,"2019/05/16 06:00:26",,"2019/05/15 00:00:00",1,87.54129
D,P5MIN,CONSTRAINTSOLUTION,6,"2019/05/16 06:05:00",0,"2019/05/16 06:15:00",S>>HUBG_RBTU_WTTP,482.5009,0,0,"2019/05/16 06:00:26",,"2019/05/15 00:00:00",1,113.80399
D,P5MIN,CONSTRAINTSOLUTION,6,"2019/05/16 06:05:00",0,"2019/05/16 06:15:00",S>>HUBG_RBTX1_WEWT,306.02973,0,0,"2019/05/16 06:00:26",,"2019/05/15 00:00:00",1,44.71565
D,P5MIN,CONSTRAINTSOLUTION,6,"2019/05/16 06:05:00",0,"2019/05/16 06:15:00",S>>HUBG_WTTP_WEMWP4,223.4968,0,0,"2019/05/16 06:00:26",,"2019/05/15 00:00:00",1,8.7506
D,P5MIN,CONSTRAINTSOLUTION,6,"2019/05/16 06:05:00",0,"2019/05/16 06:15:00",S>>HUBG_WTTP_WTWE,287.74097,0,0,"2019/05/16 06:00:26",,"2019/05/15 00:00:00",1,-5.15134
D,P5MIN,CONSTRAINTSOLUTION,6,"2019/05/16 06:05:00",0,"2019/05/16 06:15:00",S>>NIL_BGBW_BRTW,1270.50979,0,0,"2019/05/16 06:00:26",,"2019/05/15 00:00:00",1,228.85628
D,P5MIN,CONSTRAINTSOLUTION,6,"2019/05/16 06:05:00",0,"2019/05/16 06:15:00",S>>NIL_BRTW_WEP4,367.52803,0,0,"2019/05/16 06:00:26",,"2019/05/15 00:00:00",1,-1.08928
D,P5MIN,CONSTRAINTSOLUTION,6,"2019/05/16 06:05:00",0,"2019/05/16 06:15:00",S>>NIL_BRTW_WTTP,575.52949,0,0,"2019/05/16 06:00:26",,"2019/05/15 00:00:00",1,131.29387
D,P5MIN,CONSTRAINTSOLUTION,6,"2019/05/16 06:05:00",0,"2019/05/16 06:15:00",S>>NIL_BRTX_WEP4,326.67962,0,0,"2019/05/16 06:00:26",,"2019/05/15 00:00:00",1,-15.40024
D,P5MIN,CONSTRAINTSOLUTION,6,"2019/05/16 06:05:00",0,"2019/05/16 06:15:00",S>>NIL_BRTX_WTTP,531.95695,0,0,"2019/05/16 06:00:26",,"2019/05/15 00:00:00",1,93.03318
D,P5MIN,CONSTRAINTSOLUTION,6,"2019/05/16 06:05:00",0,"2019/05/16 06:15:00",S>>NIL_BWMP_BRTW,1269.79054,0,0,"2019/05/16 06:00:26",,"2019/05/15 00:00:00",1,273.66754
D,P5MIN,CONSTRAINTSOLUTION,6,"2019/05/16 06:05:00",0,"2019/05/16 06:15:00",S>>NIL_BWMP_TPRS,468.16843,0,0,"2019/05/16 06:00:26",,"2019/05/15 00:00:00",1,95.76929
D,P5MIN,CONSTRAINTSOLUTION,6,"2019/05/16 06:05:00",0,"2019/05/16 06:15:00",S>>NIL_BWMP_TWPA,1142.69296,0,0,"2019/05/16 06:00:26",,"2019/05/15 00:00:00",1,258.21957
D,P5MIN,CONSTRAINTSOLUTION,6,"2019/05/16 06:05:00",0,"2019/05/16 06:15:00",S>>NIL_BWMP_WEP4,285.77766,0,0,"2019/05/16 06:00:26",,"2019/05/15 00:00:00",1,-9.75392
D,P5MIN,CONSTRAINTSOLUTION,6,"2019/05/16 06:05:00",0,"2019/05/16 06:15:00",S>>NIL_BWMP_WTTP,586.70384,0,0,"2019/05/16 06:00:26",,"2019/05/15 00:00:00",1,130.31291
D,P5MIN,CONSTRAINTSOLUTION,6,"2019/05/16 06:05:00",0,"2019/05/16 06:15:00",S>>NIL_CGTB_TUTB_1,684.55957,0,0,"2019/05/16 06:00:26",,"2019/05/15 00:00:00",1,156.50673
D,P5MIN,CONSTRAINTSOLUTION,6,"2019/05/16 06:05:00",0,"2019/05/16 06:15:00",S>>NIL_CNRB_WEMWP4,387.01163,0,0,"2019/05/16 06:00:26",,"2019/05/15 00:00:00",1,29.80943
D,P5MIN,CONSTRAINTSOLUTION,6,"2019/05/16 06:05:00",0,"2019/05/16 06:15:00",S>>NIL_HUBG-T_WEWT,10000,0,0,"2019/05/16 06:00:26",,"2019/05/15 00:00:00",1,55.49895
D,P5MIN,CONSTRAINTSOLUTION,6,"2019/05/16 06:05:00",0,"2019/05/16 06:15:00",S>>NIL_HUBG-T_WEWT2,323.99969,0,0,"2019/05/16 06:00:26",,"2019/05/15 00:00:00",1,55.49895
D,P5MIN,CONSTRAINTSOLUTION,6,"2019/05/16 06:05:00",0,"2019/05/16 06:15:00",S>>NIL_LKDV_WEWT,294.57117,0,0,"2019/05/16 06:00:26",,"2019/05/15 00:00:00",1,70.55426
D,P5MIN,CONSTRAINTSOLUTION,6,"2019/05/16 06:05:00",0,"2019/05/16 06:15:00",S>>NIL_MKRB_WEMWP4,368.20706,0,0,"2019/05/16 06:00:26",,"2019/05/15 00:00:00",1,-5.84729
D,P5MIN,CONSTRAINTSOLUTION,6,"2019/05/16 06:05:00",0,"2019/05/16 06:15:00",S>>NIL_RBPA_RBTU,1190.86899,0,0,"2019/05/16 06:00:26",,"2019/05/15 00:00:00",1,318.15991
D,P5MIN,CONSTRAINTSOLUTION,6,"2019/05/16 06:05:00",0,"2019/05/16 06:15:00",S>>NIL_RBPA_WEWT,315.3399,0,0,"2019/05/16 06:00:26",,"2019/05/15 00:00:00",1,75.33039
D,P5MIN,CONSTRAINTSOLUTION,6,"2019/05/16 06:05:00",0,"2019/05/16 06:15:00",S>>NIL_RBTU_BRTW,1411.61665,0,0,"2019/05/16 06:00:26",,"2019/05/15 00:00:00",1,268.12585
D,P5MIN,CONSTRAINTSOLUTION,6,"2019/05/16 06:05:00",0,"2019/05/16 06:15:00",S>>NIL_RBTU_RBPA,1280.34881,0,0,"2019/05/16 06:00:26",,"2019/05/15 00:00:00",1,317.12351
D,P5MIN,CONSTRAINTSOLUTION,6,"2019/05/16 06:05:00",0,"2019/05/16 06:15:00",S>>NIL_RBTU_TWPA,1126.97556,0,0,"2019/05/16 06:00:26",,"2019/05/15 00:00:00",1,227.71572
D,P5MIN,CONSTRAINTSOLUTION,6,"2019/05/16 06:05:00",0,"2019/05/16 06:15:00",S>>NIL_RBTU_WEWT,307.30182,0,0,"2019/05/16 06:00:26",,"2019/05/15 00:00:00",1,83.0433
D,P5MIN,CONSTRAINTSOLUTION,6,"2019/05/16 06:05:00",0,"2019/05/16 06:15:00",S>>NIL_RBTU_WTTP,600.13498,0,0,"2019/05/16 06:00:26",,"2019/05/15 00:00:00",1,143.99941
D,P5MIN,CONSTRAINTSOLUTION,6,"2019/05/16 06:05:00",0,"2019/05/16 06:15:00",S>>NIL_RBTX1_WTWE,280.68334,0,0,"2019/05/16 06:00:26",,"2019/05/15 00:00:00",1,-35.51684
D,P5MIN,CONSTRAINTSOLUTION,6,"2019/05/16 06:05:00",0,"2019/05/16 06:15:00",S>>NIL_SETB_SETB_1,906.42807,0,0,"2019/05/16 06:00:26",,"2019/05/15 00:00:00",1,-156.62552
D,P5MIN,CONSTRAINTSOLUTION,6,"2019/05/16 06:05:00",0,"2019/05/16 06:15:00",S>>NIL_TBCG_TBTU_1,890.44234,0,0,"2019/05/16 06:00:26",,"2019/05/15 00:00:00",1,-156.50673
D,P5MIN,CONSTRAINTSOLUTION,6,"2019/05/16 06:05:00",0,"2019/05/16 06:15:00",S>>NIL_TBSE_PWSE_1,10000,0,0,"2019/05/16 06:00:26",,"2019/03/11 00:00:00",1,37.36048
D,P5MIN,CONSTRAINTSOLUTION,6,"2019/05/16 06:05:00",0,"2019/05/16 06:15:00",S>>NIL_TBSE_TBSE_1,757.49307,0,0,"2019/05/16 06:00:26",,"2019/05/15 00:00:00",1,156.62552
D,P5MIN,CONSTRAINTSOLUTION,6,"2019/05/16 06:05:00",0,"2019/05/16 06:15:00",S>>NIL_TBTU_TBCG_1,943.94591,0,0,"2019/05/16 06:00:26",,"2019/05/15 00:00:00",1,-156.50673
D,P5MIN,CONSTRAINTSOLUTION,6,"2019/05/16 06:05:00",0,"2019/05/16 06:15:00",S>>NIL_TBTU_TBMO_1,434.67299,0,0,"2019/05/16 06:00:26",,"2019/05/15 00:00:00",1,-78.67751
D,P5MIN,CONSTRAINTSOLUTION,6,"2019/05/16 06:05:00",0,"2019/05/16 06:15:00",S>>NIL_TUTB_CGTB_1,738.19011,0,0,"2019/05/16 06:00:26",,"2019/05/15 00:00:00",1,156.50673
D,P5MIN,CONSTRAINTSOLUTION,6,"2019/05/16 06:05:00",0,"2019/05/16 06:15:00",S>>NIL_TUTB_PAAC,773.51397,0,0,"2019/05/16 06:00:26",,"2019/05/15 00:00:00",1,90.7663
D,P5MIN,CONSTRAINTSOLUTION,6,"2019/05/16 06:05:00",0,"2019/05/16 06:15:00",S>>NIL_TWPA_BWMP,930.19297,0,0,"2019/05/16 06:00:26",,"2019/05/15 00:00:00",1,178.45708
D,P5MIN,CONSTRAINTSOLUTION,6,"2019/05/16 06:05:00",0,"2019/05/16 06:15:00",S>>NIL_TWPA_TPRS,383.95769,0,0,"2019/05/16 06:00:26",,"2019/05/15 00:00:00",1,106.11628
D,P5MIN,CONSTRAINTSOLUTION,6,"2019/05/16 06:05:00",0,"2019/05/16 06:15:00",S>>NIL_TWPA_WEMW4,303.50514,0,0,"2019/05/16 06:00:26",,"2019/05/15 00:00:00",1,13.49395
D,P5MIN,CONSTRAINTSOLUTION,6,"2019/05/16 06:05:00",0,"2019/05/16 06:15:00",S>>TBTX4_CGTB_TUTB,646.46675,0,0,"2019/05/16 06:00:26",,"2019/03/13 00:00:00",1,156.60261
D,P5MIN,CONSTRAINTSOLUTION,6,"2019/05/16 06:05:00",0,"2019/05/16 06:15:00",S>>TBTX4_TBCG_TBTU,802.21052,0,0,"2019/05/16 06:00:26",,"2019/03/13 00:00:00",1,-156.60261
D,P5MIN,CONSTRAINTSOLUTION,6,"2019/05/16 06:05:00",0,"2019/05/16 06:15:00",S>>TBTX4_TBTU_TBCG,800.26414,0,0,"2019/05/16 06:00:26",,"2019/03/13 00:00:00",1,-156.60261
D,P5MIN,CONSTRAINTSOLUTION,6,"2019/05/16 06:05:00",0,"2019/05/16 06:15:00",S>>TBTX4_TUTB_CGTB,653.20959,0,0,"2019/05/16 06:00:26",,"2019/03/13 00:00:00",1,156.60261
D,P5MIN,CONSTRAINTSOLUTION,6,"2019/05/16 06:05:00",0,"2019/05/16 06:15:00",S>>V_NIL_DVBG_STBG,185.54672,0,0,"2019/05/16 06:00:26",,"2019/05/14 00:00:00",1,-2.62438
D,P5MIN,CONSTRAINTSOLUTION,6,"2019/05/16 06:05:00",0,"2019/05/16 06:15:00",S>>V_NIL_NIL_HUWT,223.17718,0,0,"2019/05/16 06:00:26",,"2019/05/14 00:00:00",1,-2.04086
D,P5MIN,CONSTRAINTSOLUTION,6,"2019/05/16 06:05:00",0,"2019/05/16 06:15:00",S>>V_NIL_NIL_MNWT,302.50181,0,0,"2019/05/16 06:00:26",,"2019/05/14 00:00:00",1,-0.59093
D,P5MIN,CONSTRAINTSOLUTION,6,"2019/05/16 06:05:00",0,"2019/05/16 06:15:00",S>>V_NIL_RBTX_MW4RB,324.7136,0,0,"2019/05/16 06:00:26",,"2019/05/14 00:00:00",1,-19.33692
D,P5MIN,CONSTRAINTSOLUTION,6,"2019/05/16 06:05:00",0,"2019/05/16 06:15:00",S>>V_NIL_WTTP_WEMW4,308.33258,0,0,"2019/05/16 06:00:26",,"2019/05/14 00:00:00",1,16.86993
D,P5MIN,CONSTRAINTSOLUTION,6,"2019/05/16 06:05:00",0,"2019/05/16 06:15:00",S>DVTX_NIL_DVTX,166.60336,0,0,"2019/05/16 06:00:26",,"2019/01/22 00:00:00",1,0
D,P5MIN,CONSTRAINTSOLUTION,6,"2019/05/16 06:05:00",0,"2019/05/16 06:15:00",S>NIL_BRTW_MNWT,323.70495,0,0,"2019/05/16 06:00:26",,"2019/05/14 00:00:00",1,28.85967
D,P5MIN,CONSTRAINTSOLUTION,6,"2019/05/16 06:05:00",0,"2019/05/16 06:15:00",S>NIL_BWMP_CNRB,738.40689,0,0,"2019/05/16 06:00:26",,"2019/05/14 00:00:00",1,242.29787
D,P5MIN,CONSTRAINTSOLUTION,6,"2019/05/16 06:05:00",0,"2019/05/16 06:15:00",S>NIL_BWMP_HUWT,223.05392,0,0,"2019/05/16 06:00:26",,"2019/05/14 00:00:00",1,6.85508
D,P5MIN,CONSTRAINTSOLUTION,6,"2019/05/16 06:05:00",0,"2019/05/16 06:15:00",S>NIL_BWMP_RHBR-T,309.99949,0,0,"2019/05/16 06:00:26",,"2019/05/14 00:00:00",1,56.72095
D,P5MIN,CONSTRAINTSOLUTION,6,"2019/05/16 06:05:00",0,"2019/05/16 06:15:00",S>NIL_DVBG_BRTW,1603.04912,0,0,"2019/05/16 06:00:26",,"2019/05/14 00:00:00",1,276.03874
D,P5MIN,CONSTRAINTSOLUTION,6,"2019/05/16 06:05:00",0,"2019/05/16 06:15:00",S>NIL_DVTX_DVTX,166.0372,0,0,"2019/05/16 06:00:26",,"2019/01/11 00:00:00",1,0
D,P5MIN,CONSTRAINTSOLUTION,6,"2019/05/16 06:05:00",0,"2019/05/16 06:15:00",S>NIL_HUWT_STBG,10000,0,0,"2019/05/16 06:00:26",,"2019/01/11 00:00:00",1,0
D,P5MIN,CONSTRAINTSOLUTION,6,"2019/05/16 06:05:00",0,"2019/05/16 06:15:00",S>NIL_HUWT_STBG2,125.91031,0,0,"2019/05/16 06:00:26",,"2019/01/11 00:00:00",1,0
D,P5MIN,CONSTRAINTSOLUTION,6,"2019/05/16 06:05:00",0,"2019/05/16 06:15:00",S>NIL_LKDV_CNRB,455.07,0,0,"2019/05/16 06:00:26",,"2019/01/11 00:00:00",1,219.715
D,P5MIN,CONSTRAINTSOLUTION,6,"2019/05/16 06:05:00",0,"2019/05/16 06:15:00",S>NIL_MHNW1_MHNW2,10000,0,0,"2019/05/16 06:00:26",,"2019/01/11 00:00:00",1,-14.26414
D,P5MIN,CONSTRAINTSOLUTION,6,"2019/05/16 06:05:00",0,"2019/05/16 06:15:00",S>NIL_NIL_DLAW,116.294,0,0,"2019/05/16 06:00:26",,"2019/01/11 00:00:00",1,0
D,P5MIN,CONSTRAINTSOLUTION,6,"2019/05/16 06:05:00",0,"2019/05/16 06:15:00",S>NIL_NIL_MHNW2,269.38947,0,0,"2019/05/16 06:00:26",,"2019/01/11 00:00:00",1,-14.26414
D,P5MIN,CONSTRAINTSOLUTION,6,"2019/05/16 06:05:00",0,"2019/05/16 06:15:00",S>NIL_NIL_MYSG-T,276.34104,0,0,"2019/05/16 06:00:26",,"2019/03/14 00:00:00",2,3.525
D,P5MIN,CONSTRAINTSOLUTION,6,"2019/05/16 06:05:00",0,"2019/05/16 06:15:00",S>NIL_NIL_NWMH2,225.14027,0,0,"2019/05/16 06:00:26",,"2019/01/11 00:00:00",1,14.26414
D,P5MIN,CONSTRAINTSOLUTION,6,"2019/05/16 06:05:00",0,"2019/05/16 06:15:00",S>NIL_NIL_SETX12,384.03684,0,0,"2019/05/16 06:00:26",,"2019/03/14 00:00:00",2,3.525
D,P5MIN,CONSTRAINTSOLUTION,6,"2019/05/16 06:05:00",0,"2019/05/16 06:15:00",S>NIL_NIL_SGBN,349.14021,0,0,"2019/05/16 06:00:26",,"2019/03/14 00:00:00",2,3.525
D,P5MIN,CONSTRAINTSOLUTION,6,"2019/05/16 06:05:00",0,"2019/05/16 06:15:00",S>NIL_NIL_SGMYSE-T2,405.25723,0,0,"2019/05/16 06:00:26",,"2019/03/14 00:00:00",2,3.525
D,P5MIN,CONSTRAINTSOLUTION,6,"2019/05/16 06:05:00",0,"2019/05/16 06:15:00",S>NIL_NWMH1_NWMH2,10000,0,0,"2019/05/16 06:00:26",,"2019/01/11 00:00:00",1,14.26414
D,P5MIN,CONSTRAINTSOLUTION,6,"2019/05/16 06:05:00",0,"2019/05/16 06:15:00",S>NIL_PL_GENMAX,75.92805,0,0,"2019/05/16 06:00:26",,"2019/01/11 00:00:00",1,0
D,P5MIN,CONSTRAINTSOLUTION,6,"2019/05/16 06:05:00",0,"2019/05/16 06:15:00",S>NIL_PL_GENMAX_YDMD,104.09543,0,0,"2019/05/16 06:00:26",,"2019/01/11 00:00:00",1,0
D,P5MIN,CONSTRAINTSOLUTION,6,"2019/05/16 06:05:00",0,"2019/05/16 06:15:00",S>NIL_RBMWP3_RBNW1,10000,0,0,"2019/05/16 06:00:26",,"2019/01/11 00:00:00",1,14.26414
D,P5MIN,CONSTRAINTSOLUTION,6,"2019/05/16 06:05:00",0,"2019/05/16 06:15:00",S>NIL_RBNW1_RBMWP3,10000,0,0,"2019/05/16 06:00:26",,"2019/01/11 00:00:00",1,14.26414
D,P5MIN,CONSTRAINTSOLUTION,6,"2019/05/16 06:05:00",0,"2019/05/16 06:15:00",S>NIL_SGBN_SGSE-T2,10000,0,0,"2019/05/16 06:00:26",,"2019/03/14 00:00:00",2,3.525
D,P5MIN,CONSTRAINTSOLUTION,6,"2019/05/16 06:05:00",0,"2019/05/16 06:15:00",S>NIL_TINO3_TINO4,307.14399,0,0,"2019/05/16 06:00:26",,"2019/03/14 00:00:00",2,-186
D,P5MIN,CONSTRAINTSOLUTION,6,"2019/05/16 06:05:00",0,"2019/05/16 06:15:00",S>NIL_WEMW4_WTTP,385.44202,0,0,"2019/05/16 06:00:26",,"2019/05/14 00:00:00",1,50.3123
D,P5MIN,CONSTRAINTSOLUTION,6,"2019/05/16 06:05:00",0,"2019/05/16 06:15:00",S>SETXH1_SETXL2,68.64863,0,0,"2019/05/16 06:00:26",,"2019/05/16 00:00:00",4,-15.04475
D,P5MIN,CONSTRAINTSOLUTION,6,"2019/05/16 06:05:00",0,"2019/05/16 06:15:00",S>V_NIL_NIL_RBNW,169.23973,0,0,"2019/05/16 06:00:26",,"2019/01/25 00:00:00",1,14.26414
D,P5MIN,CONSTRAINTSOLUTION,6,"2019/05/16 06:05:00",0,"2019/05/16 06:15:00",S>V_NIL_SEHY,742,0,0,"2019/05/16 06:00:26",,"2016/09/13 00:00:00",1,160
D,P5MIN,CONSTRAINTSOLUTION,6,"2019/05/16 06:05:00",0,"2019/05/16 06:15:00",S>V_NIL_SETX_SETX,10000,0,0,"2019/05/16 06:00:26",,"2019/05/08 00:00:00",2,0
D,P5MIN,CONSTRAINTSOLUTION,6,"2019/05/16 06:05:00",0,"2019/05/16 06:15:00",S>V_NIL_SETX_SETX1,176.67657,0,0,"2019/05/16 06:00:26",,"2019/05/08 00:00:00",2,3.525
D,P5MIN,CONSTRAINTSOLUTION,6,"2019/05/16 06:05:00",0,"2019/05/16 06:15:00",SVML_233,233,0,0,"2019/05/16 06:00:26",,"2014/10/01 00:00:00",1,14.26414
D,P5MIN,CONSTRAINTSOLUTION,6,"2019/05/16 06:05:00",0,"2019/05/16 06:15:00",SVML_ROC_80,98,0,0,"2019/05/16 06:00:26",,"2016/08/23 00:00:00",1,14.26414
D,P5MIN,CONSTRAINTSOLUTION,6,"2019/05/16 06:05:00",0,"2019/05/16 06:15:00",S^NIL_PL_MAX,44.79406,0,0,"2019/05/16 06:00:26",,"2017/07/11 00:00:00",1,0
D,P5MIN,CONSTRAINTSOLUTION,6,"2019/05/16 06:05:00",0,"2019/05/16 06:15:00",S_LB2WF_CONF,198,0,0,"2019/05/16 06:00:26",,"2015/08/07 00:00:00",1,3.525
D,P5MIN,CONSTRAINTSOLUTION,6,"2019/05/16 06:05:00",0,"2019/05/16 06:15:00",S_NIL_STRENGTH_1,10516,0,0,"2019/05/16 06:00:26",,"2018/12/05 00:00:00",1,444.789
D,P5MIN,CONSTRAINTSOLUTION,6,"2019/05/16 06:05:00",0,"2019/05/16 06:15:00",S_NIL_STRENGTH_2,1790.84049,0,0,"2019/05/16 06:00:26",,"2018/11/26 00:00:00",1,284.789
D,P5MIN,CONSTRAINTSOLUTION,6,"2019/05/16 06:05:00",0,"2019/05/16 06:15:00",S_V_NIL_ROCOF,1273.80002,0,0,"2019/05/16 06:00:26",,"2019/01/03 00:00:00",1,160
D,P5MIN,CONSTRAINTSOLUTION,6,"2019/05/16 06:05:00",0,"2019/05/16 06:15:00",T::T_NIL_1,722.55963,0,0,"2019/05/16 06:00:26",,"2014/07/31 00:00:00",1,428.76904
D,P5MIN,CONSTRAINTSOLUTION,6,"2019/05/16 06:05:00",0,"2019/05/16 06:15:00",T::T_NIL_2,10634.10072,0,0,"2019/05/16 06:00:26",,"2014/07/31 00:00:00",1,417.57245
D,P5MIN,CONSTRAINTSOLUTION,6,"2019/05/16 06:05:00",0,"2019/05/16 06:15:00",T::T_NIL_3,746.74705,0,0,"2019/05/16 06:00:26",,"2014/07/31 00:00:00",1,600.86281
D,P5MIN,CONSTRAINTSOLUTION,6,"2019/05/16 06:05:00",0,"2019/05/16 06:15:00",T::T_NIL_4,10883.21841,0,0,"2019/05/16 06:00:26",,"2014/07/31 00:00:00",1,604.5321
D,P5MIN,CONSTRAINTSOLUTION,6,"2019/05/16 06:05:00",0,"2019/05/16 06:15:00",T:T_LIPM_1,-344.29524,0,0,"2019/05/16 06:00:26",,"2013/08/21 00:00:00",1,-402.67973
D,P5MIN,CONSTRAINTSOLUTION,6,"2019/05/16 06:05:00",0,"2019/05/16 06:15:00",T:T_LIPM_2,489.12166,0,0,"2019/05/16 06:00:26",,"2013/08/21 00:00:00",1,263.1025
D,P5MIN,CONSTRAINTSOLUTION,6,"2019/05/16 06:05:00",0,"2019/05/16 06:15:00",T>>T_NIL_BL_EXP_3F,11137.81748,0,0,"2019/05/16 06:00:26",,"2017/07/17 00:00:00",1,593.03058
D,P5MIN,CONSTRAINTSOLUTION,6,"2019/05/16 06:05:00",0,"2019/05/16 06:15:00",T>>T_NIL_BL_EXP_3G,11314.60614,0,0,"2019/05/16 06:00:26",,"2017/07/17 00:00:00",1,471.67315
D,P5MIN,CONSTRAINTSOLUTION,6,"2019/05/16 06:05:00",0,"2019/05/16 06:15:00",T>>T_NIL_BL_EXP_3H,11631.82307,0,0,"2019/05/16 06:00:26",,"2017/07/17 00:00:00",1,672.62226
D,P5MIN,CONSTRAINTSOLUTION,6,"2019/05/16 06:05:00",0,"2019/05/16 06:15:00",T>>T_NIL_BL_EXP_4E,10429.28954,0,0,"2019/05/16 06:00:26",,"2016/07/26 00:00:00",1,258.40688
D,P5MIN,CONSTRAINTSOLUTION,6,"2019/05/16 06:05:00",0,"2019/05/16 06:15:00",T>>T_NIL_BL_EXP_4F,10381.83625,0,0,"2019/05/16 06:00:26",,"2016/06/16 00:00:00",1,250.48058
D,P5MIN,CONSTRAINTSOLUTION,6,"2019/05/16 06:05:00",0,"2019/05/16 06:15:00",T>>T_NIL_BL_EXP_5F,21087.67226,0,0,"2019/05/16 06:00:26",,"2017/07/17 00:00:00",1,623.93224
D,P5MIN,CONSTRAINTSOLUTION,6,"2019/05/16 06:05:00",0,"2019/05/16 06:15:00",T>>T_NIL_BL_EXP_5G,11323.66295,0,0,"2019/05/16 06:00:26",,"2017/07/17 00:00:00",1,541.38469
D,P5MIN,CONSTRAINTSOLUTION,6,"2019/05/16 06:05:00",0,"2019/05/16 06:15:00",T>>T_NIL_BL_EXP_5H,11525.13324,0,0,"2019/05/16 06:00:26",,"2017/07/17 00:00:00",1,705.45586
D,P5MIN,CONSTRAINTSOLUTION,6,"2019/05/16 06:05:00",0,"2019/05/16 06:15:00",T>>T_NIL_BL_EXP_6E,21030.20735,0,0,"2019/05/16 06:00:26",,"2017/07/17 00:00:00",1,766.14696
D,P5MIN,CONSTRAINTSOLUTION,6,"2019/05/16 06:05:00",0,"2019/05/16 06:15:00",T>>T_NIL_BL_EXP_6F,21104.73268,0,0,"2019/05/16 06:00:26",,"2017/07/17 00:00:00",1,653.43158
D,P5MIN,CONSTRAINTSOLUTION,6,"2019/05/16 06:05:00",0,"2019/05/16 06:15:00",T>>T_NIL_BL_EXP_7C,20569.57316,0,0,"2019/05/16 06:00:26",,"2017/07/17 00:00:00",1,524.69473
D,P5MIN,CONSTRAINTSOLUTION,6,"2019/05/16 06:05:00",0,"2019/05/16 06:15:00",T>T_LIPM_110_2A,-323.39396,-17.71,0,"2019/05/16 06:00:26",,"2019/04/24 00:00:00",2,-323.39396
D,P5MIN,CONSTRAINTSOLUTION,6,"2019/05/16 06:05:00",0,"2019/05/16 06:15:00",T>T_LIPM_110_2B,478.86392,0,0,"2019/05/16 06:00:26",,"2019/04/24 00:00:00",2,323.39396
D,P5MIN,CONSTRAINTSOLUTION,6,"2019/05/16 06:05:00",0,"2019/05/16 06:15:00",T>T_LIPM_110_3_1,327.12271,0,0,"2019/05/16 06:00:26",,"2019/04/24 00:00:00",2,141.57957
D,P5MIN,CONSTRAINTSOLUTION,6,"2019/05/16 06:05:00",0,"2019/05/16 06:15:00",T>T_LIPM_110_5,-11.53702,0,0,"2019/05/16 06:00:26",,"2019/04/24 00:00:00",2,-218.14961
D,P5MIN,CONSTRAINTSOLUTION,6,"2019/05/16 06:05:00",0,"2019/05/16 06:15:00",T>T_NIL_110_4,244.79778,0,0,"2019/05/16 06:00:26",,"2019/01/11 00:00:00",1,-25.17708
D,P5MIN,CONSTRAINTSOLUTION,6,"2019/05/16 06:05:00",0,"2019/05/16 06:15:00",T>T_NIL_110_5,363.41087,0,0,"2019/05/16 06:00:26",,"2019/01/11 00:00:00",1,25.17708
D,P5MIN,CONSTRAINTSOLUTION,6,"2019/05/16 06:05:00",0,"2019/05/16 06:15:00",T>T_NIL_BL_110_18_1,316.73733,0,0,"2019/05/16 06:00:26",,"2019/01/11 00:00:00",1,132.30273
D,P5MIN,CONSTRAINTSOLUTION,6,"2019/05/16 06:05:00",0,"2019/05/16 06:15:00",T>T_NIL_BL_110_8,274.2757,0,0,"2019/05/16 06:00:26",,"2019/01/11 00:00:00",1,120.63842
D,P5MIN,CONSTRAINTSOLUTION,6,"2019/05/16 06:05:00",0,"2019/05/16 06:15:00",T>T_NIL_BL_220_6B,957.82174,0,0,"2019/05/16 06:00:26",,"2019/01/11 00:00:00",1,270.50271
D,P5MIN,CONSTRAINTSOLUTION,6,"2019/05/16 06:05:00",0,"2019/05/16 06:15:00",T>T_NIL_BL_3A,1612.29628,0,0,"2019/05/16 06:00:26",,"2019/01/11 00:00:00",1,431.9123
D,P5MIN,CONSTRAINTSOLUTION,6,"2019/05/16 06:05:00",0,"2019/05/16 06:15:00",T>T_NIL_BL_3B,1611.53033,0,0,"2019/05/16 06:00:26",,"2019/01/11 00:00:00",1,431.9123
D,P5MIN,CONSTRAINTSOLUTION,6,"2019/05/16 06:05:00",0,"2019/05/16 06:15:00",T>T_NIL_BL_3C,11184.71704,0,0,"2019/05/16 06:00:26",,"2017/07/17 00:00:00",1,433.55049
D,P5MIN,CONSTRAINTSOLUTION,6,"2019/05/16 06:05:00",0,"2019/05/16 06:15:00",T>T_NIL_BL_3D,11361.91178,0,0,"2019/05/16 06:00:26",,"2017/07/17 00:00:00",1,310.213
D,P5MIN,CONSTRAINTSOLUTION,6,"2019/05/16 06:05:00",0,"2019/05/16 06:15:00",T>T_NIL_BL_3E,11678.94713,0,0,"2019/05/16 06:00:26",,"2017/07/17 00:00:00",1,512.71544
D,P5MIN,CONSTRAINTSOLUTION,6,"2019/05/16 06:05:00",0,"2019/05/16 06:15:00",T>T_NIL_BL_4A,638.84688,0,0,"2019/05/16 06:00:26",,"2019/01/11 00:00:00",1,91.66066
D,P5MIN,CONSTRAINTSOLUTION,6,"2019/05/16 06:05:00",0,"2019/05/16 06:15:00",T>T_NIL_BL_4B,639.11723,0,0,"2019/05/16 06:00:26",,"2019/01/11 00:00:00",1,91.66066
D,P5MIN,CONSTRAINTSOLUTION,6,"2019/05/16 06:05:00",0,"2019/05/16 06:15:00",T>T_NIL_BL_4C,10817.29287,0,0,"2019/05/16 06:00:26",,"2016/07/26 00:00:00",1,149.56476
D,P5MIN,CONSTRAINTSOLUTION,6,"2019/05/16 06:05:00",0,"2019/05/16 06:15:00",T>T_NIL_BL_4D,10967.66143,0,0,"2019/05/16 06:00:26",,"2016/07/26 00:00:00",1,179.81525
D,P5MIN,CONSTRAINTSOLUTION,6,"2019/05/16 06:05:00",0,"2019/05/16 06:15:00",T>T_NIL_BL_5A,1486.85931,0,0,"2019/05/16 06:00:26",,"2019/01/11 00:00:00",1,468.66592
D,P5MIN,CONSTRAINTSOLUTION,6,"2019/05/16 06:05:00",0,"2019/05/16 06:15:00",T>T_NIL_BL_5B,1486.23758,0,0,"2019/05/16 06:00:26",,"2019/01/11 00:00:00",1,468.66592
D,P5MIN,CONSTRAINTSOLUTION,6,"2019/05/16 06:05:00",0,"2019/05/16 06:15:00",T>T_NIL_BL_5C,11132.77546,0,0,"2019/05/16 06:00:26",,"2017/07/17 00:00:00",1,468.65125
D,P5MIN,CONSTRAINTSOLUTION,6,"2019/05/16 06:05:00",0,"2019/05/16 06:15:00",T>T_NIL_BL_5D,11373.66931,0,0,"2019/05/16 06:00:26",,"2017/07/17 00:00:00",1,370.68996
D,P5MIN,CONSTRAINTSOLUTION,6,"2019/05/16 06:05:00",0,"2019/05/16 06:15:00",T>T_NIL_BL_5E,11571.79138,0,0,"2019/05/16 06:00:26",,"2017/07/17 00:00:00",1,547.06822
D,P5MIN,CONSTRAINTSOLUTION,6,"2019/05/16 06:05:00",0,"2019/05/16 06:15:00",T>T_NIL_BL_6A,1450.40501,0,0,"2019/05/16 06:00:26",,"2019/01/11 00:00:00",1,595.44821
D,P5MIN,CONSTRAINTSOLUTION,6,"2019/05/16 06:05:00",0,"2019/05/16 06:15:00",T>T_NIL_BL_6B,1449.72909,0,0,"2019/05/16 06:00:26",,"2019/01/11 00:00:00",1,595.44821
D,P5MIN,CONSTRAINTSOLUTION,6,"2019/05/16 06:05:00",0,"2019/05/16 06:15:00",T>T_NIL_BL_6C,11080.21981,0,0,"2019/05/16 06:00:26",,"2017/07/17 00:00:00",1,313.45223
D,P5MIN,CONSTRAINTSOLUTION,6,"2019/05/16 06:05:00",0,"2019/05/16 06:15:00",T>T_NIL_BL_6D,11155.36267,0,0,"2019/05/16 06:00:26",,"2017/07/17 00:00:00",1,200.73685
D,P5MIN,CONSTRAINTSOLUTION,6,"2019/05/16 06:05:00",0,"2019/05/16 06:15:00",T>T_NIL_BL_IMP_2B,915.71839,0,0,"2019/05/16 06:00:26",,"2019/01/11 00:00:00",1,207.26657
D,P5MIN,CONSTRAINTSOLUTION,6,"2019/05/16 06:05:00",0,"2019/05/16 06:15:00",T>T_NIL_BL_IMP_3F,1207.12764,0,0,"2019/05/16 06:00:26",,"2019/01/11 00:00:00",1,431.9318
D,P5MIN,CONSTRAINTSOLUTION,6,"2019/05/16 06:05:00",0,"2019/05/16 06:15:00",T>T_NIL_BL_IMP_3FF,1206.62552,0,0,"2019/05/16 06:00:26",,"2019/01/11 00:00:00",1,431.9318
D,P5MIN,CONSTRAINTSOLUTION,6,"2019/05/16 06:05:00",0,"2019/05/16 06:15:00",T>T_NIL_BL_IMP_3G,1379.32604,0,0,"2019/05/16 06:00:26",,"2019/01/11 00:00:00",1,308.81312
D,P5MIN,CONSTRAINTSOLUTION,6,"2019/05/16 06:05:00",0,"2019/05/16 06:15:00",T>T_NIL_BL_IMP_3H,1715.82133,0,0,"2019/05/16 06:00:26",,"2019/01/11 00:00:00",1,511.09554
D,P5MIN,CONSTRAINTSOLUTION,6,"2019/05/16 06:05:00",0,"2019/05/16 06:15:00",T>T_NIL_BL_IMP_4E,499.4082,0,0,"2019/05/16 06:00:26",,"2019/01/11 00:00:00",1,91.65638
D,P5MIN,CONSTRAINTSOLUTION,6,"2019/05/16 06:05:00",0,"2019/05/16 06:15:00",T>T_NIL_BL_IMP_4EE,499.61119,0,0,"2019/05/16 06:00:26",,"2019/01/11 00:00:00",1,91.65638
D,P5MIN,CONSTRAINTSOLUTION,6,"2019/05/16 06:05:00",0,"2019/05/16 06:15:00",T>T_NIL_BL_IMP_4F,451.8293,0,0,"2019/05/16 06:00:26",,"2019/01/11 00:00:00",1,84.12331
D,P5MIN,CONSTRAINTSOLUTION,6,"2019/05/16 06:05:00",0,"2019/05/16 06:15:00",T>T_NIL_BL_IMP_5F,1152.72458,0,0,"2019/05/16 06:00:26",,"2019/01/11 00:00:00",1,468.65125
D,P5MIN,CONSTRAINTSOLUTION,6,"2019/05/16 06:05:00",0,"2019/05/16 06:15:00",T>T_NIL_BL_IMP_5FF,1152.32021,0,0,"2019/05/16 06:00:26",,"2019/01/11 00:00:00",1,468.65125
D,P5MIN,CONSTRAINTSOLUTION,6,"2019/05/16 06:05:00",0,"2019/05/16 06:15:00",T>T_NIL_BL_IMP_5G,1383.41435,0,0,"2019/05/16 06:00:26",,"2019/01/11 00:00:00",1,370.68996
D,P5MIN,CONSTRAINTSOLUTION,6,"2019/05/16 06:05:00",0,"2019/05/16 06:15:00",T>T_NIL_BL_IMP_5H,1599.73816,0,0,"2019/05/16 06:00:26",,"2019/01/11 00:00:00",1,547.28996
D,P5MIN,CONSTRAINTSOLUTION,6,"2019/05/16 06:05:00",0,"2019/05/16 06:15:00",T>T_NIL_BL_IMP_6E,1083.33816,0,0,"2019/05/16 06:00:26",,"2019/01/11 00:00:00",1,595.45223
D,P5MIN,CONSTRAINTSOLUTION,6,"2019/05/16 06:05:00",0,"2019/05/16 06:15:00",T>T_NIL_BL_IMP_6EE,1083.33816,0,0,"2019/05/16 06:00:26",,"2019/01/11 00:00:00",1,595.45223
D,P5MIN,CONSTRAINTSOLUTION,6,"2019/05/16 06:05:00",0,"2019/05/16 06:15:00",T>T_NIL_BL_IMP_6F,1169.80434,0,0,"2019/05/16 06:00:26",,"2019/01/11 00:00:00",1,482.73685
D,P5MIN,CONSTRAINTSOLUTION,6,"2019/05/16 06:05:00",0,"2019/05/16 06:15:00",T>T_NIL_BL_IMP_7C,629.63759,0,0,"2019/05/16 06:00:26",,"2019/01/11 00:00:00",1,354
D,P5MIN,CONSTRAINTSOLUTION,6,"2019/05/16 06:05:00",0,"2019/05/16 06:15:00",T>T_NIL_BL_IMP_7CC,629.13772,0,0,"2019/05/16 06:00:26",,"2019/01/11 00:00:00",1,354
D,P5MIN,CONSTRAINTSOLUTION,6,"2019/05/16 06:05:00",0,"2019/05/16 06:15:00",T>T_NIL_BL_IMP_8B,975.13906,0,0,"2019/05/16 06:00:26",,"2019/01/11 00:00:00",1,273.89674
D,P5MIN,CONSTRAINTSOLUTION,6,"2019/05/16 06:05:00",0,"2019/05/16 06:15:00",T>T_NIL_BL_IMP_8C,87.472,0,0,"2019/05/16 06:00:26",,"2019/01/11 00:00:00",1,-273.89674
D,P5MIN,CONSTRAINTSOLUTION,6,"2019/05/16 06:05:00",0,"2019/05/16 06:15:00",T>T_NIL_NCSPS5_3F,11207.81228,0,0,"2019/05/16 06:00:26",,"2019/01/11 00:00:00",1,431.9318
D,P5MIN,CONSTRAINTSOLUTION,6,"2019/05/16 06:05:00",0,"2019/05/16 06:15:00",T>T_NIL_NCSPS5_3FF,11207.81228,0,0,"2019/05/16 06:00:26",,"2019/01/11 00:00:00",1,431.9318
D,P5MIN,CONSTRAINTSOLUTION,6,"2019/05/16 06:05:00",0,"2019/05/16 06:15:00",T>T_NIL_NCSPS5_3G,11380.19805,0,0,"2019/05/16 06:00:26",,"2019/01/11 00:00:00",1,308.81312
D,P5MIN,CONSTRAINTSOLUTION,6,"2019/05/16 06:05:00",0,"2019/05/16 06:15:00",T>T_NIL_NCSPS5_3H,11716.92826,0,0,"2019/05/16 06:00:26",,"2019/01/11 00:00:00",1,511.09554
D,P5MIN,CONSTRAINTSOLUTION,6,"2019/05/16 06:05:00",0,"2019/05/16 06:15:00",T>T_NIL_NCSPS5_7C,10658.9539,0,0,"2019/05/16 06:00:26",,"2019/01/11 00:00:00",1,354
D,P5MIN,CONSTRAINTSOLUTION,6,"2019/05/16 06:05:00",0,"2019/05/16 06:15:00",T>T_NIL_TOV_5F,11405.41176,0,0,"2019/05/16 06:00:26",,"2019/01/11 00:00:00",1,468.65125
D,P5MIN,CONSTRAINTSOLUTION,6,"2019/05/16 06:05:00",0,"2019/05/16 06:15:00",T>T_NIL_TOV_5FF,11405.41176,0,0,"2019/05/16 06:00:26",,"2019/01/11 00:00:00",1,468.65125
D,P5MIN,CONSTRAINTSOLUTION,6,"2019/05/16 06:05:00",0,"2019/05/16 06:15:00",TVBL_ROC,23.70932,0,0,"2019/05/16 06:00:26",,"2014/01/15 00:00:00",1,-170.69473
D,P5MIN,CONSTRAINTSOLUTION,6,"2019/05/16 06:05:00",0,"2019/05/16 06:15:00",T^T_LIPM_1,-139.24196,0,0,"2019/05/16 06:00:26",,"2017/07/05 00:00:00",1,-178.2983
D,P5MIN,CONSTRAINTSOLUTION,6,"2019/05/16 06:05:00",0,"2019/05/16 06:15:00",T^T_NIL_BL_1,1695.54609,0,0,"2019/05/16 06:00:26",,"2017/07/05 00:00:00",1,33.20163
D,P5MIN,CONSTRAINTSOLUTION,6,"2019/05/16 06:05:00",0,"2019/05/16 06:15:00",T^T_NIL_BL_2,12701.01168,0,0,"2019/05/16 06:00:26",,"2017/07/05 00:00:00",1,-138.2963
D,P5MIN,CONSTRAINTSOLUTION,6,"2019/05/16 06:05:00",0,"2019/05/16 06:15:00",T^T_NIL_BL_4,1885.07051,0,0,"2019/05/16 06:00:26",,"2017/07/05 00:00:00",1,-120.962
D,P5MIN,CONSTRAINTSOLUTION,6,"2019/05/16 06:05:00",0,"2019/05/16 06:15:00",T^T_NIL_BL_5,763.03582,0,0,"2019/05/16 06:00:26",,"2017/07/05 00:00:00",1,-103.67634
D,P5MIN,CONSTRAINTSOLUTION,6,"2019/05/16 06:05:00",0,"2019/05/16 06:15:00",T^T_NIL_BL_6,136.98055,0,0,"2019/05/16 06:00:26",,"2017/07/05 00:00:00",1,-124.04969
D,P5MIN,CONSTRAINTSOLUTION,6,"2019/05/16 06:05:00",0,"2019/05/16 06:15:00",T^T_NIL_BL_7,989.89566,0,0,"2019/05/16 06:00:26",,"2017/07/05 00:00:00",1,-97.60263
D,P5MIN,CONSTRAINTSOLUTION,6,"2019/05/16 06:05:00",0,"2019/05/16 06:15:00",T^V_LIPM_BL_6,591.42173,0,0,"2019/05/16 06:00:26",,"2013/08/21 00:00:00",1,-170.69473
D,P5MIN,CONSTRAINTSOLUTION,6,"2019/05/16 06:05:00",0,"2019/05/16 06:15:00",T^V_NIL_10,10688.86472,0,0,"2019/05/16 06:00:26",,"2017/10/10 00:00:00",1,-170.69473
D,P5MIN,CONSTRAINTSOLUTION,6,"2019/05/16 06:05:00",0,"2019/05/16 06:15:00",T^V_NIL_11,10510.75797,0,0,"2019/05/16 06:00:26",,"2019/01/25 00:00:00",1,-157.37901
D,P5MIN,CONSTRAINTSOLUTION,6,"2019/05/16 06:05:00",0,"2019/05/16 06:15:00",T^V_NIL_8,10318.33891,0,0,"2019/05/16 06:00:26",,"2018/05/31 00:00:00",1,-189.67559
D,P5MIN,CONSTRAINTSOLUTION,6,"2019/05/16 06:05:00",0,"2019/05/16 06:15:00",T^V_NIL_9,594,0,0,"2019/05/16 06:00:26",,"2015/09/29 00:00:00",1,-170.69473
D,P5MIN,CONSTRAINTSOLUTION,6,"2019/05/16 06:05:00",0,"2019/05/16 06:15:00",T^V_NIL_BL_6,604.96299,0,0,"2019/05/16 06:00:26",,"2013/08/21 00:00:00",1,-170.69473
D,P5MIN,CONSTRAINTSOLUTION,6,"2019/05/16 06:05:00",0,"2019/05/16 06:15:00",T_LIPM1_SLOAD_1_N-2,473.73865,0,0,"2019/05/16 06:00:26",,"2019/05/10 00:00:00",1,323.39396
D,P5MIN,CONSTRAINTSOLUTION,6,"2019/05/16 06:05:00",0,"2019/05/16 06:15:00",T_ROCOF_1,703.14508,0,0,"2019/05/16 06:00:26",,"2014/07/31 00:00:00",1,221.59727
D,P5MIN,CONSTRAINTSOLUTION,6,"2019/05/16 06:05:00",0,"2019/05/16 06:15:00",T_ROCOF_2,10744.62222,0,0,"2019/05/16 06:00:26",,"2014/07/31 00:00:00",1,184.61189
D,P5MIN,CONSTRAINTSOLUTION,6,"2019/05/16 06:05:00",0,"2019/05/16 06:15:00",T_ROCOF_3,11279.64898,0,0,"2019/05/16 06:00:26",,"2014/01/09 00:00:00",1,192.99073
D,P5MIN,CONSTRAINTSOLUTION,6,"2019/05/16 06:05:00",0,"2019/05/16 06:15:00",T_V_NIL_BL1,-50,0,0,"2019/05/16 06:00:26",,"2008/05/26 00:00:00",1,-170.69473
D,P5MIN,CONSTRAINTSOLUTION,6,"2019/05/16 06:05:00",0,"2019/05/16 06:15:00",T_V_NIL_FCSPS,371.75995,0,0,"2019/05/16 06:00:26",,"2013/08/21 00:00:00",1,-170.69473
D,P5MIN,CONSTRAINTSOLUTION,6,"2019/05/16 06:05:00",0,"2019/05/16 06:15:00",V::N_NIL_Q1,20314.87995,0,0,"2019/05/16 06:00:26",,"2019/05/01 00:00:00",1,-1133.42003
D,P5MIN,CONSTRAINTSOLUTION,6,"2019/05/16 06:05:00",0,"2019/05/16 06:15:00",V::N_NIL_Q2,10314.87995,0,0,"2019/05/16 06:00:26",,"2019/05/01 00:00:00",1,-971.27403
D,P5MIN,CONSTRAINTSOLUTION,6,"2019/05/16 06:05:00",0,"2019/05/16 06:15:00",V::N_NIL_S,893.14029,0,0,"2019/05/16 06:00:26",,"2019/05/01 00:00:00",1,-437.9349
D,P5MIN,CONSTRAINTSOLUTION,6,"2019/05/16 06:05:00",0,"2019/05/16 06:15:00",V::N_NIL_SD,10811.93043,0,0,"2019/05/16 06:00:26",,"2019/05/01 00:00:00",1,-372.45934
D,P5MIN,CONSTRAINTSOLUTION,6,"2019/05/16 06:05:00",0,"2019/05/16 06:15:00",V::N_NIL_V,809.21537,0,0,"2019/05/16 06:00:26",,"2019/05/01 00:00:00",1,-448.73626
D,P5MIN,CONSTRAINTSOLUTION,6,"2019/05/16 06:05:00",0,"2019/05/16 06:15:00",V::S_NIL_MAXG_1,669.69334,0,0,"2019/05/16 06:00:26",,"2019/02/05 00:00:00",1,-157.35625
D,P5MIN,CONSTRAINTSOLUTION,6,"2019/05/16 06:05:00",0,"2019/05/16 06:15:00",V::S_NIL_MAXG_2,10000,0,0,"2019/05/16 06:00:26",,"2019/02/05 00:00:00",1,-157.1095
D,P5MIN,CONSTRAINTSOLUTION,6,"2019/05/16 06:05:00",0,"2019/05/16 06:15:00",V::S_NIL_MAXG_3,10000,0,0,"2019/05/16 06:00:26",,"2019/02/05 00:00:00",1,-157.6735
D,P5MIN,CONSTRAINTSOLUTION,6,"2019/05/16 06:05:00",0,"2019/05/16 06:15:00",V::S_NIL_MAXG_SECP_1,10000,0,0,"2019/05/16 06:00:26",,"2019/02/11 00:00:00",1,-156.757
D,P5MIN,CONSTRAINTSOLUTION,6,"2019/05/16 06:05:00",0,"2019/05/16 06:15:00",V::S_NIL_MAXG_SECP_2,10000,0,0,"2019/05/16 06:00:26",,"2019/02/11 00:00:00",1,-157.1095
D,P5MIN,CONSTRAINTSOLUTION,6,"2019/05/16 06:05:00",0,"2019/05/16 06:15:00",V::S_NIL_SETB_SECP_1,10000,0,0,"2019/05/16 06:00:26",,"2019/02/11 00:00:00",1,-156.43975
D,P5MIN,CONSTRAINTSOLUTION,6,"2019/05/16 06:05:00",0,"2019/05/16 06:15:00",V::S_NIL_SETB_SECP_2,10000,0,0,"2019/05/16 06:00:26",,"2019/02/11 00:00:00",1,-156.5455
D,P5MIN,CONSTRAINTSOLUTION,6,"2019/05/16 06:05:00",0,"2019/05/16 06:15:00",V::S_NIL_TBSE_1,776.51438,0,0,"2019/05/16 06:00:26",,"2019/02/04 00:00:00",1,-156.43975
D,P5MIN,CONSTRAINTSOLUTION,6,"2019/05/16 06:05:00",0,"2019/05/16 06:15:00",V::S_NIL_TBSE_2,10000,0,0,"2019/05/16 06:00:26",,"2019/02/04 00:00:00",1,-156.5455
D,P5MIN,CONSTRAINTSOLUTION,6,"2019/05/16 06:05:00",0,"2019/05/16 06:15:00",V::S_TBTX_MAXG,663.55121,0,0,"2019/05/16 06:00:26",,"2019/02/21 00:00:00",1,-157.28575
D,P5MIN,CONSTRAINTSOLUTION,6,"2019/05/16 06:05:00",0,"2019/05/16 06:15:00",V::S_TBTX_MAXG_2-DS,10000,0,0,"2019/05/16 06:00:26",,"2019/02/21 00:00:00",1,-156.2635
D,P5MIN,CONSTRAINTSOLUTION,6,"2019/05/16 06:05:00",0,"2019/05/16 06:15:00",V::S_TBTX_SETB,769.93653,0,0,"2019/05/16 06:00:26",,"2019/02/21 00:00:00",1,-155.77
D,P5MIN,CONSTRAINTSOLUTION,6,"2019/05/16 06:05:00",0,"2019/05/16 06:15:00",V::S_TBTX_SETB_2-DS,10000,0,0,"2019/05/16 06:00:26",,"2019/02/21 00:00:00",1,-156.2635
D,P5MIN,CONSTRAINTSOLUTION,6,"2019/05/16 06:05:00",0,"2019/05/16 06:15:00",V::V_1900,1968.10001,0,0,"2019/05/16 06:00:26",,"2018/08/24 00:00:00",1,455.81104
D,P5MIN,CONSTRAINTSOLUTION,6,"2019/05/16 06:05:00",0,"2019/05/16 06:15:00",V:SS_680_OSC_AUTO,10000,0,0,"2019/05/16 06:00:26",,"2016/06/30 00:00:00",1,-174.26414
D,P5MIN,CONSTRAINTSOLUTION,6,"2019/05/16 06:05:00",0,"2019/05/16 06:15:00",V:SS_790_1,10000,0,0,"2019/05/16 06:00:26",,"2016/08/16 00:00:00",1,-174.26414
D,P5MIN,CONSTRAINTSOLUTION,6,"2019/05/16 06:05:00",0,"2019/05/16 06:15:00",V:SS_790_OSC_AUTO,10790,0,0,"2019/05/16 06:00:26",,"2016/06/30 00:00:00",1,-174.26414
D,P5MIN,CONSTRAINTSOLUTION,6,"2019/05/16 06:05:00",0,"2019/05/16 06:15:00",V:SS_820_HY_TEST,820,0,0,"2019/05/16 06:00:26",,"2018/08/07 00:00:00",1,-174.26414
D,P5MIN,CONSTRAINTSOLUTION,6,"2019/05/16 06:05:00",0,"2019/05/16 06:15:00",V:SS_820_HY_TEST_DYN,820,0,0,"2019/05/16 06:00:26",,"2016/11/21 00:00:00",1,-174.26414
D,P5MIN,CONSTRAINTSOLUTION,6,"2019/05/16 06:05:00",0,"2019/05/16 06:15:00",V:SS_870_HY_TEST,870,0,0,"2019/05/16 06:00:26",,"2018/08/07 00:00:00",1,-174.26414
D,P5MIN,CONSTRAINTSOLUTION,6,"2019/05/16 06:05:00",0,"2019/05/16 06:15:00",V:SS_870_HY_TEST_DYN,870,0,0,"2019/05/16 06:00:26",,"2016/11/21 00:00:00",1,-174.26414
D,P5MIN,CONSTRAINTSOLUTION,6,"2019/05/16 06:05:00",0,"2019/05/16 06:15:00",V:SS_920,920,0,0,"2019/05/16 06:00:26",,"2018/08/07 00:00:00",1,-174.26414
D,P5MIN,CONSTRAINTSOLUTION,6,"2019/05/16 06:05:00",0,"2019/05/16 06:15:00",V:S_460_OSC_AUTO,10000,0,0,"2019/05/16 06:00:26",,"2016/06/30 00:00:00",1,-160
D,P5MIN,CONSTRAINTSOLUTION,6,"2019/05/16 06:05:00",0,"2019/05/16 06:15:00",V:S_570_1,10000,0,0,"2019/05/16 06:00:26",,"2016/08/16 00:00:00",1,-160
D,P5MIN,CONSTRAINTSOLUTION,6,"2019/05/16 06:05:00",0,"2019/05/16 06:15:00",V:S_570_OSC_AUTO,10570,0,0,"2019/05/16 06:00:26",,"2016/06/30 00:00:00",1,-160
D,P5MIN,CONSTRAINTSOLUTION,6,"2019/05/16 06:05:00",0,"2019/05/16 06:15:00",V:S_600_HY_TEST,600,0,0,"2019/05/16 06:00:26",,"2018/08/07 00:00:00",1,-160
D,P5MIN,CONSTRAINTSOLUTION,6,"2019/05/16 06:05:00",0,"2019/05/16 06:15:00",V:S_600_HY_TEST_DYN,600,0,0,"2019/05/16 06:00:26",,"2016/11/21 00:00:00",1,-160
D,P5MIN,CONSTRAINTSOLUTION,6,"2019/05/16 06:05:00",0,"2019/05/16 06:15:00",V:S_650_HY_TEST,650,0,0,"2019/05/16 06:00:26",,"2018/08/07 00:00:00",1,-160
D,P5MIN,CONSTRAINTSOLUTION,6,"2019/05/16 06:05:00",0,"2019/05/16 06:15:00",V:S_650_HY_TEST_DYN,650,0,0,"2019/05/16 06:00:26",,"2016/11/21 00:00:00",1,-160
D,P5MIN,CONSTRAINTSOLUTION,6,"2019/05/16 06:05:00",0,"2019/05/16 06:15:00",V:S_700,700,0,0,"2019/05/16 06:00:26",,"2018/08/07 00:00:00",1,-160
D,P5MIN,CONSTRAINTSOLUTION,6,"2019/05/16 06:05:00",0,"2019/05/16 06:15:00",V:T_NIL_BL_1,889.41518,0,0,"2019/05/16 06:00:26",,"2013/08/21 00:00:00",1,170.69473
D,P5MIN,CONSTRAINTSOLUTION,6,"2019/05/16 06:05:00",0,"2019/05/16 06:15:00",V>>N-NIL_HA,1551.44833,0,0,"2019/05/16 06:00:26",,"2019/05/06 00:00:00",1,-281.09346
D,P5MIN,CONSTRAINTSOLUTION,6,"2019/05/16 06:05:00",0,"2019/05/16 06:15:00",V>>N-NIL_HB,1609.43776,0,0,"2019/05/16 06:00:26",,"2019/05/06 00:00:00",1,-255.31454
D,P5MIN,CONSTRAINTSOLUTION,6,"2019/05/16 06:05:00",0,"2019/05/16 06:15:00",V>>N-NIL_HG,1638.2338,0,0,"2019/05/16 06:00:26",,"2019/05/06 00:00:00",1,-345.88835
D,P5MIN,CONSTRAINTSOLUTION,6,"2019/05/16 06:05:00",0,"2019/05/16 06:15:00",V>>N-NIL_HH,2168.23476,0,0,"2019/05/16 06:00:26",,"2019/05/06 00:00:00",1,-157.41282
D,P5MIN,CONSTRAINTSOLUTION,6,"2019/05/16 06:05:00",0,"2019/05/16 06:15:00",V>>SML_NIL_5,729.81371,0,0,"2019/05/16 06:00:26",,"2019/05/06 00:00:00",1,-115.32627
D,P5MIN,CONSTRAINTSOLUTION,6,"2019/05/16 06:05:00",0,"2019/05/16 06:15:00",V>>SML_NIL_6,729.2964,0,0,"2019/05/16 06:00:26",,"2019/05/06 00:00:00",1,48.46804
D,P5MIN,CONSTRAINTSOLUTION,6,"2019/05/16 06:05:00",0,"2019/05/16 06:15:00",V>>SML_NIL_7A,10146.2483,0,0,"2019/05/16 06:00:26",,"2019/04/23 00:00:00",1,-39.75891
D,P5MIN,CONSTRAINTSOLUTION,6,"2019/05/16 06:05:00",0,"2019/05/16 06:15:00",V>>SML_NIL_7B,10179.90279,0,0,"2019/05/16 06:00:26",,"2019/05/06 00:00:00",1,-41.17981
D,P5MIN,CONSTRAINTSOLUTION,6,"2019/05/16 06:05:00",0,"2019/05/16 06:15:00",V>>SML_NIL_7C,10186.21103,0,0,"2019/05/16 06:00:26",,"2019/04/23 00:00:00",1,-40.99819
D,P5MIN,CONSTRAINTSOLUTION,6,"2019/05/16 06:05:00",0,"2019/05/16 06:15:00",V>>SML_NIL_8,399.71089,0,0,"2019/05/16 06:00:26",,"2019/05/06 00:00:00",1,-57.14809
D,P5MIN,CONSTRAINTSOLUTION,6,"2019/05/16 06:05:00",0,"2019/05/16 06:15:00",V>>SML_NIL_8_5M,399.71089,0,0,"2019/05/16 06:00:26",,"2019/05/06 00:00:00",1,-57.14809
D,P5MIN,CONSTRAINTSOLUTION,6,"2019/05/16 06:05:00",0,"2019/05/16 06:15:00",V>>SML_NSWRB_11,603.62819,0,0,"2019/05/16 06:00:26",,"2019/05/06 00:00:00",1,-124.0761
D,P5MIN,CONSTRAINTSOLUTION,6,"2019/05/16 06:05:00",0,"2019/05/16 06:15:00",V>>S_NIL_DVBG_DVBR,1260.31331,0,0,"2019/05/16 06:00:26",,"2019/05/14 00:00:00",1,213.97214
D,P5MIN,CONSTRAINTSOLUTION,6,"2019/05/16 06:05:00",0,"2019/05/16 06:15:00",V>>V_NIL1A_R,1298.86343,0,0,"2019/05/16 06:00:26",,"2019/05/06 00:00:00",1,-407.32837
D,P5MIN,CONSTRAINTSOLUTION,6,"2019/05/16 06:05:00",0,"2019/05/16 06:15:00",V>>V_NIL_1A,1988.20399,0,0,"2019/05/16 06:00:26",,"2019/05/06 00:00:00",1,372.14001
D,P5MIN,CONSTRAINTSOLUTION,6,"2019/05/16 06:05:00",0,"2019/05/16 06:15:00",V>>V_NIL_1B,1992.22581,0,0,"2019/05/16 06:00:26",,"2019/05/06 00:00:00",1,372.14001
D,P5MIN,CONSTRAINTSOLUTION,6,"2019/05/16 06:05:00",0,"2019/05/16 06:15:00",V>>V_NIL_2A_R,4874.91347,0,0,"2019/05/16 06:00:26",,"2019/05/06 00:00:00",1,2523.62022
D,P5MIN,CONSTRAINTSOLUTION,6,"2019/05/16 06:05:00",0,"2019/05/16 06:15:00",V>>V_NIL_2B_R,14874.91347,0,0,"2019/05/16 06:00:26",,"2019/05/06 00:00:00",1,2343.84222
D,P5MIN,CONSTRAINTSOLUTION,6,"2019/05/16 06:05:00",0,"2019/05/16 06:15:00",V>>V_NIL_3,2205.31824,0,0,"2019/05/16 06:00:26",,"2019/05/06 00:00:00",1,407.30538
D,P5MIN,CONSTRAINTSOLUTION,6,"2019/05/16 06:05:00",0,"2019/05/16 06:15:00",V>>V_NIL_4A,1310.66724,0,0,"2019/05/16 06:00:26",,"2019/05/06 00:00:00",1,107.53327
D,P5MIN,CONSTRAINTSOLUTION,6,"2019/05/16 06:05:00",0,"2019/05/16 06:15:00",V>>V_NIL_4B,1219.70603,0,0,"2019/05/16 06:00:26",,"2019/05/06 00:00:00",1,107.49777
D,P5MIN,CONSTRAINTSOLUTION,6,"2019/05/16 06:05:00",0,"2019/05/16 06:15:00",V>>V_NIL_4C,842.4925,0,0,"2019/05/16 06:00:26",,"2019/05/06 00:00:00",1,107.57908
D,P5MIN,CONSTRAINTSOLUTION,6,"2019/05/16 06:05:00",0,"2019/05/16 06:15:00",V>>V_NIL_5,894.46406,0,0,"2019/05/16 06:00:26",,"2019/05/06 00:00:00",1,-97.08917
D,P5MIN,CONSTRAINTSOLUTION,6,"2019/05/16 06:05:00",0,"2019/05/16 06:15:00",V>>V_NIL_6,428.27433,0,0,"2019/05/16 06:00:26",,"2019/05/06 00:00:00",1,-57.23531
D,P5MIN,CONSTRAINTSOLUTION,6,"2019/05/16 06:05:00",0,"2019/05/16 06:15:00",V>>V_NIL_6A_R,6323.31443,0,0,"2019/05/16 06:00:26",,"2019/05/06 00:00:00",1,3312.65056
D,P5MIN,CONSTRAINTSOLUTION,6,"2019/05/16 06:05:00",0,"2019/05/16 06:15:00",V>>V_NIL_6B_R,16323.31443,0,0,"2019/05/16 06:00:26",,"2019/05/06 00:00:00",1,3016.40256
D,P5MIN,CONSTRAINTSOLUTION,6,"2019/05/16 06:05:00",0,"2019/05/16 06:15:00",V>SML_NSWRB_10,502.78733,0,0,"2019/05/16 06:00:26",,"2019/05/06 00:00:00",1,-111.41914
D,P5MIN,CONSTRAINTSOLUTION,6,"2019/05/16 06:05:00",0,"2019/05/16 06:15:00",V>SML_NSWRB_9,349.8491,0,0,"2019/05/16 06:00:26",,"2019/05/06 00:00:00",1,-84.3077
D,P5MIN,CONSTRAINTSOLUTION,6,"2019/05/16 06:05:00",0,"2019/05/16 06:15:00",V>S_NIL_HYSE,742,0,0,"2019/05/16 06:00:26",,"2015/07/02 00:00:00",1,-160
D,P5MIN,CONSTRAINTSOLUTION,6,"2019/05/16 06:05:00",0,"2019/05/16 06:15:00",V>S_NIL_SETX_SETX,126.54348,0,0,"2019/05/16 06:00:26",,"2019/03/14 00:00:00",2,-3.525
D,P5MIN,CONSTRAINTSOLUTION,6,"2019/05/16 06:05:00",0,"2019/05/16 06:15:00",V>V_NIL_13,467.02345,0,0,"2019/05/16 06:00:26",,"2019/01/11 00:00:00",1,0.13213
D,P5MIN,CONSTRAINTSOLUTION,6,"2019/05/16 06:05:00",0,"2019/05/16 06:15:00",V>V_NIL_14,312.17201,0,0,"2019/05/16 06:00:26",,"2019/01/11 00:00:00",1,0.13213
D,P5MIN,CONSTRAINTSOLUTION,6,"2019/05/16 06:05:00",0,"2019/05/16 06:15:00",V>V_NIL_16,10279.86001,0,0,"2019/05/16 06:00:26",,"2019/01/11 00:00:00",1,0.13213
D,P5MIN,CONSTRAINTSOLUTION,6,"2019/05/16 06:05:00",0,"2019/05/16 06:15:00",V>V_NIL_17,10138.13,0,0,"2019/05/16 06:00:26",,"2019/02/28 00:00:00",1,0
D,P5MIN,CONSTRAINTSOLUTION,6,"2019/05/16 06:05:00",0,"2019/05/16 06:15:00",V>V_NIL_6,648.0762,0,0,"2019/05/16 06:00:26",,"2019/04/23 00:00:00",1,4.32274
D,P5MIN,CONSTRAINTSOLUTION,6,"2019/05/16 06:05:00",0,"2019/05/16 06:15:00",V>V_NIL_7,1018.49978,0,0,"2019/05/16 06:00:26",,"2019/01/29 00:00:00",1,0
D,P5MIN,CONSTRAINTSOLUTION,6,"2019/05/16 06:05:00",0,"2019/05/16 06:15:00",V>V_NIL_9,580.02963,0,0,"2019/05/16 06:00:26",,"2019/03/05 00:00:00",1,4.108
D,P5MIN,CONSTRAINTSOLUTION,6,"2019/05/16 06:05:00",0,"2019/05/16 06:15:00",V>V_NIL_RADIAL_10,12370.2316,0,0,"2019/05/16 06:00:26",,"2019/05/06 00:00:00",1,1456
D,P5MIN,CONSTRAINTSOLUTION,6,"2019/05/16 06:05:00",0,"2019/05/16 06:15:00",V>V_NIL_RADIAL_11,2161.78461,0,0,"2019/05/16 06:00:26",,"2019/01/11 00:00:00",1,1076
D,P5MIN,CONSTRAINTSOLUTION,6,"2019/05/16 06:05:00",0,"2019/05/16 06:15:00",VSML_220,220,0,0,"2019/05/16 06:00:26",,"2012/07/04 00:00:00",1,-14.26414
D,P5MIN,CONSTRAINTSOLUTION,6,"2019/05/16 06:05:00",0,"2019/05/16 06:15:00",VSML_ROC_80,62,0,0,"2019/05/16 06:00:26",,"2016/08/23 00:00:00",1,-14.26414
D,P5MIN,CONSTRAINTSOLUTION,6,"2019/05/16 06:05:00",0,"2019/05/16 06:15:00",VSML_VFRB_OFF,240,0,0,"2019/05/16 06:00:26",,"2013/08/21 00:00:00",1,-14.26414
D,P5MIN,CONSTRAINTSOLUTION,6,"2019/05/16 06:05:00",0,"2019/05/16 06:15:00",VTBL_ROC,376.29068,0,0,"2019/05/16 06:00:26",,"2014/01/15 00:00:00",1,170.69473
D,P5MIN,CONSTRAINTSOLUTION,6,"2019/05/16 06:05:00",0,"2019/05/16 06:15:00",V^SML_NIL_3,191.56903,0,0,"2019/05/16 06:00:26",,"2017/04/18 00:00:00",1,-14.26414
D,P5MIN,CONSTRAINTSOLUTION,6,"2019/05/16 06:05:00",0,"2019/05/16 06:15:00",V^SML_NSWRB_2,242.22497,0,0,"2019/05/16 06:00:26",,"2018/08/06 00:00:00",1,-14.26414
D,P5MIN,CONSTRAINTSOLUTION,6,"2019/05/16 06:05:00",0,"2019/05/16 06:15:00",V^S_HYCP,684.04844,0,0,"2019/05/16 06:00:26",,"2016/07/25 00:00:00",1,-160
D,P5MIN,CONSTRAINTSOLUTION,6,"2019/05/16 06:05:00",0,"2019/05/16 06:15:00",V^^N_NIL_1,573.13324,0,0,"2019/05/16 06:00:26",,"2019/05/15 00:00:00",1,-192.11154
D,P5MIN,CONSTRAINTSOLUTION,6,"2019/05/16 06:05:00",0,"2019/05/16 06:15:00",V^^S_NIL_MAXG_1,640.29511,0,0,"2019/05/16 06:00:26",,"2019/02/05 00:00:00",1,-157.21525
D,P5MIN,CONSTRAINTSOLUTION,6,"2019/05/16 06:05:00",0,"2019/05/16 06:15:00",V^^S_NIL_MAXG_2,10000,0,0,"2019/05/16 06:00:26",,"2019/02/05 00:00:00",1,-156.72175
D,P5MIN,CONSTRAINTSOLUTION,6,"2019/05/16 06:05:00",0,"2019/05/16 06:15:00",V^^S_NIL_MAXG_3,10000,0,0,"2019/05/16 06:00:26",,"2019/02/05 00:00:00",1,-157.00375
D,P5MIN,CONSTRAINTSOLUTION,6,"2019/05/16 06:05:00",0,"2019/05/16 06:15:00",V^^S_NIL_MAXG_SECP_1,10000,0,0,"2019/05/16 06:00:26",,"2019/02/11 00:00:00",1,-157.35625
D,P5MIN,CONSTRAINTSOLUTION,6,"2019/05/16 06:05:00",0,"2019/05/16 06:15:00",V^^S_NIL_MAXG_SECP_2,10000,0,0,"2019/05/16 06:00:26",,"2019/02/11 00:00:00",1,-156.72175
D,P5MIN,CONSTRAINTSOLUTION,6,"2019/05/16 06:05:00",0,"2019/05/16 06:15:00",V^^S_NIL_SETB_SECP_1,10000,0,0,"2019/05/16 06:00:26",,"2019/02/11 00:00:00",1,-156.757
D,P5MIN,CONSTRAINTSOLUTION,6,"2019/05/16 06:05:00",0,"2019/05/16 06:15:00",V^^S_NIL_SETB_SECP_2,10000,0,0,"2019/05/16 06:00:26",,"2019/02/11 00:00:00",1,-156.58075
D,P5MIN,CONSTRAINTSOLUTION,6,"2019/05/16 06:05:00",0,"2019/05/16 06:15:00",V^^S_NIL_TBSE_1,789.40572,0,0,"2019/05/16 06:00:26",,"2019/02/04 00:00:00",1,-156.757
D,P5MIN,CONSTRAINTSOLUTION,6,"2019/05/16 06:05:00",0,"2019/05/16 06:15:00",V^^S_NIL_TBSE_2,10000,0,0,"2019/05/16 06:00:26",,"2019/02/04 00:00:00",1,-156.58075
D,P5MIN,CONSTRAINTSOLUTION,6,"2019/05/16 06:05:00",0,"2019/05/16 06:15:00",V^^S_TBTX_MAXG,633.92218,0,0,"2019/05/16 06:00:26",,"2019/02/21 00:00:00",1,-157.07425
D,P5MIN,CONSTRAINTSOLUTION,6,"2019/05/16 06:05:00",0,"2019/05/16 06:15:00",V^^S_TBTX_MAXG_2-DS,10000,0,0,"2019/05/16 06:00:26",,"2019/02/21 00:00:00",1,-156.334
D,P5MIN,CONSTRAINTSOLUTION,6,"2019/05/16 06:05:00",0,"2019/05/16 06:15:00",V^^S_TBTX_SETB,799.40097,0,0,"2019/05/16 06:00:26",,"2019/02/21 00:00:00",1,-156.51025
D,P5MIN,CONSTRAINTSOLUTION,6,"2019/05/16 06:05:00",0,"2019/05/16 06:15:00",V^^S_TBTX_SETB_2-DS,10000,0,0,"2019/05/16 06:00:26",,"2019/02/21 00:00:00",1,-156.29875
D,P5MIN,CONSTRAINTSOLUTION,6,"2019/05/16 06:05:00",0,"2019/05/16 06:15:00",V_GANWR_SF_BAT_50,50.001,0,0,"2019/05/16 06:00:26",,"2019/01/24 00:00:00",1,0
D,P5MIN,CONSTRAINTSOLUTION,6,"2019/05/16 06:05:00",0,"2019/05/16 06:15:00",V_S_NIL_ROCOF,1273.80002,0,0,"2019/05/16 06:00:26",,"2019/01/03 00:00:00",1,-160
D,P5MIN,CONSTRAINTSOLUTION,6,"2019/05/16 06:05:00",0,"2019/05/16 06:15:00",V_T_NIL_BL1,478,0,0,"2019/05/16 06:00:26",,"2014/11/11 00:00:00",1,170.69473
D,P5MIN,CONSTRAINTSOLUTION,6,"2019/05/16 06:05:00",0,"2019/05/16 06:15:00",V_T_NIL_FCSPS,443.3606,0,0,"2019/05/16 06:00:26",,"2016/12/20 00:00:00",1,170.69473
D,P5MIN,CONSTRAINTSOLUTION,6,"2019/05/16 06:05:00",0,"2019/05/16 06:20:00",DATASNAP,10075.237,0,0,"2019/05/16 06:00:26",,"2018/04/13 00:00:00",1,-57
D,P5MIN,CONSTRAINTSOLUTION,6,"2019/05/16 06:05:00",0,"2019/05/16 06:20:00",DATASNAP_DFS_LS,10040.54472,0,0,"2019/05/16 06:00:26",,"2018/04/13 00:00:00",1,-57
D,P5MIN,CONSTRAINTSOLUTION,6,"2019/05/16 06:05:00",0,"2019/05/16 06:20:00",DATASNAP_DFS_NCAN,10422.86758,0,0,"2019/05/16 06:00:26",,"2013/08/21 00:00:00",1,-57
D,P5MIN,CONSTRAINTSOLUTION,6,"2019/05/16 06:05:00",0,"2019/05/16 06:20:00",DATASNAP_DFS_NCWEST,10491.93262,0,0,"2019/05/16 06:00:26",,"2013/08/21 00:00:00",1,-57
D,P5MIN,CONSTRAINTSOLUTION,6,"2019/05/16 06:05:00",0,"2019/05/16 06:20:00",DATASNAP_DFS_NNTH,10429.49515,0,0,"2019/05/16 06:00:26",,"2013/08/21 00:00:00",1,-57
D,P5MIN,CONSTRAINTSOLUTION,6,"2019/05/16 06:05:00",0,"2019/05/16 06:20:00",DATASNAP_DFS_NSYD,13053.99756,0,0,"2019/05/16 06:00:26",,"2013/08/21 00:00:00",1,-57
D,P5MIN,CONSTRAINTSOLUTION,6,"2019/05/16 06:05:00",0,"2019/05/16 06:20:00",DATASNAP_DFS_NTE,10016.5,0,0,"2019/05/16 06:00:26",,"2018/04/13 00:00:00",1,-57
D,P5MIN,CONSTRAINTSOLUTION,6,"2019/05/16 06:05:00",0,"2019/05/16 06:20:00",DATASNAP_DFS_QCEN,10719.8429,0,0,"2019/05/16 06:00:26",,"2013/08/21 00:00:00",1,-57
D,P5MIN,CONSTRAINTSOLUTION,6,"2019/05/16 06:05:00",0,"2019/05/16 06:20:00",DATASNAP_DFS_QCIND,10858.3009,0,0,"2019/05/16 06:00:26",,"2013/08/21 00:00:00",1,-57
D,P5MIN,CONSTRAINTSOLUTION,6,"2019/05/16 06:05:00",0,"2019/05/16 06:20:00",DATASNAP_DFS_QFNQ,10167.22055,0,0,"2019/05/16 06:00:26",,"2013/08/21 00:00:00",1,-57
D,P5MIN,CONSTRAINTSOLUTION,6,"2019/05/16 06:05:00",0,"2019/05/16 06:20:00",DATASNAP_DFS_QNTH,10612.99072,0,0,"2019/05/16 06:00:26",,"2013/08/21 00:00:00",1,-57
D,P5MIN,CONSTRAINTSOLUTION,6,"2019/05/16 06:05:00",0,"2019/05/16 06:20:00",DATASNAP_DFS_QSTHE,11788.17114,0,0,"2019/05/16 06:00:26",,"2013/08/21 00:00:00",1,-57
D,P5MIN,CONSTRAINTSOLUTION,6,"2019/05/16 06:05:00",0,"2019/05/16 06:20:00",DATASNAP_DFS_QSTHW,11721.88648,0,0,"2019/05/16 06:00:26",,"2013/08/21 00:00:00",1,-57
D,P5MIN,CONSTRAINTSOLUTION,6,"2019/05/16 06:05:00",0,"2019/05/16 06:20:00",DATASNAP_DFS_Q_BCCP,10733.14429,0,0,"2019/05/16 06:00:26",,"2015/12/16 00:00:00",1,-57
D,P5MIN,CONSTRAINTSOLUTION,6,"2019/05/16 06:05:00",0,"2019/05/16 06:20:00",DATASNAP_DFS_Q_BCRG,10781.61249,0,0,"2019/05/16 06:00:26",,"2015/12/16 00:00:00",1,-57
D,P5MIN,CONSTRAINTSOLUTION,6,"2019/05/16 06:05:00",0,"2019/05/16 06:20:00",DATASNAP_DFS_Q_CLST,10863.02783,0,0,"2019/05/16 06:00:26",,"2013/08/21 00:00:00",1,-57
D,P5MIN,CONSTRAINTSOLUTION,6,"2019/05/16 06:05:00",0,"2019/05/16 06:20:00",DATASNAP_DFS_Q_CLWU,10862.10803,0,0,"2019/05/16 06:00:26",,"2013/08/21 00:00:00",1,-57
D,P5MIN,CONSTRAINTSOLUTION,6,"2019/05/16 06:05:00",0,"2019/05/16 06:20:00",DATASNAP_DFS_Q_LCCP,10764.94641,0,0,"2019/05/16 06:00:26",,"2015/12/16 00:00:00",1,-57
D,P5MIN,CONSTRAINTSOLUTION,6,"2019/05/16 06:05:00",0,"2019/05/16 06:20:00",DATASNAP_DFS_Q_RGLC,10742.92328,0,0,"2019/05/16 06:00:26",,"2017/10/19 00:00:00",1,-57
D,P5MIN,CONSTRAINTSOLUTION,6,"2019/05/16 06:05:00",0,"2019/05/16 06:20:00",DATASNAP_DFS_Q_TAMR,10315.4393,0,0,"2019/05/16 06:00:26",,"2013/08/21 00:00:00",1,-57
D,P5MIN,CONSTRAINTSOLUTION,6,"2019/05/16 06:05:00",0,"2019/05/16 06:20:00",DATASNAP_DFS_Q_TAMR2,10315.4393,0,0,"2019/05/16 06:00:26",,"2017/10/19 00:00:00",1,-57
D,P5MIN,CONSTRAINTSOLUTION,6,"2019/05/16 06:05:00",0,"2019/05/16 06:20:00",DATASNAP_DFS_SADL,10645.47986,0,0,"2019/05/16 06:00:26",,"2013/08/21 00:00:00",1,-57
D,P5MIN,CONSTRAINTSOLUTION,6,"2019/05/16 06:05:00",0,"2019/05/16 06:20:00",DATASNAP_DFS_SNTH,10222.45367,0,0,"2019/05/16 06:00:26",,"2013/08/21 00:00:00",1,-57
D,P5MIN,CONSTRAINTSOLUTION,6,"2019/05/16 06:05:00",0,"2019/05/16 06:20:00",DATASNAP_DFS_SRIV,10036.63096,0,0,"2019/05/16 06:00:26",,"2013/08/21 00:00:00",1,-57
D,P5MIN,CONSTRAINTSOLUTION,6,"2019/05/16 06:05:00",0,"2019/05/16 06:20:00",DATASNAP_DFS_SSE,10072.76515,0,0,"2019/05/16 06:00:26",,"2013/08/21 00:00:00",1,-57
D,P5MIN,CONSTRAINTSOLUTION,6,"2019/05/16 06:05:00",0,"2019/05/16 06:20:00",DATASNAP_DFS_SWNSW,10683.52637,0,0,"2019/05/16 06:00:26",,"2018/04/13 00:00:00",1,-57
D,P5MIN,CONSTRAINTSOLUTION,6,"2019/05/16 06:05:00",0,"2019/05/16 06:20:00",DATASNAP_DFS_TNTH,10115.55936,0,0,"2019/05/16 06:00:26",,"2013/08/21 00:00:00",1,-57
D,P5MIN,CONSTRAINTSOLUTION,6,"2019/05/16 06:05:00",0,"2019/05/16 06:20:00",DATASNAP_DFS_TNWEST,10136.63858,0,0,"2019/05/16 06:00:26",,"2013/08/21 00:00:00",1,-57
D,P5MIN,CONSTRAINTSOLUTION,6,"2019/05/16 06:05:00",0,"2019/05/16 06:20:00",DATASNAP_DFS_TWCST,10062.04958,0,0,"2019/05/16 06:00:26",,"2013/08/21 00:00:00",1,-57
D,P5MIN,CONSTRAINTSOLUTION,6,"2019/05/16 06:05:00",0,"2019/05/16 06:20:00",DATASNAP_DFS_T_FASH1,10603.84314,0,0,"2019/05/16 06:00:26",,"2016/03/17 00:00:00",1,-57
D,P5MIN,CONSTRAINTSOLUTION,6,"2019/05/16 06:05:00",0,"2019/05/16 06:20:00",DATASNAP_DFS_T_GOCS1,10475.63501,0,0,"2019/05/16 06:00:26",,"2016/03/17 00:00:00",1,-57
D,P5MIN,CONSTRAINTSOLUTION,6,"2019/05/16 06:05:00",0,"2019/05/16 06:20:00",DATASNAP_DFS_T_HAGT1,10460.06867,0,0,"2019/05/16 06:00:26",,"2016/03/17 00:00:00",1,-57
D,P5MIN,CONSTRAINTSOLUTION,6,"2019/05/16 06:05:00",0,"2019/05/16 06:20:00",DATASNAP_DFS_T_PMHA1,10476.4953,0,0,"2019/05/16 06:00:26",,"2016/03/17 00:00:00",1,-57
D,P5MIN,CONSTRAINTSOLUTION,6,"2019/05/16 06:05:00",0,"2019/05/16 06:20:00",DATASNAP_DFS_T_PMHA3,10145.60226,0,0,"2019/05/16 06:00:26",,"2016/03/17 00:00:00",1,-57
D,P5MIN,CONSTRAINTSOLUTION,6,"2019/05/16 06:05:00",0,"2019/05/16 06:20:00",DATASNAP_DFS_T_SHGT,10517.61713,0,0,"2019/05/16 06:00:26",,"2013/08/21 00:00:00",1,-57
D,P5MIN,CONSTRAINTSOLUTION,6,"2019/05/16 06:05:00",0,"2019/05/16 06:20:00",DATASNAP_DFS_T_SHPM,10394.73419,0,0,"2019/05/16 06:00:26",,"2016/03/17 00:00:00",1,-57
D,P5MIN,CONSTRAINTSOLUTION,6,"2019/05/16 06:05:00",0,"2019/05/16 06:20:00",DATASNAP_DFS_T_TATU,10119.94269,0,0,"2019/05/16 06:00:26",,"2013/08/21 00:00:00",1,-57
D,P5MIN,CONSTRAINTSOLUTION,6,"2019/05/16 06:05:00",0,"2019/05/16 06:20:00",DATASNAP_DFS_T_WALE,10145.79652,0,0,"2019/05/16 06:00:26",,"2016/03/17 00:00:00",1,-57
D,P5MIN,CONSTRAINTSOLUTION,6,"2019/05/16 06:05:00",0,"2019/05/16 06:20:00",DATASNAP_DFS_VIC_SG,10717.1673,0,0,"2019/05/16 06:00:26",,"2018/04/13 00:00:00",1,-57
D,P5MIN,CONSTRAINTSOLUTION,6,"2019/05/16 06:05:00",0,"2019/05/16 06:20:00",DATASNAP_DFS_VMEL,13086.47705,0,0,"2019/05/16 06:00:26",,"2013/08/21 00:00:00",1,-57
D,P5MIN,CONSTRAINTSOLUTION,6,"2019/05/16 06:05:00",0,"2019/05/16 06:20:00",DATASNAP_DFS_V_BABE,10437.45743,0,0,"2019/05/16 06:00:26",,"2013/08/21 00:00:00",1,-57
D,P5MIN,CONSTRAINTSOLUTION,6,"2019/05/16 06:05:00",0,"2019/05/16 06:20:00",DATASNAP_PDID_1,10020,0,0,"2019/05/16 06:00:26",,"2018/04/13 00:00:00",1,-57
D,P5MIN,CONSTRAINTSOLUTION,6,"2019/05/16 06:05:00",0,"2019/05/16 06:20:00",DATASNAP_Q::NIL_CS,14309.81913,0,0,"2019/05/16 06:00:26",,"2018/09/17 00:00:00",2,3416.294
D,P5MIN,CONSTRAINTSOLUTION,6,"2019/05/16 06:05:00",0,"2019/05/16 06:20:00",DATASNAP_Q>NIL_BI_FB,10533.44464,0,0,"2019/05/16 06:00:26",,"2018/10/16 00:00:00",1,-57
D,P5MIN,CONSTRAINTSOLUTION,6,"2019/05/16 06:05:00",0,"2019/05/16 06:20:00",DATASNAP_TE_967_1,10016.5,0,0,"2019/05/16 06:00:26",,"2018/04/13 00:00:00",1,-57
D,P5MIN,CONSTRAINTSOLUTION,6,"2019/05/16 06:05:00",0,"2019/05/16 06:20:00",DATASNAP_T_PD_INER,10075.237,0,0,"2019/05/16 06:00:26",,"2018/04/13 00:00:00",1,-57
D,P5MIN,CONSTRAINTSOLUTION,6,"2019/05/16 06:05:00",0,"2019/05/16 06:20:00",DATASNAP_T_PD_INER2,10075.237,0,0,"2019/05/16 06:00:26",,"2018/04/13 00:00:00",1,-57
D,P5MIN,CONSTRAINTSOLUTION,6,"2019/05/16 06:05:00",0,"2019/05/16 06:20:00",DATA_MMS_ALERT1,10274,0,0,"2019/05/16 06:00:26",,"2013/08/21 00:00:00",1,-57
D,P5MIN,CONSTRAINTSOLUTION,6,"2019/05/16 06:05:00",0,"2019/05/16 06:20:00",DSANP_Q^^NIL_TR_CLHA,16647.70524,0,0,"2019/05/16 06:00:26",,"2018/01/10 00:00:00",1,3706.73991
D,P5MIN,CONSTRAINTSOLUTION,6,"2019/05/16 06:05:00",0,"2019/05/16 06:20:00",DSNAP_DFS_V_BABE_5M,10437.45743,0,0,"2019/05/16 06:00:26",,"2014/05/19 00:00:00",1,-57
D,P5MIN,CONSTRAINTSOLUTION,6,"2019/05/16 06:05:00",0,"2019/05/16 06:20:00",DSNAP_DFS_V_BAML,10547.03973,0,0,"2019/05/16 06:00:26",,"2014/05/19 00:00:00",1,-57
D,P5MIN,CONSTRAINTSOLUTION,6,"2019/05/16 06:05:00",0,"2019/05/16 06:20:00",DSNAP_DFS_V_BAML_5M,10612.92407,0,0,"2019/05/16 06:00:26",,"2014/05/19 00:00:00",1,-57
D,P5MIN,CONSTRAINTSOLUTION,6,"2019/05/16 06:05:00",0,"2019/05/16 06:20:00",DSNAP_DFS_V_DDMB,10596.1756,0,0,"2019/05/16 06:00:26",,"2014/05/19 00:00:00",1,-57
D,P5MIN,CONSTRAINTSOLUTION,6,"2019/05/16 06:05:00",0,"2019/05/16 06:20:00",DSNAP_DFS_V_DDMS,11405.73242,0,0,"2019/05/16 06:00:26",,"2019/01/29 00:00:00",1,-57
D,P5MIN,CONSTRAINTSOLUTION,6,"2019/05/16 06:05:00",0,"2019/05/16 06:20:00",DSNAP_DFS_V_DDSM,11177.79468,0,0,"2019/05/16 06:00:26",,"2014/05/19 00:00:00",1,-57
D,P5MIN,CONSTRAINTSOLUTION,6,"2019/05/16 06:05:00",0,"2019/05/16 06:20:00",DSNAP_DFS_V_NIL_3,12184.94868,0,0,"2019/05/16 06:00:26",,"2018/09/03 00:00:00",1,371.6654
D,P5MIN,CONSTRAINTSOLUTION,6,"2019/05/16 06:05:00",0,"2019/05/16 06:20:00",DSNAP_DFS_V_NIL_8,10742.95577,0,0,"2019/05/16 06:00:26",,"2018/09/03 00:00:00",1,-47.78894
D,P5MIN,CONSTRAINTSOLUTION,6,"2019/05/16 06:05:00",0,"2019/05/16 06:20:00",DSNAP_DFS_V_ROYP,10550.91681,0,0,"2019/05/16 06:00:26",,"2014/05/19 00:00:00",1,-57
D,P5MIN,CONSTRAINTSOLUTION,6,"2019/05/16 06:05:00",0,"2019/05/16 06:20:00",DSNAP_Q>>CPGG1_OUT,14062.66148,0,0,"2019/05/16 06:00:26",,"2018/08/24 00:00:00",1,-57
D,P5MIN,CONSTRAINTSOLUTION,6,"2019/05/16 06:05:00",0,"2019/05/16 06:20:00",DSNAP_Q>>GGWU_OUT_1,13015.27352,0,0,"2019/05/16 06:00:26",,"2018/06/27 00:00:00",1,-57
D,P5MIN,CONSTRAINTSOLUTION,6,"2019/05/16 06:05:00",0,"2019/05/16 06:20:00",DSNAP_Q>>GGWU_OUT_2,14042.37742,0,0,"2019/05/16 06:00:26",,"2018/07/19 00:00:00",1,-57
D,P5MIN,CONSTRAINTSOLUTION,6,"2019/05/16 06:05:00",0,"2019/05/16 06:20:00",DSNAP_Q>NIL_TV66,10410.96679,0,0,"2019/05/16 06:00:26",,"2018/08/17 00:00:00",2,0
D,P5MIN,CONSTRAINTSOLUTION,6,"2019/05/16 06:05:00",0,"2019/05/16 06:20:00",DSNAP_QNI_1100_DYN,11100,0,0,"2019/05/16 06:00:26",,"2019/03/11 00:00:00",1,441.23369
D,P5MIN,CONSTRAINTSOLUTION,6,"2019/05/16 06:05:00",0,"2019/05/16 06:20:00",DSNAP_QNI_1150_DYN,11150,0,0,"2019/05/16 06:00:26",,"2019/03/11 00:00:00",1,441.23369
D,P5MIN,CONSTRAINTSOLUTION,6,"2019/05/16 06:05:00",0,"2019/05/16 06:20:00",DSNAP_Q^CN_FDR-180,-10674.29447,0,0,"2019/05/16 06:00:26",,"2018/11/30 00:00:00",2,46.224
D,P5MIN,CONSTRAINTSOLUTION,6,"2019/05/16 06:05:00",0,"2019/05/16 06:20:00",DSNAP_Q^CN_FDR_CO_OP,-10389.63347,0,0,"2019/05/16 06:00:26",,"2018/11/30 00:00:00",2,375.54788
D,P5MIN,CONSTRAINTSOLUTION,6,"2019/05/16 06:05:00",0,"2019/05/16 06:20:00",DSNAP_Q^WOPW_WOSP_O,13963.20671,0,0,"2019/05/16 06:00:26",,"2019/05/01 00:00:00",1,3416.294
D,P5MIN,CONSTRAINTSOLUTION,6,"2019/05/16 06:05:00",0,"2019/05/16 06:20:00",DSNAP_Q^^NIL_SRAR,10973.86409,0,0,"2019/05/16 06:00:26",,"2019/03/29 00:00:00",1,682.43153
D,P5MIN,CONSTRAINTSOLUTION,6,"2019/05/16 06:05:00",0,"2019/05/16 06:20:00",DSNAP_Q^^TR_CLHA,15106.23621,0,0,"2019/05/16 06:00:26",,"2018/01/12 00:00:00",1,2089.38651
D,P5MIN,CONSTRAINTSOLUTION,6,"2019/05/16 06:05:00",0,"2019/05/16 06:20:00",DSNAP_Q^^TR_TRBK,15416.95839,0,0,"2019/05/16 06:00:26",,"2018/01/12 00:00:00",1,2829.59331
D,P5MIN,CONSTRAINTSOLUTION,6,"2019/05/16 06:05:00",0,"2019/05/16 06:20:00",DSNAP_Q^^TR_TRBK_2,15941.68958,0,0,"2019/05/16 06:00:26",,"2018/12/12 00:00:00",1,3741.30672
D,P5MIN,CONSTRAINTSOLUTION,6,"2019/05/16 06:05:00",0,"2019/05/16 06:20:00",DSNAP_Q_TR_2000,14449.64132,0,0,"2019/05/16 06:00:26",,"2018/12/24 00:00:00",1,4453.13538
D,P5MIN,CONSTRAINTSOLUTION,6,"2019/05/16 06:05:00",0,"2019/05/16 06:20:00",DSNAP_S:VS_650_DYN,10650,0,0,"2019/05/16 06:00:26",,"2019/03/11 00:00:00",1,183.75977
D,P5MIN,CONSTRAINTSOLUTION,6,"2019/05/16 06:05:00",0,"2019/05/16 06:20:00",DSNAP_S:VS_700_DYN,10700,0,0,"2019/05/16 06:00:26",,"2019/03/11 00:00:00",1,183.75977
D,P5MIN,CONSTRAINTSOLUTION,6,"2019/05/16 06:05:00",0,"2019/05/16 06:20:00",DSNAP_S:V_500_DYN,10500,0,0,"2019/05/16 06:00:26",,"2019/03/11 00:00:00",1,165.75977
D,P5MIN,CONSTRAINTSOLUTION,6,"2019/05/16 06:05:00",0,"2019/05/16 06:20:00",DSNAP_S:V_550_DYN,10550,0,0,"2019/05/16 06:00:26",,"2019/03/11 00:00:00",1,165.75977
D,P5MIN,CONSTRAINTSOLUTION,6,"2019/05/16 06:05:00",0,"2019/05/16 06:20:00",DSNAP_S>V_460_DYN,10460,0,0,"2019/05/16 06:00:26",,"2019/03/11 00:00:00",1,165.75977
D,P5MIN,CONSTRAINTSOLUTION,6,"2019/05/16 06:05:00",0,"2019/05/16 06:20:00",DSNAP_SA_UNITS_ON,10010,0,0,"2019/05/16 06:00:26",,"2016/05/16 00:00:00",1,-57
D,P5MIN,CONSTRAINTSOLUTION,6,"2019/05/16 06:05:00",0,"2019/05/16 06:20:00",DSNAP_SNIL_1,10660.07794,0,0,"2019/05/16 06:00:26",,"2016/04/11 00:00:00",1,163.30457
D,P5MIN,CONSTRAINTSOLUTION,6,"2019/05/16 06:05:00",0,"2019/05/16 06:20:00",DSNAP_SNIL_2,10669.53674,0,0,"2019/05/16 06:00:26",,"2016/04/11 00:00:00",1,-163.20227
D,P5MIN,CONSTRAINTSOLUTION,6,"2019/05/16 06:05:00",0,"2019/05/16 06:20:00",DSNAP_SNIL_3,20642.57632,0,0,"2019/05/16 06:00:26",,"2016/04/11 00:00:00",1,-162.62257
D,P5MIN,CONSTRAINTSOLUTION,6,"2019/05/16 06:05:00",0,"2019/05/16 06:20:00",DSNAP_SNIL_4,20725.30827,0,0,"2019/05/16 06:00:26",,"2016/04/11 00:00:00",1,-162.31567
D,P5MIN,CONSTRAINTSOLUTION,6,"2019/05/16 06:05:00",0,"2019/05/16 06:20:00",DSNAP_SNIL_5,10640.16461,0,0,"2019/05/16 06:00:26",,"2016/04/11 00:00:00",1,-163.06587
D,P5MIN,CONSTRAINTSOLUTION,6,"2019/05/16 06:05:00",0,"2019/05/16 06:20:00",DSNAP_SNIL_6,10776.51438,0,0,"2019/05/16 06:00:26",,"2016/04/11 00:00:00",1,-162.31567
D,P5MIN,CONSTRAINTSOLUTION,6,"2019/05/16 06:05:00",0,"2019/05/16 06:20:00",DSNAP_SNIL_7,20580.734,0,0,"2019/05/16 06:00:26",,"2016/04/11 00:00:00",1,-163.20227
D,P5MIN,CONSTRAINTSOLUTION,6,"2019/05/16 06:05:00",0,"2019/05/16 06:20:00",DSNAP_SNIL_8,20764.30753,0,0,"2019/05/16 06:00:26",,"2016/04/11 00:00:00",1,-162.62257
D,P5MIN,CONSTRAINTSOLUTION,6,"2019/05/16 06:05:00",0,"2019/05/16 06:20:00",DSNAP_SNIL_9,10789.40572,0,0,"2019/05/16 06:00:26",,"2016/04/11 00:00:00",1,-162.62257
D,P5MIN,CONSTRAINTSOLUTION,6,"2019/05/16 06:05:00",0,"2019/05/16 06:20:00",DSNAP_SNIL_TBTU_TBMO,10230.34592,0,0,"2019/05/16 06:00:26",,"2015/06/29 00:00:00",2,-57
D,P5MIN,CONSTRAINTSOLUTION,6,"2019/05/16 06:05:00",0,"2019/05/16 06:20:00",DSNAP_SV_250_DYN,10250,0,0,"2019/05/16 06:00:26",,"2019/03/11 00:00:00",1,165.75977
D,P5MIN,CONSTRAINTSOLUTION,6,"2019/05/16 06:05:00",0,"2019/05/16 06:20:00",DSNAP_S_NOTI_NOTI_3,10139.40315,0,0,"2019/05/16 06:00:26",,"2014/02/24 00:00:00",1,-57
D,P5MIN,CONSTRAINTSOLUTION,6,"2019/05/16 06:05:00",0,"2019/05/16 06:20:00",DSNAP_S_SETX_SETX,10291.80187,0,0,"2019/05/16 06:00:26",,"2014/02/17 00:00:00",1,-57
D,P5MIN,CONSTRAINTSOLUTION,6,"2019/05/16 06:05:00",0,"2019/05/16 06:20:00",DSNAP_S_V_000_DYN,9975,0,0,"2019/05/16 06:00:26",,"2019/03/11 00:00:00",1,165.75977
D,P5MIN,CONSTRAINTSOLUTION,6,"2019/05/16 06:05:00",0,"2019/05/16 06:20:00",DSNAP_T_NIL_BL_6,10136.98055,0,0,"2019/05/16 06:00:26",,"2017/07/21 00:00:00",1,-125.61277
D,P5MIN,CONSTRAINTSOLUTION,6,"2019/05/16 06:05:00",0,"2019/05/16 06:20:00",DSNAP_V:SS_650_DYN,10650,0,0,"2019/05/16 06:00:26",,"2019/03/11 00:00:00",1,-183.75977
D,P5MIN,CONSTRAINTSOLUTION,6,"2019/05/16 06:05:00",0,"2019/05/16 06:20:00",DSNAP_V:SS_720_DYN,10720,0,0,"2019/05/16 06:00:26",,"2019/03/11 00:00:00",1,-183.75977
D,P5MIN,CONSTRAINTSOLUTION,6,"2019/05/16 06:05:00",0,"2019/05/16 06:20:00",DSNAP_V:SS_790_DYN,10790,0,0,"2019/05/16 06:00:26",,"2019/03/11 00:00:00",1,-183.75977
D,P5MIN,CONSTRAINTSOLUTION,6,"2019/05/16 06:05:00",0,"2019/05/16 06:20:00",DSNAP_V:SS_820_DYN,10820,0,0,"2019/05/16 06:00:26",,"2019/03/11 00:00:00",1,-183.75977
D,P5MIN,CONSTRAINTSOLUTION,6,"2019/05/16 06:05:00",0,"2019/05/16 06:20:00",DSNAP_V:SS_850_DYN,10850,0,0,"2019/05/16 06:00:26",,"2019/03/11 00:00:00",1,-183.75977
D,P5MIN,CONSTRAINTSOLUTION,6,"2019/05/16 06:05:00",0,"2019/05/16 06:20:00",DSNAP_V:SS_870_DYN,10870,0,0,"2019/05/16 06:00:26",,"2019/03/11 00:00:00",1,-183.75977
D,P5MIN,CONSTRAINTSOLUTION,6,"2019/05/16 06:05:00",0,"2019/05/16 06:20:00",DSNAP_V:S_500_DYN,10500,0,0,"2019/05/16 06:00:26",,"2019/03/11 00:00:00",1,-165.75977
D,P5MIN,CONSTRAINTSOLUTION,6,"2019/05/16 06:05:00",0,"2019/05/16 06:20:00",DSNAP_V:S_570_DYN,10570,0,0,"2019/05/16 06:00:26",,"2019/03/11 00:00:00",1,-165.75977
D,P5MIN,CONSTRAINTSOLUTION,6,"2019/05/16 06:05:00",0,"2019/05/16 06:20:00",DSNAP_V:S_600_DYN,10600,0,0,"2019/05/16 06:00:26",,"2019/03/11 00:00:00",1,-165.75977
D,P5MIN,CONSTRAINTSOLUTION,6,"2019/05/16 06:05:00",0,"2019/05/16 06:20:00",DSNAP_V:S_650_DYN,10650,0,0,"2019/05/16 06:00:26",,"2019/03/11 00:00:00",1,-165.75977
D,P5MIN,CONSTRAINTSOLUTION,6,"2019/05/16 06:05:00",0,"2019/05/16 06:20:00",DSNAP_V>>V_NIL_1A,11987.24553,0,0,"2019/05/16 06:00:26",,"2019/01/29 00:00:00",1,289.64931
D,P5MIN,CONSTRAINTSOLUTION,6,"2019/05/16 06:05:00",0,"2019/05/16 06:20:00",DSNAP_V>>V_NIL_1C,11945.04819,0,0,"2019/05/16 06:00:26",,"2019/01/23 00:00:00",1,289.64931
D,P5MIN,CONSTRAINTSOLUTION,6,"2019/05/16 06:05:00",0,"2019/05/16 06:20:00",DSNAP_V>>V_NIL_1D,11948.34798,0,0,"2019/05/16 06:00:26",,"2019/01/23 00:00:00",1,289.64931
D,P5MIN,CONSTRAINTSOLUTION,6,"2019/05/16 06:05:00",0,"2019/05/16 06:20:00",DSNAP_V>S_460_DYN,10460,0,0,"2019/05/16 06:00:26",,"2019/03/11 00:00:00",1,-165.75977
D,P5MIN,CONSTRAINTSOLUTION,6,"2019/05/16 06:05:00",0,"2019/05/16 06:20:00",DSNAP_V>V_NIL_7,11018.49978,0,0,"2019/05/16 06:00:26",,"2019/01/24 00:00:00",1,0
D,P5MIN,CONSTRAINTSOLUTION,6,"2019/05/16 06:05:00",0,"2019/05/16 06:20:00",DSNAP_VS_250_DYN,10250,0,0,"2019/05/16 06:00:26",,"2019/03/11 00:00:00",1,-165.75977
D,P5MIN,CONSTRAINTSOLUTION,6,"2019/05/16 06:05:00",0,"2019/05/16 06:20:00",F_I+LREG_0120,120,0,0,"2019/05/16 06:00:26",,"2013/08/21 00:00:00",1,190
D,P5MIN,CONSTRAINTSOLUTION,6,"2019/05/16 06:05:00",0,"2019/05/16 06:20:00",F_I+LREG_0190,190,12.31,0,"2019/05/16 06:00:26",,"2019/04/16 00:00:00",1,190
D,P5MIN,CONSTRAINTSOLUTION,6,"2019/05/16 06:05:00",0,"2019/05/16 06:20:00",F_I+ML_L5_0400,303.99619,0,0,"2019/05/16 06:00:26",,"2013/08/21 00:00:00",1,397.3
D,P5MIN,CONSTRAINTSOLUTION,6,"2019/05/16 06:05:00",0,"2019/05/16 06:20:00",F_I+ML_L60_0400,43.08463,0,0,"2019/05/16 06:00:26",,"2013/08/21 00:00:00",1,136.39
D,P5MIN,CONSTRAINTSOLUTION,6,"2019/05/16 06:05:00",0,"2019/05/16 06:20:00",F_I+ML_L6_0400,43.08463,0,0,"2019/05/16 06:00:26",,"2013/08/21 00:00:00",1,43.08
D,P5MIN,CONSTRAINTSOLUTION,6,"2019/05/16 06:05:00",0,"2019/05/16 06:20:00",F_I+NIL_APD_TL_L5,397.29617,0.19,0,"2019/05/16 06:00:26",,"2014/03/03 00:00:00",1,397.3
D,P5MIN,CONSTRAINTSOLUTION,6,"2019/05/16 06:05:00",0,"2019/05/16 06:20:00",F_I+NIL_APD_TL_L6,-171.32721,0,0,"2019/05/16 06:00:26",,"2014/03/03 00:00:00",1,43.08
D,P5MIN,CONSTRAINTSOLUTION,6,"2019/05/16 06:05:00",0,"2019/05/16 06:20:00",F_I+NIL_APD_TL_L60,136.38462,0.05,0,"2019/05/16 06:00:26",,"2014/03/03 00:00:00",1,136.39
D,P5MIN,CONSTRAINTSOLUTION,6,"2019/05/16 06:05:00",0,"2019/05/16 06:20:00",F_I+NIL_BB_TG_R5,-96.00381,0,0,"2019/05/16 06:00:26",,"2013/08/21 00:00:00",1,653.95
D,P5MIN,CONSTRAINTSOLUTION,6,"2019/05/16 06:05:00",0,"2019/05/16 06:20:00",F_I+NIL_BB_TG_R6,-664.6272,0,0,"2019/05/16 06:00:26",,"2013/08/21 00:00:00",1,404.72
D,P5MIN,CONSTRAINTSOLUTION,6,"2019/05/16 06:05:00",0,"2019/05/16 06:20:00",F_I+NIL_BB_TG_R60,-356.91537,0,0,"2019/05/16 06:00:26",,"2013/08/21 00:00:00",1,420.14
D,P5MIN,CONSTRAINTSOLUTION,6,"2019/05/16 06:05:00",0,"2019/05/16 06:20:00",F_I+NIL_MG_R5,653.95622,1.98,0,"2019/05/16 06:00:26",,"2013/08/21 00:00:00",1,653.95
D,P5MIN,CONSTRAINTSOLUTION,6,"2019/05/16 06:05:00",0,"2019/05/16 06:20:00",F_I+NIL_MG_R6,393.08463,0,0,"2019/05/16 06:00:26",,"2013/08/21 00:00:00",1,404.72
D,P5MIN,CONSTRAINTSOLUTION,6,"2019/05/16 06:05:00",0,"2019/05/16 06:20:00",F_I+NIL_MG_R60,393.08463,0,0,"2019/05/16 06:00:26",,"2013/08/21 00:00:00",1,420.14
D,P5MIN,CONSTRAINTSOLUTION,6,"2019/05/16 06:05:00",0,"2019/05/16 06:20:00",F_I+NIL_RREG,130,0,0,"2019/05/16 06:00:26",,"2018/12/12 00:00:00",1,200
D,P5MIN,CONSTRAINTSOLUTION,6,"2019/05/16 06:05:00",0,"2019/05/16 06:20:00",F_I+NIL_WF_TG_R5,-76.61124,0,0,"2019/05/16 06:00:26",,"2013/08/21 00:00:00",1,653.95
D,P5MIN,CONSTRAINTSOLUTION,6,"2019/05/16 06:05:00",0,"2019/05/16 06:20:00",F_I+NIL_WF_TG_R6,-664.6272,0,0,"2019/05/16 06:00:26",,"2013/08/21 00:00:00",1,404.72
D,P5MIN,CONSTRAINTSOLUTION,6,"2019/05/16 06:05:00",0,"2019/05/16 06:20:00",F_I+NIL_WF_TG_R60,-356.91537,0,0,"2019/05/16 06:00:26",,"2013/08/21 00:00:00",1,420.14
D,P5MIN,CONSTRAINTSOLUTION,6,"2019/05/16 06:05:00",0,"2019/05/16 06:20:00",F_I+RREG_0200,200,12.5,0,"2019/05/16 06:00:26",,"2013/08/21 00:00:00",1,200
D,P5MIN,CONSTRAINTSOLUTION,6,"2019/05/16 06:05:00",0,"2019/05/16 06:20:00",F_I+WIP_N-2_ML_L5,-96.00381,0,0,"2019/05/16 06:00:26",,"2017/05/16 00:00:00",1,397.3
D,P5MIN,CONSTRAINTSOLUTION,6,"2019/05/16 06:05:00",0,"2019/05/16 06:20:00",F_I+WIP_N-2_ML_L6,-356.91537,0,0,"2019/05/16 06:00:26",,"2017/05/16 00:00:00",1,43.08
D,P5MIN,CONSTRAINTSOLUTION,6,"2019/05/16 06:05:00",0,"2019/05/16 06:20:00",F_I+WIP_N-2_ML_L60,-356.91537,0,0,"2019/05/16 06:00:26",,"2017/05/16 00:00:00",1,136.39
D,P5MIN,CONSTRAINTSOLUTION,6,"2019/05/16 06:05:00",0,"2019/05/16 06:20:00",F_I+WIV_N-2_MG_R5,-96.04378,0,0,"2019/05/16 06:00:26",,"2017/05/16 00:00:00",1,653.95
D,P5MIN,CONSTRAINTSOLUTION,6,"2019/05/16 06:05:00",0,"2019/05/16 06:20:00",F_I+WIV_N-2_MG_R6,-356.91537,0,0,"2019/05/16 06:00:26",,"2017/05/16 00:00:00",1,404.72
D,P5MIN,CONSTRAINTSOLUTION,6,"2019/05/16 06:05:00",0,"2019/05/16 06:20:00",F_I+WIV_N-2_MG_R60,-356.91537,0,0,"2019/05/16 06:00:26",,"2017/05/16 00:00:00",1,420.14
D,P5MIN,CONSTRAINTSOLUTION,6,"2019/05/16 06:05:00",0,"2019/05/16 06:20:00",F_MAIN++APD_TL_L5,-77.01356,0,0,"2019/05/16 06:00:26",,"2014/03/03 00:00:00",1,168.05942
D,P5MIN,CONSTRAINTSOLUTION,6,"2019/05/16 06:05:00",0,"2019/05/16 06:20:00",F_MAIN++APD_TL_L6,-600.12366,0,0,"2019/05/16 06:00:26",,"2014/03/03 00:00:00",1,-106.16058
D,P5MIN,CONSTRAINTSOLUTION,6,"2019/05/16 06:05:00",0,"2019/05/16 06:20:00",F_MAIN++APD_TL_L60,-292.41184,0,0,"2019/05/16 06:00:26",,"2014/03/03 00:00:00",1,-34.70058
D,P5MIN,CONSTRAINTSOLUTION,6,"2019/05/16 06:05:00",0,"2019/05/16 06:20:00",F_MAIN++LREG_0120,-358,0,0,"2019/05/16 06:00:26",,"2013/08/21 00:00:00",1,-9.24058
D,P5MIN,CONSTRAINTSOLUTION,6,"2019/05/16 06:05:00",0,"2019/05/16 06:20:00",F_MAIN++LREG_0190,-288,0,0,"2019/05/16 06:00:26",,"2019/04/16 00:00:00",1,-9.24058
D,P5MIN,CONSTRAINTSOLUTION,6,"2019/05/16 06:05:00",0,"2019/05/16 06:20:00",F_MAIN++ML_L5_0400,-170.31355,0,0,"2019/05/16 06:00:26",,"2013/08/21 00:00:00",1,168.05942
D,P5MIN,CONSTRAINTSOLUTION,6,"2019/05/16 06:05:00",0,"2019/05/16 06:20:00",F_MAIN++ML_L60_0400,-385.71183,0,0,"2019/05/16 06:00:26",,"2013/08/21 00:00:00",1,-34.70058
D,P5MIN,CONSTRAINTSOLUTION,6,"2019/05/16 06:05:00",0,"2019/05/16 06:20:00",F_MAIN++ML_L6_0400,-385.71183,0,0,"2019/05/16 06:00:26",,"2013/08/21 00:00:00",1,-106.16058
D,P5MIN,CONSTRAINTSOLUTION,6,"2019/05/16 06:05:00",0,"2019/05/16 06:20:00",F_MAIN++NIL_BL_L5,-222.31355,0,0,"2019/05/16 06:00:26",,"2013/08/21 00:00:00",1,168.05942
D,P5MIN,CONSTRAINTSOLUTION,6,"2019/05/16 06:05:00",0,"2019/05/16 06:20:00",F_MAIN++NIL_BL_L6,-615.42365,0,0,"2019/05/16 06:00:26",,"2013/08/21 00:00:00",1,-106.16058
D,P5MIN,CONSTRAINTSOLUTION,6,"2019/05/16 06:05:00",0,"2019/05/16 06:20:00",F_MAIN++NIL_BL_L60,-307.71183,0,0,"2019/05/16 06:00:26",,"2013/08/21 00:00:00",1,-34.70058
D,P5MIN,CONSTRAINTSOLUTION,6,"2019/05/16 06:05:00",0,"2019/05/16 06:20:00",F_MAIN++NIL_BL_R5,-10222.31355,0,0,"2019/05/16 06:00:26",,"2013/08/21 00:00:00",1,739.62058
D,P5MIN,CONSTRAINTSOLUTION,6,"2019/05/16 06:05:00",0,"2019/05/16 06:20:00",F_MAIN++NIL_BL_R6,-10615.42365,0,0,"2019/05/16 06:00:26",,"2013/08/21 00:00:00",1,492.29058
D,P5MIN,CONSTRAINTSOLUTION,6,"2019/05/16 06:05:00",0,"2019/05/16 06:20:00",F_MAIN++NIL_BL_R60,-10307.71183,0,0,"2019/05/16 06:00:26",,"2013/08/21 00:00:00",1,492.29058
D,P5MIN,CONSTRAINTSOLUTION,6,"2019/05/16 06:05:00",0,"2019/05/16 06:20:00",F_MAIN++NIL_MG_R5,707.68645,0,0,"2019/05/16 06:00:26",,"2013/08/21 00:00:00",1,739.62058
D,P5MIN,CONSTRAINTSOLUTION,6,"2019/05/16 06:05:00",0,"2019/05/16 06:20:00",F_MAIN++NIL_MG_R6,492.28818,5,0,"2019/05/16 06:00:26",,"2013/08/21 00:00:00",1,492.29058
D,P5MIN,CONSTRAINTSOLUTION,6,"2019/05/16 06:05:00",0,"2019/05/16 06:20:00",F_MAIN++NIL_MG_R60,492.28818,5,0,"2019/05/16 06:00:26",,"2013/08/21 00:00:00",1,492.29058
D,P5MIN,CONSTRAINTSOLUTION,6,"2019/05/16 06:05:00",0,"2019/05/16 06:20:00",F_MAIN++NIL_RREG,180,0,0,"2019/05/16 06:00:26",,"2018/12/12 00:00:00",1,299.24058
D,P5MIN,CONSTRAINTSOLUTION,6,"2019/05/16 06:05:00",0,"2019/05/16 06:20:00",F_MAIN++RREG_0200,250,0,0,"2019/05/16 06:00:26",,"2013/08/21 00:00:00",1,299.24058
D,P5MIN,CONSTRAINTSOLUTION,6,"2019/05/16 06:05:00",0,"2019/05/16 06:20:00",F_MAIN++WIPN-2_MLL60,-785.71183,0,0,"2019/05/16 06:00:26",,"2017/05/16 00:00:00",1,-34.70058
D,P5MIN,CONSTRAINTSOLUTION,6,"2019/05/16 06:05:00",0,"2019/05/16 06:20:00",F_MAIN++WIP_N-2_MLL5,-570.31355,0,0,"2019/05/16 06:00:26",,"2017/05/16 00:00:00",1,168.05942
D,P5MIN,CONSTRAINTSOLUTION,6,"2019/05/16 06:05:00",0,"2019/05/16 06:20:00",F_MAIN++WIP_N-2_MLL6,-785.71183,0,0,"2019/05/16 06:00:26",,"2017/05/16 00:00:00",1,-106.16058
D,P5MIN,CONSTRAINTSOLUTION,6,"2019/05/16 06:05:00",0,"2019/05/16 06:20:00",F_MAIN++WIVN-2_MGR60,-257.71183,0,0,"2019/05/16 06:00:26",,"2017/05/16 00:00:00",1,492.29058
D,P5MIN,CONSTRAINTSOLUTION,6,"2019/05/16 06:05:00",0,"2019/05/16 06:20:00",F_MAIN++WIV_N-2_MGR5,-42.31355,0,0,"2019/05/16 06:00:26",,"2017/05/16 00:00:00",1,739.62058
D,P5MIN,CONSTRAINTSOLUTION,6,"2019/05/16 06:05:00",0,"2019/05/16 06:20:00",F_MAIN++WIV_N-2_MGR6,-257.71183,0,0,"2019/05/16 06:00:26",,"2017/05/16 00:00:00",1,492.29058
D,P5MIN,CONSTRAINTSOLUTION,6,"2019/05/16 06:05:00",0,"2019/05/16 06:20:00",F_MAIN+APD_TL_L5,-9599.01356,0,0,"2019/05/16 06:00:26",,"2014/03/03 00:00:00",1,317.3
D,P5MIN,CONSTRAINTSOLUTION,6,"2019/05/16 06:05:00",0,"2019/05/16 06:20:00",F_MAIN+APD_TL_L6,-10122.12366,0,0,"2019/05/16 06:00:26",,"2014/03/03 00:00:00",1,43.08
D,P5MIN,CONSTRAINTSOLUTION,6,"2019/05/16 06:05:00",0,"2019/05/16 06:20:00",F_MAIN+APD_TL_L60,-9814.41184,0,0,"2019/05/16 06:00:26",,"2014/03/03 00:00:00",1,114.54
D,P5MIN,CONSTRAINTSOLUTION,6,"2019/05/16 06:05:00",0,"2019/05/16 06:20:00",F_MAIN+BLFCTRL_L5,4.24223,0,0,"2019/05/16 06:00:26",,"2014/07/01 00:00:00",1,317.3
D,P5MIN,CONSTRAINTSOLUTION,6,"2019/05/16 06:05:00",0,"2019/05/16 06:20:00",F_MAIN+BLFCTRL_L6,-211.15605,0,0,"2019/05/16 06:00:26",,"2014/07/01 00:00:00",1,43.08
D,P5MIN,CONSTRAINTSOLUTION,6,"2019/05/16 06:05:00",0,"2019/05/16 06:20:00",F_MAIN+BLFCTRL_L60,-211.15605,0,0,"2019/05/16 06:00:26",,"2014/07/01 00:00:00",1,114.54
D,P5MIN,CONSTRAINTSOLUTION,6,"2019/05/16 06:05:00",0,"2019/05/16 06:20:00",F_MAIN+BLFCTRL_R5,57.68645,0,0,"2019/05/16 06:00:26",,"2014/07/01 00:00:00",1,590.38
D,P5MIN,CONSTRAINTSOLUTION,6,"2019/05/16 06:05:00",0,"2019/05/16 06:20:00",F_MAIN+BLFCTRL_R6,-157.71183,0,0,"2019/05/16 06:00:26",,"2014/07/01 00:00:00",1,343.05
D,P5MIN,CONSTRAINTSOLUTION,6,"2019/05/16 06:05:00",0,"2019/05/16 06:20:00",F_MAIN+BLFCTRL_R60,-157.71183,0,0,"2019/05/16 06:00:26",,"2014/07/01 00:00:00",1,343.05
D,P5MIN,CONSTRAINTSOLUTION,6,"2019/05/16 06:05:00",0,"2019/05/16 06:20:00",F_MAIN+LREG_0120,-9880,0,0,"2019/05/16 06:00:26",,"2013/08/21 00:00:00",1,140
D,P5MIN,CONSTRAINTSOLUTION,6,"2019/05/16 06:05:00",0,"2019/05/16 06:20:00",F_MAIN+LREG_0190,-9810,0,0,"2019/05/16 06:00:26",,"2019/04/16 00:00:00",1,140
D,P5MIN,CONSTRAINTSOLUTION,6,"2019/05/16 06:05:00",0,"2019/05/16 06:20:00",F_MAIN+ML_L5_0400,-9692.31355,0,0,"2019/05/16 06:00:26",,"2013/08/21 00:00:00",1,317.3
D,P5MIN,CONSTRAINTSOLUTION,6,"2019/05/16 06:05:00",0,"2019/05/16 06:20:00",F_MAIN+ML_L60_0400,-9907.71183,0,0,"2019/05/16 06:00:26",,"2013/08/21 00:00:00",1,114.54
D,P5MIN,CONSTRAINTSOLUTION,6,"2019/05/16 06:05:00",0,"2019/05/16 06:20:00",F_MAIN+ML_L6_0400,-9907.71183,0,0,"2019/05/16 06:00:26",,"2013/08/21 00:00:00",1,43.08
D,P5MIN,CONSTRAINTSOLUTION,6,"2019/05/16 06:05:00",0,"2019/05/16 06:20:00",F_MAIN+NIL_DYN_LREG,0,0,0,"2019/05/16 06:00:26",,"2019/03/22 00:00:00",2,140
D,P5MIN,CONSTRAINTSOLUTION,6,"2019/05/16 06:05:00",0,"2019/05/16 06:20:00",F_MAIN+NIL_DYN_RREG,0,0,0,"2019/05/16 06:00:26",,"2019/03/22 00:00:00",2,150
D,P5MIN,CONSTRAINTSOLUTION,6,"2019/05/16 06:05:00",0,"2019/05/16 06:20:00",F_MAIN+NIL_MG_R5,-9342.31355,0,0,"2019/05/16 06:00:26",,"2013/08/21 00:00:00",1,590.38
D,P5MIN,CONSTRAINTSOLUTION,6,"2019/05/16 06:05:00",0,"2019/05/16 06:20:00",F_MAIN+NIL_MG_R6,-9557.71183,0,0,"2019/05/16 06:00:26",,"2013/08/21 00:00:00",1,343.05
D,P5MIN,CONSTRAINTSOLUTION,6,"2019/05/16 06:05:00",0,"2019/05/16 06:20:00",F_MAIN+NIL_MG_R60,-9557.71183,0,0,"2019/05/16 06:00:26",,"2013/08/21 00:00:00",1,343.05
D,P5MIN,CONSTRAINTSOLUTION,6,"2019/05/16 06:05:00",0,"2019/05/16 06:20:00",F_MAIN+NIL_RREG,-9870,0,0,"2019/05/16 06:00:26",,"2018/12/12 00:00:00",1,150
D,P5MIN,CONSTRAINTSOLUTION,6,"2019/05/16 06:05:00",0,"2019/05/16 06:20:00",F_MAIN+RREG_0200,-9800,0,0,"2019/05/16 06:00:26",,"2013/08/21 00:00:00",1,150
D,P5MIN,CONSTRAINTSOLUTION,6,"2019/05/16 06:05:00",0,"2019/05/16 06:20:00",F_MAIN+TASCAP_LREG,70,0,0,"2019/05/16 06:00:26",,"2019/01/11 00:00:00",1,140
D,P5MIN,CONSTRAINTSOLUTION,6,"2019/05/16 06:05:00",0,"2019/05/16 06:20:00",F_MAIN+TASCAP_RREG,80,0,0,"2019/05/16 06:00:26",,"2019/01/11 00:00:00",1,150
D,P5MIN,CONSTRAINTSOLUTION,6,"2019/05/16 06:05:00",0,"2019/05/16 06:20:00",F_MAIN+WIP_N-2_MLL60,-10307.71183,0,0,"2019/05/16 06:00:26",,"2017/05/16 00:00:00",1,114.54
D,P5MIN,CONSTRAINTSOLUTION,6,"2019/05/16 06:05:00",0,"2019/05/16 06:20:00",F_MAIN+WIP_N-2_ML_L5,-10092.31355,0,0,"2019/05/16 06:00:26",,"2017/05/16 00:00:00",1,317.3
D,P5MIN,CONSTRAINTSOLUTION,6,"2019/05/16 06:05:00",0,"2019/05/16 06:20:00",F_MAIN+WIP_N-2_ML_L6,-10307.71183,0,0,"2019/05/16 06:00:26",,"2017/05/16 00:00:00",1,43.08
D,P5MIN,CONSTRAINTSOLUTION,6,"2019/05/16 06:05:00",0,"2019/05/16 06:20:00",F_MAIN+WIV_N-2_MGR60,-10307.71183,0,0,"2019/05/16 06:00:26",,"2017/05/16 00:00:00",1,343.05
D,P5MIN,CONSTRAINTSOLUTION,6,"2019/05/16 06:05:00",0,"2019/05/16 06:20:00",F_MAIN+WIV_N-2_MG_R5,-10092.31355,0,0,"2019/05/16 06:00:26",,"2017/05/16 00:00:00",1,590.38
D,P5MIN,CONSTRAINTSOLUTION,6,"2019/05/16 06:05:00",0,"2019/05/16 06:20:00",F_MAIN+WIV_N-2_MG_R6,-10307.71183,0,0,"2019/05/16 06:00:26",,"2017/05/16 00:00:00",1,343.05
D,P5MIN,CONSTRAINTSOLUTION,6,"2019/05/16 06:05:00",0,"2019/05/16 06:20:00",F_Q++NIL_R5,1360,0,0,"2019/05/16 06:00:26",,"2013/10/02 00:00:00",1,592.23369
D,P5MIN,CONSTRAINTSOLUTION,6,"2019/05/16 06:05:00",0,"2019/05/16 06:20:00",F_Q++NIL_R6,1360,0,0,"2019/05/16 06:00:26",,"2013/10/02 00:00:00",1,490.23369
D,P5MIN,CONSTRAINTSOLUTION,6,"2019/05/16 06:05:00",0,"2019/05/16 06:20:00",F_Q++NIL_R60,1360,0,0,"2019/05/16 06:00:26",,"2013/10/02 00:00:00",1,489.23369
D,P5MIN,CONSTRAINTSOLUTION,6,"2019/05/16 06:05:00",0,"2019/05/16 06:20:00",F_Q_W/HOE_R5,10000,0,0,"2019/05/16 06:00:26",,"2017/05/17 00:00:00",1,60
D,P5MIN,CONSTRAINTSOLUTION,6,"2019/05/16 06:05:00",0,"2019/05/16 06:20:00",F_Q_W/HOE_R60,10000,0,0,"2019/05/16 06:00:26",,"2017/05/17 00:00:00",1,0
D,P5MIN,CONSTRAINTSOLUTION,6,"2019/05/16 06:05:00",0,"2019/05/16 06:20:00",F_S+NIL_HPR_G+L_LREG,300000,0,0,"2019/05/16 06:00:26",,"2017/11/13 00:00:00",1,40
D,P5MIN,CONSTRAINTSOLUTION,6,"2019/05/16 06:05:00",0,"2019/05/16 06:20:00",F_S+NIL_HPR_G+L_RREG,300000,0,0,"2019/05/16 06:00:26",,"2017/11/13 00:00:00",1,0
D,P5MIN,CONSTRAINTSOLUTION,6,"2019/05/16 06:05:00",0,"2019/05/16 06:20:00",F_T++LREG_0050,100,0,0,"2019/05/16 06:00:26",,"2015/01/29 00:00:00",1,199.24058
D,P5MIN,CONSTRAINTSOLUTION,6,"2019/05/16 06:05:00",0,"2019/05/16 06:20:00",F_T++NIL_BB_TG_R5,-10053.81507,0,0,"2019/05/16 06:00:26",,"2016/04/12 00:00:00",1,-85.67058
D,P5MIN,CONSTRAINTSOLUTION,6,"2019/05/16 06:05:00",0,"2019/05/16 06:20:00",F_T++NIL_BB_TG_R6,-10162.72017,0,0,"2019/05/16 06:00:26",,"2016/04/12 00:00:00",1,-87.57058
D,P5MIN,CONSTRAINTSOLUTION,6,"2019/05/16 06:05:00",0,"2019/05/16 06:20:00",F_T++NIL_BB_TG_R60,-9984.60996,0,0,"2019/05/16 06:00:26",,"2016/04/12 00:00:00",1,-72.15058
D,P5MIN,CONSTRAINTSOLUTION,6,"2019/05/16 06:05:00",0,"2019/05/16 06:20:00",F_T++NIL_BLSPS_L5,-20000.0001,0,0,"2019/05/16 06:00:26",,"2013/08/21 00:00:00",1,221.11891
D,P5MIN,CONSTRAINTSOLUTION,6,"2019/05/16 06:05:00",0,"2019/05/16 06:20:00",F_T++NIL_BLSPS_L60_1,-20000.0001,0,0,"2019/05/16 06:00:26",,"2013/08/21 00:00:00",1,198.88365
D,P5MIN,CONSTRAINTSOLUTION,6,"2019/05/16 06:05:00",0,"2019/05/16 06:20:00",F_T++NIL_BLSPS_L60_2,-20000.0001,0,0,"2019/05/16 06:00:26",,"2013/08/21 00:00:00",1,464.44383
D,P5MIN,CONSTRAINTSOLUTION,6,"2019/05/16 06:05:00",0,"2019/05/16 06:20:00",F_T++NIL_BLSPS_L60_3,-20000.0001,0,0,"2019/05/16 06:00:26",,"2013/08/21 00:00:00",1,787.2139
D,P5MIN,CONSTRAINTSOLUTION,6,"2019/05/16 06:05:00",0,"2019/05/16 06:20:00",F_T++NIL_BLSPS_L60_4,-20000.0001,0,0,"2019/05/16 06:00:26",,"2013/08/21 00:00:00",1,1244.52435
D,P5MIN,CONSTRAINTSOLUTION,6,"2019/05/16 06:05:00",0,"2019/05/16 06:20:00",F_T++NIL_BLSPS_L6_1,-20000.0001,0,0,"2019/05/16 06:00:26",,"2013/08/21 00:00:00",1,128.85133
D,P5MIN,CONSTRAINTSOLUTION,6,"2019/05/16 06:05:00",0,"2019/05/16 06:20:00",F_T++NIL_BLSPS_L6_2,-20000.0001,0,0,"2019/05/16 06:00:26",,"2013/08/21 00:00:00",1,312.2098
D,P5MIN,CONSTRAINTSOLUTION,6,"2019/05/16 06:05:00",0,"2019/05/16 06:20:00",F_T++NIL_BLSPS_L6_3,-20000.0001,0,0,"2019/05/16 06:00:26",,"2013/08/21 00:00:00",1,560.86998
D,P5MIN,CONSTRAINTSOLUTION,6,"2019/05/16 06:05:00",0,"2019/05/16 06:20:00",F_T++NIL_BLSPS_L6_4,-20000.0001,0,0,"2019/05/16 06:00:26",,"2013/08/21 00:00:00",1,924.41108
D,P5MIN,CONSTRAINTSOLUTION,6,"2019/05/16 06:05:00",0,"2019/05/16 06:20:00",F_T++NIL_BLSPS_R5,-10000.0001,0,0,"2019/05/16 06:00:26",,"2013/08/21 00:00:00",1,-68.84818
D,P5MIN,CONSTRAINTSOLUTION,6,"2019/05/16 06:05:00",0,"2019/05/16 06:20:00",F_T++NIL_BLSPS_R60_1,-10000.0001,0,0,"2019/05/16 06:00:26",,"2013/08/21 00:00:00",1,-104.29252
D,P5MIN,CONSTRAINTSOLUTION,6,"2019/05/16 06:05:00",0,"2019/05/16 06:20:00",F_T++NIL_BLSPS_R60_2,-10000.0001,0,0,"2019/05/16 06:00:26",,"2013/08/21 00:00:00",1,-222.90744
D,P5MIN,CONSTRAINTSOLUTION,6,"2019/05/16 06:05:00",0,"2019/05/16 06:20:00",F_T++NIL_BLSPS_R60_3,-10000.0001,0,0,"2019/05/16 06:00:26",,"2013/08/21 00:00:00",1,-341.16419
D,P5MIN,CONSTRAINTSOLUTION,6,"2019/05/16 06:05:00",0,"2019/05/16 06:20:00",F_T++NIL_BLSPS_R60_4,-10000.0001,0,0,"2019/05/16 06:00:26",,"2013/08/21 00:00:00",1,-520.37825
D,P5MIN,CONSTRAINTSOLUTION,6,"2019/05/16 06:05:00",0,"2019/05/16 06:20:00",F_T++NIL_BLSPS_R6_1,-10000.0001,0,0,"2019/05/16 06:00:26",,"2013/08/21 00:00:00",1,-86.27965
D,P5MIN,CONSTRAINTSOLUTION,6,"2019/05/16 06:05:00",0,"2019/05/16 06:20:00",F_T++NIL_BLSPS_R6_2,-10000.0001,0,0,"2019/05/16 06:00:26",,"2013/08/21 00:00:00",1,-204.74981
D,P5MIN,CONSTRAINTSOLUTION,6,"2019/05/16 06:05:00",0,"2019/05/16 06:20:00",F_T++NIL_BLSPS_R6_3,-10000.0001,0,0,"2019/05/16 06:00:26",,"2013/08/21 00:00:00",1,-315.96836
D,P5MIN,CONSTRAINTSOLUTION,6,"2019/05/16 06:05:00",0,"2019/05/16 06:20:00",F_T++NIL_BLSPS_R6_4,-10000.0001,0,0,"2019/05/16 06:00:26",,"2013/08/21 00:00:00",1,-416.45055
D,P5MIN,CONSTRAINTSOLUTION,6,"2019/05/16 06:05:00",0,"2019/05/16 06:20:00",F_T++NIL_MG_R5,-9937.29475,0,0,"2019/05/16 06:00:26",,"2016/04/12 00:00:00",1,-85.67058
D,P5MIN,CONSTRAINTSOLUTION,6,"2019/05/16 06:05:00",0,"2019/05/16 06:20:00",F_T++NIL_MG_R6,-9988.05659,0,0,"2019/05/16 06:00:26",,"2016/04/12 00:00:00",1,-87.57058
D,P5MIN,CONSTRAINTSOLUTION,6,"2019/05/16 06:05:00",0,"2019/05/16 06:20:00",F_T++NIL_MG_R60,-9896.74467,0,0,"2019/05/16 06:00:26",,"2016/04/12 00:00:00",1,-72.15058
D,P5MIN,CONSTRAINTSOLUTION,6,"2019/05/16 06:05:00",0,"2019/05/16 06:20:00",F_T++NIL_MG_RECL_R5,-9949.73333,0,0,"2019/05/16 06:00:26",,"2016/12/02 00:00:00",1,-85.67058
D,P5MIN,CONSTRAINTSOLUTION,6,"2019/05/16 06:05:00",0,"2019/05/16 06:20:00",F_T++NIL_MG_RECL_R6,-10005.02994,0,0,"2019/05/16 06:00:26",,"2016/12/02 00:00:00",1,-87.57058
D,P5MIN,CONSTRAINTSOLUTION,6,"2019/05/16 06:05:00",0,"2019/05/16 06:20:00",F_T++NIL_MG_RECL_R60,-9906.57291,0,0,"2019/05/16 06:00:26",,"2016/12/02 00:00:00",1,-72.15058
D,P5MIN,CONSTRAINTSOLUTION,6,"2019/05/16 06:05:00",0,"2019/05/16 06:20:00",F_T++NIL_ML_L5,99.80585,0,0,"2019/05/16 06:00:26",,"2016/04/12 00:00:00",1,229.24058
D,P5MIN,CONSTRAINTSOLUTION,6,"2019/05/16 06:05:00",0,"2019/05/16 06:20:00",F_T++NIL_ML_L6,60.08532,0,0,"2019/05/16 06:00:26",,"2016/04/12 00:00:00",1,149.24058
D,P5MIN,CONSTRAINTSOLUTION,6,"2019/05/16 06:05:00",0,"2019/05/16 06:20:00",F_T++NIL_ML_L60,110.08055,0,0,"2019/05/16 06:00:26",,"2016/04/12 00:00:00",1,171.09058
D,P5MIN,CONSTRAINTSOLUTION,6,"2019/05/16 06:05:00",0,"2019/05/16 06:20:00",F_T++NIL_TL_L5_DS,-9833.36786,0,0,"2019/05/16 06:00:26",,"2016/10/25 00:00:00",1,229.24058
D,P5MIN,CONSTRAINTSOLUTION,6,"2019/05/16 06:05:00",0,"2019/05/16 06:20:00",F_T++NIL_TL_L60_DS,-9827.88921,0,0,"2019/05/16 06:00:26",,"2016/10/25 00:00:00",1,171.09058
D,P5MIN,CONSTRAINTSOLUTION,6,"2019/05/16 06:05:00",0,"2019/05/16 06:20:00",F_T++NIL_TL_L6_DS,-9849.73833,0,0,"2019/05/16 06:00:26",,"2016/10/25 00:00:00",1,149.24058
D,P5MIN,CONSTRAINTSOLUTION,6,"2019/05/16 06:05:00",0,"2019/05/16 06:20:00",F_T++NIL_WF_TG_R5,-10031.35185,0,0,"2019/05/16 06:00:26",,"2016/04/12 00:00:00",1,-85.67058
D,P5MIN,CONSTRAINTSOLUTION,6,"2019/05/16 06:05:00",0,"2019/05/16 06:20:00",F_T++NIL_WF_TG_R6,-10132.8034,0,0,"2019/05/16 06:00:26",,"2016/04/12 00:00:00",1,-87.57058
D,P5MIN,CONSTRAINTSOLUTION,6,"2019/05/16 06:05:00",0,"2019/05/16 06:20:00",F_T++NIL_WF_TG_R60,-9966.30718,0,0,"2019/05/16 06:00:26",,"2016/04/12 00:00:00",1,-72.15058
D,P5MIN,CONSTRAINTSOLUTION,6,"2019/05/16 06:05:00",0,"2019/05/16 06:20:00",F_T++RREG_0050,-428,0,0,"2019/05/16 06:00:26",,"2015/01/29 00:00:00",1,-99.24058
D,P5MIN,CONSTRAINTSOLUTION,6,"2019/05/16 06:05:00",0,"2019/05/16 06:20:00",F_T+LREG_0050,-9950,0,0,"2019/05/16 06:00:26",,"2015/01/29 00:00:00",1,50
D,P5MIN,CONSTRAINTSOLUTION,6,"2019/05/16 06:05:00",0,"2019/05/16 06:20:00",F_T+NIL_BB_TG_R5,-49.9999,0,0,"2019/05/16 06:00:26",,"2016/04/12 00:00:00",1,63.57
D,P5MIN,CONSTRAINTSOLUTION,6,"2019/05/16 06:05:00",0,"2019/05/16 06:20:00",F_T+NIL_BB_TG_R6,0.0001,0,0,"2019/05/16 06:00:26",,"2016/04/12 00:00:00",1,61.67
D,P5MIN,CONSTRAINTSOLUTION,6,"2019/05/16 06:05:00",0,"2019/05/16 06:20:00",F_T+NIL_BB_TG_R60,0.0001,0,0,"2019/05/16 06:00:26",,"2016/04/12 00:00:00",1,77.09
D,P5MIN,CONSTRAINTSOLUTION,6,"2019/05/16 06:05:00",0,"2019/05/16 06:20:00",F_T+NIL_MG_R5,63.57223,0.02,0,"2019/05/16 06:00:26",,"2016/04/12 00:00:00",1,63.57
D,P5MIN,CONSTRAINTSOLUTION,6,"2019/05/16 06:05:00",0,"2019/05/16 06:20:00",F_T+NIL_MG_R6,61.66973,0.49,0,"2019/05/16 06:00:26",,"2016/04/12 00:00:00",1,61.67
D,P5MIN,CONSTRAINTSOLUTION,6,"2019/05/16 06:05:00",0,"2019/05/16 06:20:00",F_T+NIL_MG_R60,77.08714,4,0,"2019/05/16 06:00:26",,"2016/04/12 00:00:00",1,77.09
D,P5MIN,CONSTRAINTSOLUTION,6,"2019/05/16 06:05:00",0,"2019/05/16 06:20:00",F_T+NIL_MG_RECL_R5,51.85029,0,0,"2019/05/16 06:00:26",,"2016/12/02 00:00:00",1,63.57
D,P5MIN,CONSTRAINTSOLUTION,6,"2019/05/16 06:05:00",0,"2019/05/16 06:20:00",F_T+NIL_MG_RECL_R6,48.66846,0,0,"2019/05/16 06:00:26",,"2016/12/02 00:00:00",1,61.67
D,P5MIN,CONSTRAINTSOLUTION,6,"2019/05/16 06:05:00",0,"2019/05/16 06:20:00",F_T+NIL_MG_RECL_R60,60.83555,0,0,"2019/05/16 06:00:26",,"2016/12/02 00:00:00",1,77.09
D,P5MIN,CONSTRAINTSOLUTION,6,"2019/05/16 06:05:00",0,"2019/05/16 06:20:00",F_T+NIL_ML_L5,-9935.535,0,0,"2019/05/16 06:00:26",,"2016/04/12 00:00:00",1,80
D,P5MIN,CONSTRAINTSOLUTION,6,"2019/05/16 06:05:00",0,"2019/05/16 06:20:00",F_T+NIL_ML_L6,-9939.87486,0,0,"2019/05/16 06:00:26",,"2016/04/12 00:00:00",1,0
D,P5MIN,CONSTRAINTSOLUTION,6,"2019/05/16 06:05:00",0,"2019/05/16 06:20:00",F_T+NIL_ML_L60,-9924.84357,0,0,"2019/05/16 06:00:26",,"2016/04/12 00:00:00",1,21.85
D,P5MIN,CONSTRAINTSOLUTION,6,"2019/05/16 06:05:00",0,"2019/05/16 06:20:00",F_T+NIL_TL_L5_DS,-19883.99803,0,0,"2019/05/16 06:00:26",,"2016/10/25 00:00:00",1,80
D,P5MIN,CONSTRAINTSOLUTION,6,"2019/05/16 06:05:00",0,"2019/05/16 06:20:00",F_T+NIL_TL_L60_DS,-19859.5363,0,0,"2019/05/16 06:00:26",,"2016/10/25 00:00:00",1,21.85
D,P5MIN,CONSTRAINTSOLUTION,6,"2019/05/16 06:05:00",0,"2019/05/16 06:20:00",F_T+NIL_TL_L6_DS,-19887.62904,0,0,"2019/05/16 06:00:26",,"2016/10/25 00:00:00",1,0
D,P5MIN,CONSTRAINTSOLUTION,6,"2019/05/16 06:05:00",0,"2019/05/16 06:20:00",F_T+NIL_WF_TG_R5,-30.60733,0,0,"2019/05/16 06:00:26",,"2016/04/12 00:00:00",1,63.57
D,P5MIN,CONSTRAINTSOLUTION,6,"2019/05/16 06:05:00",0,"2019/05/16 06:20:00",F_T+NIL_WF_TG_R6,0.0001,0,0,"2019/05/16 06:00:26",,"2016/04/12 00:00:00",1,61.67
D,P5MIN,CONSTRAINTSOLUTION,6,"2019/05/16 06:05:00",0,"2019/05/16 06:20:00",F_T+NIL_WF_TG_R60,0.0001,0,0,"2019/05/16 06:00:26",,"2016/04/12 00:00:00",1,77.09
D,P5MIN,CONSTRAINTSOLUTION,6,"2019/05/16 06:05:00",0,"2019/05/16 06:20:00",F_T+RREG_0050,-9950,0,0,"2019/05/16 06:00:26",,"2015/01/29 00:00:00",1,50
D,P5MIN,CONSTRAINTSOLUTION,6,"2019/05/16 06:05:00",0,"2019/05/16 06:20:00",F_TASCAP_LREG_0190,140,1.5,0,"2019/05/16 06:00:26",,"2019/04/16 00:00:00",1,140
D,P5MIN,CONSTRAINTSOLUTION,6,"2019/05/16 06:05:00",0,"2019/05/16 06:20:00",F_TASCAP_RREG_0200,150,9.25,0,"2019/05/16 06:00:26",,"2019/03/18 00:00:00",1,150
D,P5MIN,CONSTRAINTSOLUTION,6,"2019/05/16 06:05:00",0,"2019/05/16 06:20:00",F_T_NIL_MINP_R6,35,0.96,0,"2019/05/16 06:00:26",,"2018/04/30 00:00:00",1,35.00027
D,P5MIN,CONSTRAINTSOLUTION,6,"2019/05/16 06:05:00",0,"2019/05/16 06:20:00",N::Q_BWLD_KC,1275.28958,0,0,"2019/05/16 06:00:26",,"2018/01/19 00:00:00",1,433.63501
D,P5MIN,CONSTRAINTSOLUTION,6,"2019/05/16 06:05:00",0,"2019/05/16 06:20:00",N::Q_BWLD_LDMU,727.08458,0,0,"2019/05/16 06:00:26",,"2018/01/19 00:00:00",1,-606.02609
D,P5MIN,CONSTRAINTSOLUTION,6,"2019/05/16 06:05:00",0,"2019/05/16 06:20:00",N::Q_BWLD_LDTW,644.82264,0,0,"2019/05/16 06:00:26",,"2018/01/19 00:00:00",1,-609.04709
D,P5MIN,CONSTRAINTSOLUTION,6,"2019/05/16 06:05:00",0,"2019/05/16 06:20:00",N::Q_BWLD_TNT,1314.83946,0,0,"2019/05/16 06:00:26",,"2018/01/19 00:00:00",1,39.51341
D,P5MIN,CONSTRAINTSOLUTION,6,"2019/05/16 06:05:00",0,"2019/05/16 06:20:00",N::Q_NIL_KC,1355.28958,0,0,"2019/05/16 06:00:26",,"2017/12/06 00:00:00",1,433.63501
D,P5MIN,CONSTRAINTSOLUTION,6,"2019/05/16 06:05:00",0,"2019/05/16 06:20:00",N::Q_NIL_LDMU,807.08458,0,0,"2019/05/16 06:00:26",,"2017/12/06 00:00:00",1,-606.02609
D,P5MIN,CONSTRAINTSOLUTION,6,"2019/05/16 06:05:00",0,"2019/05/16 06:20:00",N::Q_NIL_LDTW,724.82264,0,0,"2019/05/16 06:00:26",,"2017/12/06 00:00:00",1,-609.04709
D,P5MIN,CONSTRAINTSOLUTION,6,"2019/05/16 06:05:00",0,"2019/05/16 06:20:00",N::Q_NIL_TNT,1394.83946,0,0,"2019/05/16 06:00:26",,"2017/12/06 00:00:00",1,39.51341
D,P5MIN,CONSTRAINTSOLUTION,6,"2019/05/16 06:05:00",0,"2019/05/16 06:20:00",N::V_NIL_BWSW,1510.59418,0,0,"2019/05/16 06:00:26",,"2018/06/26 00:00:00",1,209.59346
D,P5MIN,CONSTRAINTSOLUTION,6,"2019/05/16 06:05:00",0,"2019/05/16 06:20:00",N::V_NIL_MSDD,1462.35786,0,0,"2019/05/16 06:00:26",,"2018/06/26 00:00:00",1,251.35541
D,P5MIN,CONSTRAINTSOLUTION,6,"2019/05/16 06:05:00",0,"2019/05/16 06:20:00",N::V_NIL_UTMS,1625.38859,0,0,"2019/05/16 06:00:26",,"2018/06/26 00:00:00",1,209.59346
D,P5MIN,CONSTRAINTSOLUTION,6,"2019/05/16 06:05:00",0,"2019/05/16 06:20:00",N:V_NIL_BWRG,1232.62825,0,0,"2019/05/16 06:00:26",,"2018/06/26 00:00:00",1,209.59346
D,P5MIN,CONSTRAINTSOLUTION,6,"2019/05/16 06:05:00",0,"2019/05/16 06:20:00",N:V_NIL_BYYS,1616.65459,0,0,"2019/05/16 06:00:26",,"2018/06/26 00:00:00",1,209.59346
D,P5MIN,CONSTRAINTSOLUTION,6,"2019/05/16 06:05:00",0,"2019/05/16 06:20:00",N>>N-BWLD_ONE_A,1247.11381,0,0,"2019/05/16 06:00:26",,"2019/03/04 00:00:00",1,-1349.17437
D,P5MIN,CONSTRAINTSOLUTION,6,"2019/05/16 06:05:00",0,"2019/05/16 06:20:00",N>>N-BWLD_ONE_B,2825.03266,0,0,"2019/05/16 06:00:26",,"2019/03/04 00:00:00",1,1349.17437
D,P5MIN,CONSTRAINTSOLUTION,6,"2019/05/16 06:05:00",0,"2019/05/16 06:20:00",N>>N-BWLD_ONE_C,1893.68455,0,0,"2019/05/16 06:00:26",,"2019/03/04 00:00:00",1,-896.95569
D,P5MIN,CONSTRAINTSOLUTION,6,"2019/05/16 06:05:00",0,"2019/05/16 06:20:00",N>>N-BWLD_ONE_D,2584.53281,0,0,"2019/05/16 06:00:26",,"2019/03/04 00:00:00",1,1392.64892
D,P5MIN,CONSTRAINTSOLUTION,6,"2019/05/16 06:05:00",0,"2019/05/16 06:20:00",N>>N-BWLD_ONE_E,2637.74986,0,0,"2019/05/16 06:00:26",,"2019/03/04 00:00:00",1,1381.19753
D,P5MIN,CONSTRAINTSOLUTION,6,"2019/05/16 06:05:00",0,"2019/05/16 06:20:00",N>>N-BYSW_A1_15M,3644.68265,0,0,"2019/05/16 06:00:26",,"2019/03/04 00:00:00",1,201.04821
D,P5MIN,CONSTRAINTSOLUTION,6,"2019/05/16 06:05:00",0,"2019/05/16 06:20:00",N>>N-BYSW_A2_15M,1310.06611,0,0,"2019/05/16 06:00:26",,"2019/03/04 00:00:00",1,-201.04821
D,P5MIN,CONSTRAINTSOLUTION,6,"2019/05/16 06:05:00",0,"2019/05/16 06:20:00",N>>N-BYSW_B,3654.67172,0,0,"2019/05/16 06:00:26",,"2019/03/04 00:00:00",1,1175.83703
D,P5MIN,CONSTRAINTSOLUTION,6,"2019/05/16 06:05:00",0,"2019/05/16 06:20:00",N>>N-BYSW_C,3875.33615,0,0,"2019/05/16 06:00:26",,"2019/03/04 00:00:00",1,2006.15994
D,P5MIN,CONSTRAINTSOLUTION,6,"2019/05/16 06:05:00",0,"2019/05/16 06:20:00",N>>N-BYSW_G1_15M,3841.6606,0,0,"2019/05/16 06:00:26",,"2019/03/04 00:00:00",1,202.36224
D,P5MIN,CONSTRAINTSOLUTION,6,"2019/05/16 06:05:00",0,"2019/05/16 06:20:00",N>>N-BYSW_G2_15M,1596.68881,0,0,"2019/05/16 06:00:26",,"2019/03/04 00:00:00",1,-202.36224
D,P5MIN,CONSTRAINTSOLUTION,6,"2019/05/16 06:05:00",0,"2019/05/16 06:20:00",N>>N-BYSW_H_15M,3841.46078,0,0,"2019/05/16 06:00:26",,"2019/03/04 00:00:00",1,202.36224
D,P5MIN,CONSTRAINTSOLUTION,6,"2019/05/16 06:05:00",0,"2019/05/16 06:20:00",N>>N-BYSW_J,3700.23533,0,0,"2019/05/16 06:00:26",,"2019/03/04 00:00:00",1,1179.34259
D,P5MIN,CONSTRAINTSOLUTION,6,"2019/05/16 06:05:00",0,"2019/05/16 06:20:00",N>>N-BYSW_K,3528.72468,0,0,"2019/05/16 06:00:26",,"2019/03/04 00:00:00",1,919.54757
D,P5MIN,CONSTRAINTSOLUTION,6,"2019/05/16 06:05:00",0,"2019/05/16 06:20:00",N>>N-KC_TX_01,2971.92803,0,0,"2019/05/16 06:00:26",,"2019/03/04 00:00:00",1,2600.92344
D,P5MIN,CONSTRAINTSOLUTION,6,"2019/05/16 06:05:00",0,"2019/05/16 06:20:00",N>>N-KC_TX_02,3890.55316,0,0,"2019/05/16 06:00:26",,"2019/03/04 00:00:00",1,2892.24907
D,P5MIN,CONSTRAINTSOLUTION,6,"2019/05/16 06:05:00",0,"2019/05/16 06:20:00",N>>N-KC_TX_03,3861.45281,0,0,"2019/05/16 06:00:26",,"2019/03/04 00:00:00",1,2908.85125
D,P5MIN,CONSTRAINTSOLUTION,6,"2019/05/16 06:05:00",0,"2019/05/16 06:20:00",N>>N-KC_TX_05,3907.88103,0,0,"2019/05/16 06:00:26",,"2019/03/04 00:00:00",1,2785.74794
D,P5MIN,CONSTRAINTSOLUTION,6,"2019/05/16 06:05:00",0,"2019/05/16 06:20:00",N>>N-KC_TX_06,3822.28272,0,0,"2019/05/16 06:00:26",,"2019/03/04 00:00:00",1,3156.15471
D,P5MIN,CONSTRAINTSOLUTION,6,"2019/05/16 06:05:00",0,"2019/05/16 06:20:00",N>>N-NIL_01N,2176.0314,0,0,"2019/05/16 06:00:26",,"2019/03/01 00:00:00",1,91.82536
D,P5MIN,CONSTRAINTSOLUTION,6,"2019/05/16 06:05:00",0,"2019/05/16 06:20:00",N>>N-NIL_01S,592.91573,0,0,"2019/05/16 06:00:26",,"2019/03/01 00:00:00",1,-91.82536
D,P5MIN,CONSTRAINTSOLUTION,6,"2019/05/16 06:05:00",0,"2019/05/16 06:20:00",N>>N-NIL_03,591.9202,0,0,"2019/05/16 06:00:26",,"2019/03/01 00:00:00",1,-91.82536
D,P5MIN,CONSTRAINTSOLUTION,6,"2019/05/16 06:05:00",0,"2019/05/16 06:20:00",N>>N-NIL_17N,3913.31729,0,0,"2019/05/16 06:00:26",,"2019/03/01 00:00:00",1,198.1901
D,P5MIN,CONSTRAINTSOLUTION,6,"2019/05/16 06:05:00",0,"2019/05/16 06:20:00",N>>N-NIL_17S,1547.05678,0,0,"2019/05/16 06:00:26",,"2019/03/01 00:00:00",1,-198.1901
D,P5MIN,CONSTRAINTSOLUTION,6,"2019/05/16 06:05:00",0,"2019/05/16 06:20:00",N>>N-NIL_1A,1349.53213,0,0,"2019/05/16 06:00:26",,"2019/02/28 00:00:00",1,-1370.66374
D,P5MIN,CONSTRAINTSOLUTION,6,"2019/05/16 06:05:00",0,"2019/05/16 06:20:00",N>>N-NIL_1E_OPENED,5913.16239,0,0,"2019/05/16 06:00:26",,"2019/02/28 00:00:00",1,1503.34936
D,P5MIN,CONSTRAINTSOLUTION,6,"2019/05/16 06:05:00",0,"2019/05/16 06:20:00",N>>N-NIL_1G,4555.74405,0,0,"2019/05/16 06:00:26",,"2019/02/28 00:00:00",1,3433.75746
D,P5MIN,CONSTRAINTSOLUTION,6,"2019/05/16 06:05:00",0,"2019/05/16 06:20:00",N>>N-NIL_1N_OPENED,6528.88154,0,0,"2019/05/16 06:00:26",,"2019/02/28 00:00:00",1,1497.87355
D,P5MIN,CONSTRAINTSOLUTION,6,"2019/05/16 06:05:00",0,"2019/05/16 06:20:00",N>>N-NIL_1O,7032.37433,0,0,"2019/05/16 06:00:26",,"2019/02/28 00:00:00",1,2082.86528
D,P5MIN,CONSTRAINTSOLUTION,6,"2019/05/16 06:05:00",0,"2019/05/16 06:20:00",N>>N-NIL_1R,4400.59476,0,0,"2019/05/16 06:00:26",,"2019/02/28 00:00:00",1,3161.25004
D,P5MIN,CONSTRAINTSOLUTION,6,"2019/05/16 06:05:00",0,"2019/05/16 06:20:00",N>>N-NIL_1S,6870.08535,0,0,"2019/05/16 06:00:26",,"2019/02/28 00:00:00",1,1506.80166
D,P5MIN,CONSTRAINTSOLUTION,6,"2019/05/16 06:05:00",0,"2019/05/16 06:20:00",N>>N-NIL_1T,8084.0224,0,0,"2019/05/16 06:00:26",,"2019/02/28 00:00:00",1,1493.84345
D,P5MIN,CONSTRAINTSOLUTION,6,"2019/05/16 06:05:00",0,"2019/05/16 06:20:00",N>>N-NIL_1WN,3709.07729,0,0,"2019/05/16 06:00:26",,"2019/03/01 00:00:00",1,197.4256
D,P5MIN,CONSTRAINTSOLUTION,6,"2019/05/16 06:05:00",0,"2019/05/16 06:20:00",N>>N-NIL_1WS,1272.23716,0,0,"2019/05/16 06:00:26",,"2019/03/01 00:00:00",1,-197.4256
D,P5MIN,CONSTRAINTSOLUTION,6,"2019/05/16 06:05:00",0,"2019/05/16 06:20:00",N>>N-NIL_1XN,3656.71011,0,0,"2019/05/16 06:00:26",,"2019/03/01 00:00:00",1,197.42678
D,P5MIN,CONSTRAINTSOLUTION,6,"2019/05/16 06:05:00",0,"2019/05/16 06:20:00",N>>N-NIL_1XS,1219.30607,0,0,"2019/05/16 06:00:26",,"2019/03/01 00:00:00",1,-197.42678
D,P5MIN,CONSTRAINTSOLUTION,6,"2019/05/16 06:05:00",0,"2019/05/16 06:20:00",N>>N-NIL_1Y,3913.58154,0,0,"2019/05/16 06:00:26",,"2019/03/01 00:00:00",1,198.18816
D,P5MIN,CONSTRAINTSOLUTION,6,"2019/05/16 06:05:00",0,"2019/05/16 06:20:00",N>>N-NIL_1YS,1548.07849,0,0,"2019/05/16 06:00:26",,"2019/03/01 00:00:00",1,-198.18816
D,P5MIN,CONSTRAINTSOLUTION,6,"2019/05/16 06:05:00",0,"2019/05/16 06:20:00",N>>N-NIL_1Z,4018.50849,0,0,"2019/05/16 06:00:26",,"2019/03/01 00:00:00",1,198.18816
D,P5MIN,CONSTRAINTSOLUTION,6,"2019/05/16 06:05:00",0,"2019/05/16 06:20:00",N>>N-NIL_1ZS,1653.72563,0,0,"2019/05/16 06:00:26",,"2019/03/01 00:00:00",1,-198.18816
D,P5MIN,CONSTRAINTSOLUTION,6,"2019/05/16 06:05:00",0,"2019/05/16 06:20:00",N>>N-NIL_23N,4018.27378,0,0,"2019/05/16 06:00:26",,"2019/03/01 00:00:00",1,198.18816
D,P5MIN,CONSTRAINTSOLUTION,6,"2019/05/16 06:05:00",0,"2019/05/16 06:20:00",N>>N-NIL_23S,1701.32178,0,0,"2019/05/16 06:00:26",,"2019/01/11 00:00:00",1,-198.26042
D,P5MIN,CONSTRAINTSOLUTION,6,"2019/05/16 06:05:00",0,"2019/05/16 06:20:00",N>>N-NIL_28,4319.78575,0,0,"2019/05/16 06:00:26",,"2019/02/28 00:00:00",1,757.47245
D,P5MIN,CONSTRAINTSOLUTION,6,"2019/05/16 06:05:00",0,"2019/05/16 06:20:00",N>>N-NIL_29N,3710.49064,0,0,"2019/05/16 06:00:26",,"2019/03/01 00:00:00",1,165.68693
D,P5MIN,CONSTRAINTSOLUTION,6,"2019/05/16 06:05:00",0,"2019/05/16 06:20:00",N>>N-NIL_29S,1133.78413,0,0,"2019/05/16 06:00:26",,"2019/03/01 00:00:00",1,-230.78226
D,P5MIN,CONSTRAINTSOLUTION,6,"2019/05/16 06:05:00",0,"2019/05/16 06:20:00",N>>N-NIL_31N,3804.2855,0,0,"2019/05/16 06:00:26",,"2019/03/01 00:00:00",1,165.68693
D,P5MIN,CONSTRAINTSOLUTION,6,"2019/05/16 06:05:00",0,"2019/05/16 06:20:00",N>>N-NIL_31S,1223.22938,0,0,"2019/05/16 06:00:26",,"2019/03/01 00:00:00",1,-230.78226
D,P5MIN,CONSTRAINTSOLUTION,6,"2019/05/16 06:05:00",0,"2019/05/16 06:20:00",N>>N-NIL_36,2892.87446,0,0,"2019/05/16 06:00:26",,"2019/05/06 00:00:00",1,166.42241
D,P5MIN,CONSTRAINTSOLUTION,6,"2019/05/16 06:05:00",0,"2019/05/16 06:20:00",N>>N-NIL_45,1953.82465,0,0,"2019/05/16 06:00:26",,"2019/03/01 00:00:00",1,141.33918
D,P5MIN,CONSTRAINTSOLUTION,6,"2019/05/16 06:05:00",0,"2019/05/16 06:20:00",N>>N-NIL_46,980.1562,0,0,"2019/05/16 06:00:26",,"2019/03/01 00:00:00",1,-59.4244
D,P5MIN,CONSTRAINTSOLUTION,6,"2019/05/16 06:05:00",0,"2019/05/16 06:20:00",N>>N-NIL_47,1660.3144,0,0,"2019/05/16 06:00:26",,"2019/03/01 00:00:00",1,58.90934
D,P5MIN,CONSTRAINTSOLUTION,6,"2019/05/16 06:05:00",0,"2019/05/16 06:20:00",N>>N-NIL_48,1662.33338,0,0,"2019/05/16 06:00:26",,"2019/03/01 00:00:00",1,59.4244
D,P5MIN,CONSTRAINTSOLUTION,6,"2019/05/16 06:05:00",0,"2019/05/16 06:20:00",N>>N-NIL_49,984.42662,0,0,"2019/05/16 06:00:26",,"2019/03/01 00:00:00",1,-58.90934
D,P5MIN,CONSTRAINTSOLUTION,6,"2019/05/16 06:05:00",0,"2019/05/16 06:20:00",N>>N-NIL_56,1998.78662,0,0,"2019/05/16 06:00:26",,"2019/03/01 00:00:00",1,148.74597
D,P5MIN,CONSTRAINTSOLUTION,6,"2019/05/16 06:05:00",0,"2019/05/16 06:20:00",N>>N-NIL_57,975.44681,0,0,"2019/05/16 06:00:26",,"2019/03/01 00:00:00",1,-67.38066
D,P5MIN,CONSTRAINTSOLUTION,6,"2019/05/16 06:05:00",0,"2019/05/16 06:20:00",N>>N-NIL_58,6100.06871,0,0,"2019/05/16 06:00:26",,"2019/02/28 00:00:00",1,848.67027
D,P5MIN,CONSTRAINTSOLUTION,6,"2019/05/16 06:05:00",0,"2019/05/16 06:20:00",N>>N-NIL_59,6102.7203,0,0,"2019/05/16 06:00:26",,"2019/02/28 00:00:00",1,848.67027
D,P5MIN,CONSTRAINTSOLUTION,6,"2019/05/16 06:05:00",0,"2019/05/16 06:20:00",N>>N-NIL_60,1953.67191,0,0,"2019/05/16 06:00:26",,"2019/03/01 00:00:00",1,141.31202
D,P5MIN,CONSTRAINTSOLUTION,6,"2019/05/16 06:05:00",0,"2019/05/16 06:20:00",N>>N-NIL_61,1994.76892,0,0,"2019/05/16 06:00:26",,"2019/03/01 00:00:00",1,147.76078
D,P5MIN,CONSTRAINTSOLUTION,6,"2019/05/16 06:05:00",0,"2019/05/16 06:20:00",N>>N-NIL_62,1638.42462,0,0,"2019/05/16 06:00:26",,"2019/03/01 00:00:00",1,54.88312
D,P5MIN,CONSTRAINTSOLUTION,6,"2019/05/16 06:05:00",0,"2019/05/16 06:20:00",N>>N-NIL_63,1652.99166,0,0,"2019/05/16 06:00:26",,"2019/03/01 00:00:00",1,55.81159
D,P5MIN,CONSTRAINTSOLUTION,6,"2019/05/16 06:05:00",0,"2019/05/16 06:20:00",N>>N-NIL_64,5792.89036,0,0,"2019/05/16 06:00:26",,"2019/02/28 00:00:00",1,2394.00436
D,P5MIN,CONSTRAINTSOLUTION,6,"2019/05/16 06:05:00",0,"2019/05/16 06:20:00",N>>N-NIL_65,5542.69499,0,0,"2019/05/16 06:00:26",,"2019/02/28 00:00:00",1,2244.10038
D,P5MIN,CONSTRAINTSOLUTION,6,"2019/05/16 06:05:00",0,"2019/05/16 06:20:00",N>>N-NIL_8E_8C,1322,0,0,"2019/05/16 06:00:26",,"2019/01/11 00:00:00",1,673.15469
D,P5MIN,CONSTRAINTSOLUTION,6,"2019/05/16 06:05:00",0,"2019/05/16 06:20:00",N>>N-NIL_996_IN,618.17592,0,0,"2019/05/16 06:00:26",,"2019/05/06 00:00:00",1,90.16611
D,P5MIN,CONSTRAINTSOLUTION,6,"2019/05/16 06:05:00",0,"2019/05/16 06:20:00",N>>N-NIL_DPTX,467.15086,0,0,"2019/05/16 06:00:26",,"2019/05/06 00:00:00",1,-75.94648
D,P5MIN,CONSTRAINTSOLUTION,6,"2019/05/16 06:05:00",0,"2019/05/16 06:20:00",N>>N-NIL_DPTX_2,845.73978,0,0,"2019/05/16 06:00:26",,"2019/05/06 00:00:00",1,75.94648
D,P5MIN,CONSTRAINTSOLUTION,6,"2019/05/16 06:05:00",0,"2019/05/16 06:20:00",N>>N-NIL_H01,3445.77289,0,0,"2019/05/16 06:00:26",,"2019/03/01 00:00:00",1,171.50875
D,P5MIN,CONSTRAINTSOLUTION,6,"2019/05/16 06:05:00",0,"2019/05/16 06:20:00",N>>N-NIL_H02,4063.93067,0,0,"2019/05/16 06:00:26",,"2019/01/11 00:00:00",1,170.0617
D,P5MIN,CONSTRAINTSOLUTION,6,"2019/05/16 06:05:00",0,"2019/05/16 06:20:00",N>>N-NIL_H03,3861.22127,0,0,"2019/05/16 06:00:26",,"2019/01/11 00:00:00",1,85.26039
D,P5MIN,CONSTRAINTSOLUTION,6,"2019/05/16 06:05:00",0,"2019/05/16 06:20:00",N>>N-NIL_H051,1261.12032,0,0,"2019/05/16 06:00:26",,"2019/05/06 00:00:00",1,53.33801
D,P5MIN,CONSTRAINTSOLUTION,6,"2019/05/16 06:05:00",0,"2019/05/16 06:20:00",N>>N-NIL_H060,1704.37398,0,0,"2019/05/16 06:00:26",,"2019/05/06 00:00:00",1,-141.60451
D,P5MIN,CONSTRAINTSOLUTION,6,"2019/05/16 06:05:00",0,"2019/05/16 06:20:00",N>>N-NIL_H07,3771.02318,0,0,"2019/05/16 06:00:26",,"2019/03/01 00:00:00",1,53.36934
D,P5MIN,CONSTRAINTSOLUTION,6,"2019/05/16 06:05:00",0,"2019/05/16 06:20:00",N>>N-NIL_HE,3312.06633,0,0,"2019/05/16 06:00:26",,"2019/01/11 00:00:00",1,-420.60453
D,P5MIN,CONSTRAINTSOLUTION,6,"2019/05/16 06:05:00",0,"2019/05/16 06:20:00",N>>N-NIL_HF,3151.09773,0,0,"2019/05/16 06:00:26",,"2019/05/06 00:00:00",1,219.90434
D,P5MIN,CONSTRAINTSOLUTION,6,"2019/05/16 06:05:00",0,"2019/05/16 06:20:00",N>>N-NIL_HI_15M,3571.55976,0,0,"2019/05/16 06:00:26",,"2019/05/06 00:00:00",1,153.69576
D,P5MIN,CONSTRAINTSOLUTION,6,"2019/05/16 06:05:00",0,"2019/05/16 06:20:00",N>>N-NIL_HK_15M,3717.85732,0,0,"2019/05/16 06:00:26",,"2019/03/01 00:00:00",1,162.04066
D,P5MIN,CONSTRAINTSOLUTION,6,"2019/05/16 06:05:00",0,"2019/05/16 06:20:00",N>>N-NIL_HL,3661.88503,0,0,"2019/05/16 06:00:26",,"2019/05/06 00:00:00",1,-298.38672
D,P5MIN,CONSTRAINTSOLUTION,6,"2019/05/16 06:05:00",0,"2019/05/16 06:20:00",N>>N-NIL_HM,3257.50203,0,0,"2019/05/16 06:00:26",,"2019/05/06 00:00:00",1,298.38672
D,P5MIN,CONSTRAINTSOLUTION,6,"2019/05/16 06:05:00",0,"2019/05/16 06:20:00",N>>N-NIL_HU_15M,3630.5025,0,0,"2019/05/16 06:00:26",,"2019/05/06 00:00:00",1,160.15773
D,P5MIN,CONSTRAINTSOLUTION,6,"2019/05/16 06:05:00",0,"2019/05/16 06:20:00",N>>N-NIL__2_OPENED,648.52668,0,0,"2019/05/16 06:00:26",,"2019/01/11 00:00:00",1,-821.36018
D,P5MIN,CONSTRAINTSOLUTION,6,"2019/05/16 06:05:00",0,"2019/05/16 06:20:00",N>>N-NIL__3_OPENED,646.2874,0,0,"2019/05/16 06:00:26",,"2019/01/11 00:00:00",1,-821.36018
D,P5MIN,CONSTRAINTSOLUTION,6,"2019/05/16 06:05:00",0,"2019/05/16 06:20:00",N>>N-NIL__A_15M,3403.46549,0,0,"2019/05/16 06:00:26",,"2019/05/06 00:00:00",1,104.46655
D,P5MIN,CONSTRAINTSOLUTION,6,"2019/05/16 06:05:00",0,"2019/05/16 06:20:00",N>>N-NIL__B_15M,3021.62996,0,0,"2019/05/16 06:00:26",,"2019/05/06 00:00:00",1,154.31309
D,P5MIN,CONSTRAINTSOLUTION,6,"2019/05/16 06:05:00",0,"2019/05/16 06:20:00",N>>N-NIL__C_15M,3274.10284,0,0,"2019/05/16 06:00:26",,"2019/01/11 00:00:00",1,77.61249
D,P5MIN,CONSTRAINTSOLUTION,6,"2019/05/16 06:05:00",0,"2019/05/16 06:20:00",N>>N-NIL__D_15M,3267.94544,0,0,"2019/05/16 06:00:26",,"2019/03/01 00:00:00",1,163.67792
D,P5MIN,CONSTRAINTSOLUTION,6,"2019/05/16 06:05:00",0,"2019/05/16 06:20:00",N>>N-NIL__E_15M,2866.48531,0,0,"2019/05/16 06:00:26",,"2019/03/01 00:00:00",1,171.15151
D,P5MIN,CONSTRAINTSOLUTION,6,"2019/05/16 06:05:00",0,"2019/05/16 06:20:00",N>>N-NIL__F_15M,3298.62402,0,0,"2019/05/16 06:00:26",,"2019/01/11 00:00:00",1,170.42441
D,P5MIN,CONSTRAINTSOLUTION,6,"2019/05/16 06:05:00",0,"2019/05/16 06:20:00",N>>N-NIL__G_15M,3621.2015,0,0,"2019/05/16 06:00:26",,"2019/01/11 00:00:00",1,159.56392
D,P5MIN,CONSTRAINTSOLUTION,6,"2019/05/16 06:05:00",0,"2019/05/16 06:20:00",N>>N-NIL__H_15M,3129.79365,0,0,"2019/05/16 06:00:26",,"2019/03/01 00:00:00",1,63.03449
D,P5MIN,CONSTRAINTSOLUTION,6,"2019/05/16 06:05:00",0,"2019/05/16 06:20:00",N>>N-NIL__K,5740.25094,0,0,"2019/05/16 06:00:26",,"2019/02/28 00:00:00",1,1877.96593
D,P5MIN,CONSTRAINTSOLUTION,6,"2019/05/16 06:05:00",0,"2019/05/16 06:20:00",N>>N-NIL__L,5768.32687,0,0,"2019/05/16 06:00:26",,"2019/02/28 00:00:00",1,1877.96686
D,P5MIN,CONSTRAINTSOLUTION,6,"2019/05/16 06:05:00",0,"2019/05/16 06:20:00",N>>N-NIL__M,4371.6956,0,0,"2019/05/16 06:00:26",,"2019/02/28 00:00:00",1,747.85217
D,P5MIN,CONSTRAINTSOLUTION,6,"2019/05/16 06:05:00",0,"2019/05/16 06:20:00",N>>N-NIL__N,6149.74935,0,0,"2019/05/16 06:00:26",,"2019/02/28 00:00:00",1,808.712
D,P5MIN,CONSTRAINTSOLUTION,6,"2019/05/16 06:05:00",0,"2019/05/16 06:20:00",N>>N-NIL__O,6152.21857,0,0,"2019/05/16 06:00:26",,"2019/02/28 00:00:00",1,808.76894
D,P5MIN,CONSTRAINTSOLUTION,6,"2019/05/16 06:05:00",0,"2019/05/16 06:20:00",N>>N-NIL__P,5097.27286,0,0,"2019/05/16 06:00:26",,"2019/02/28 00:00:00",1,1176.3753
D,P5MIN,CONSTRAINTSOLUTION,6,"2019/05/16 06:05:00",0,"2019/05/16 06:20:00",N>>N-NIL__R,6024.36608,0,0,"2019/05/16 06:00:26",,"2019/02/28 00:00:00",1,930.92202
D,P5MIN,CONSTRAINTSOLUTION,6,"2019/05/16 06:05:00",0,"2019/05/16 06:20:00",N>>N-NIL__S,3827.41322,0,0,"2019/05/16 06:00:26",,"2019/02/28 00:00:00",1,1791.49275
D,P5MIN,CONSTRAINTSOLUTION,6,"2019/05/16 06:05:00",0,"2019/05/16 06:20:00",N>>Q-BWLD_ONE,399.01561,0,0,"2019/05/16 06:00:26",,"2019/03/06 00:00:00",1,-1349.17437
D,P5MIN,CONSTRAINTSOLUTION,6,"2019/05/16 06:05:00",0,"2019/05/16 06:20:00",N>>V-NIL_0X1,537.06936,0,0,"2019/05/16 06:00:26",,"2019/05/06 00:00:00",1,118.89966
D,P5MIN,CONSTRAINTSOLUTION,6,"2019/05/16 06:05:00",0,"2019/05/16 06:20:00",N>>V-NIL_HC,985.6503,0,0,"2019/05/16 06:00:26",,"2019/05/06 00:00:00",1,192.59374
D,P5MIN,CONSTRAINTSOLUTION,6,"2019/05/16 06:05:00",0,"2019/05/16 06:20:00",N>>V-NIL_HD,1050.12329,0,0,"2019/05/16 06:00:26",,"2019/05/06 00:00:00",1,166.24458
D,P5MIN,CONSTRAINTSOLUTION,6,"2019/05/16 06:05:00",0,"2019/05/16 06:20:00",N>>V-NIL_HJ,1006.17421,0,0,"2019/05/16 06:00:26",,"2019/05/06 00:00:00",1,257.56453
D,P5MIN,CONSTRAINTSOLUTION,6,"2019/05/16 06:05:00",0,"2019/05/16 06:20:00",N>>V-NIL_HK,2741.44794,0,0,"2019/05/16 06:00:26",,"2019/05/06 00:00:00",1,68.47494
D,P5MIN,CONSTRAINTSOLUTION,6,"2019/05/16 06:05:00",0,"2019/05/16 06:20:00",N>>V-NIL_N,1284.40609,0,0,"2019/05/16 06:00:26",,"2019/01/11 00:00:00",1,87.02792
D,P5MIN,CONSTRAINTSOLUTION,6,"2019/05/16 06:05:00",0,"2019/05/16 06:20:00",N>>V-NIL_O,637.68932,0,0,"2019/05/16 06:00:26",,"2019/01/11 00:00:00",1,221.41429
D,P5MIN,CONSTRAINTSOLUTION,6,"2019/05/16 06:05:00",0,"2019/05/16 06:20:00",N>N-ARKK_CH_CB892A,9983.5,0,0,"2019/05/16 06:00:26",,"2016/01/11 00:00:00",1,-57
D,P5MIN,CONSTRAINTSOLUTION,6,"2019/05/16 06:05:00",0,"2019/05/16 06:20:00",N>N-ARKK_C_BYPASS,10621.14431,0,0,"2019/05/16 06:00:26",,"2018/09/14 00:00:00",1,124.82394
D,P5MIN,CONSTRAINTSOLUTION,6,"2019/05/16 06:05:00",0,"2019/05/16 06:20:00",N>N-ARKK_C_PSTMAN,10720.47502,0,0,"2019/05/16 06:00:26",,"2019/03/08 00:00:00",1,124.07861
D,P5MIN,CONSTRAINTSOLUTION,6,"2019/05/16 06:05:00",0,"2019/05/16 06:20:00",N>N-KC_TX_07,1766.96851,0,0,"2019/05/16 06:00:26",,"2019/03/08 00:00:00",1,1400
D,P5MIN,CONSTRAINTSOLUTION,6,"2019/05/16 06:05:00",0,"2019/05/16 06:20:00",N>N-NIL_8J_8C,1322,0,0,"2019/05/16 06:00:26",,"2019/01/11 00:00:00",1,441.23369
D,P5MIN,CONSTRAINTSOLUTION,6,"2019/05/16 06:05:00",0,"2019/05/16 06:20:00",N>N-NIL_DC,1486.5691,0,0,"2019/05/16 06:00:26",,"2019/01/21 00:00:00",1,809.69932
D,P5MIN,CONSTRAINTSOLUTION,6,"2019/05/16 06:05:00",0,"2019/05/16 06:20:00",N>N-NIL_F7_15M,818.61071,0,0,"2019/05/16 06:00:26",,"2019/01/11 00:00:00",1,-809.69932
D,P5MIN,CONSTRAINTSOLUTION,6,"2019/05/16 06:05:00",0,"2019/05/16 06:20:00",N>N-NIL_LSDU,88.50467,0,0,"2019/05/16 06:00:26",,"2019/01/11 00:00:00",1,-57
D,P5MIN,CONSTRAINTSOLUTION,6,"2019/05/16 06:05:00",0,"2019/05/16 06:20:00",N>N-NIL_MBDU,224.66008,0,0,"2019/05/16 06:00:26",,"2019/01/11 00:00:00",1,57
D,P5MIN,CONSTRAINTSOLUTION,6,"2019/05/16 06:05:00",0,"2019/05/16 06:20:00",N>N-NIL_TE_D2,263.75333,0,0,"2019/05/16 06:00:26",,"2019/01/11 00:00:00",1,-57
D,P5MIN,CONSTRAINTSOLUTION,6,"2019/05/16 06:05:00",0,"2019/05/16 06:20:00",N>N-NIL_TE_E1,9982.83333,0,0,"2019/05/16 06:00:26",,"2019/01/11 00:00:00",1,-57
D,P5MIN,CONSTRAINTSOLUTION,6,"2019/05/16 06:05:00",0,"2019/05/16 06:20:00",N>N-NIL_TE_E2,9982.83333,0,0,"2019/05/16 06:00:26",,"2019/01/11 00:00:00",1,-57
D,P5MIN,CONSTRAINTSOLUTION,6,"2019/05/16 06:05:00",0,"2019/05/16 06:20:00",N>N-NIL_TE_LOAD,9999,0,0,"2019/05/16 06:00:26",,"2013/08/21 00:00:00",1,57
D,P5MIN,CONSTRAINTSOLUTION,6,"2019/05/16 06:05:00",0,"2019/05/16 06:20:00",N>N-NIL__4_15M,649.82813,0,0,"2019/05/16 06:00:26",,"2019/01/11 00:00:00",1,-820.97004
D,P5MIN,CONSTRAINTSOLUTION,6,"2019/05/16 06:05:00",0,"2019/05/16 06:20:00",N>N-NIL__7,1561.52665,0,0,"2019/05/16 06:00:26",,"2019/01/11 00:00:00",1,-809.69932
D,P5MIN,CONSTRAINTSOLUTION,6,"2019/05/16 06:05:00",0,"2019/05/16 06:20:00",NQTE_ROC,23,0,0,"2019/05/16 06:00:26",,"2010/11/08 00:00:00",2,-57
D,P5MIN,CONSTRAINTSOLUTION,6,"2019/05/16 06:05:00",0,"2019/05/16 06:20:00",NRM_NSW1_QLD1,10000,0,0,"2019/05/16 06:00:26",,"2012/06/12 00:00:00",1,-498.23369
D,P5MIN,CONSTRAINTSOLUTION,6,"2019/05/16 06:05:00",0,"2019/05/16 06:20:00",NRM_NSW1_VIC1,10360.81104,0,0,"2019/05/16 06:00:26",,"2012/06/12 00:00:00",1,271.67492
D,P5MIN,CONSTRAINTSOLUTION,6,"2019/05/16 06:05:00",0,"2019/05/16 06:20:00",NRM_QLD1_NSW1,10489.11436,0,0,"2019/05/16 06:00:26",,"2012/06/12 00:00:00",1,498.23369
D,P5MIN,CONSTRAINTSOLUTION,6,"2019/05/16 06:05:00",0,"2019/05/16 06:20:00",NRM_SA1_VIC1,10174.26414,0,0,"2019/05/16 06:00:26",,"2012/06/12 00:00:00",1,183.75977
D,P5MIN,CONSTRAINTSOLUTION,6,"2019/05/16 06:05:00",0,"2019/05/16 06:20:00",NRM_VIC1_NSW1,10000,0,0,"2019/05/16 06:00:26",,"2012/06/12 00:00:00",1,-271.67492
D,P5MIN,CONSTRAINTSOLUTION,6,"2019/05/16 06:05:00",0,"2019/05/16 06:20:00",NRM_VIC1_SA1,10000,0,0,"2019/05/16 06:00:26",,"2012/06/12 00:00:00",1,-183.75977
D,P5MIN,CONSTRAINTSOLUTION,6,"2019/05/16 06:05:00",0,"2019/05/16 06:20:00",N^^N_NIL_1,2622.1703,0,0,"2019/05/16 06:00:26",,"2018/05/02 00:00:00",1,143.64616
D,P5MIN,CONSTRAINTSOLUTION,6,"2019/05/16 06:05:00",0,"2019/05/16 06:20:00",N^^Q_NIL_A,443.63215,0,0,"2019/05/16 06:00:26",,"2017/12/06 00:00:00",1,-614.19419
D,P5MIN,CONSTRAINTSOLUTION,6,"2019/05/16 06:05:00",0,"2019/05/16 06:20:00",N^^Q_NIL_B,622.24474,0,0,"2019/05/16 06:00:26",,"2017/12/06 00:00:00",1,-593.10419
D,P5MIN,CONSTRAINTSOLUTION,6,"2019/05/16 06:05:00",0,"2019/05/16 06:20:00",N^^Q_NIL_B1,937.24474,0,0,"2019/05/16 06:00:26",,"2017/12/06 00:00:00",1,81.89581
D,P5MIN,CONSTRAINTSOLUTION,6,"2019/05/16 06:05:00",0,"2019/05/16 06:20:00",N^^Q_NIL_B2,937.24474,0,0,"2019/05/16 06:00:26",,"2017/12/06 00:00:00",1,-206.10419
D,P5MIN,CONSTRAINTSOLUTION,6,"2019/05/16 06:05:00",0,"2019/05/16 06:20:00",N^^Q_NIL_B3,937.24474,0,0,"2019/05/16 06:00:26",,"2017/12/06 00:00:00",1,-201.60419
D,P5MIN,CONSTRAINTSOLUTION,6,"2019/05/16 06:05:00",0,"2019/05/16 06:20:00",N^^Q_NIL_B4,897.24474,0,0,"2019/05/16 06:00:26",,"2017/12/06 00:00:00",1,-233.10419
D,P5MIN,CONSTRAINTSOLUTION,6,"2019/05/16 06:05:00",0,"2019/05/16 06:20:00",N^^Q_NIL_B5,907.24474,0,0,"2019/05/16 06:00:26",,"2017/12/06 00:00:00",1,-227.70419
D,P5MIN,CONSTRAINTSOLUTION,6,"2019/05/16 06:05:00",0,"2019/05/16 06:20:00",N^^Q_NIL_B6,907.24474,0,0,"2019/05/16 06:00:26",,"2017/12/06 00:00:00",1,-227.70419
D,P5MIN,CONSTRAINTSOLUTION,6,"2019/05/16 06:05:00",0,"2019/05/16 06:20:00",N^^Q_WIV_N-2,937.24474,0,0,"2019/05/16 06:00:26",,"2018/01/19 00:00:00",1,-593.10419
D,P5MIN,CONSTRAINTSOLUTION,6,"2019/05/16 06:05:00",0,"2019/05/16 06:20:00",N^^V_NIL_1,120.34791,0,0,"2019/05/16 06:00:26",,"2019/05/15 00:00:00",1,29.07109
D,P5MIN,CONSTRAINTSOLUTION,6,"2019/05/16 06:05:00",0,"2019/05/16 06:20:00",N_NIL_TE_A,163.5,0,0,"2019/05/16 06:00:26",,"2012/07/04 00:00:00",1,-57
D,P5MIN,CONSTRAINTSOLUTION,6,"2019/05/16 06:05:00",0,"2019/05/16 06:20:00",N_NIL_TE_B,196.5,0,0,"2019/05/16 06:00:26",,"2012/07/04 00:00:00",1,57
D,P5MIN,CONSTRAINTSOLUTION,6,"2019/05/16 06:05:00",0,"2019/05/16 06:20:00",N_V_HV1700_OSC_AUTO,11768.10001,0,0,"2019/05/16 06:00:26",,"2013/07/19 00:00:00",1,366.67492
D,P5MIN,CONSTRAINTSOLUTION,6,"2019/05/16 06:05:00",0,"2019/05/16 06:20:00",Q::N_BI_POT_WIV_N-2,1209.34247,0,0,"2019/05/16 06:00:26",,"2018/01/16 00:00:00",1,534.00209
D,P5MIN,CONSTRAINTSOLUTION,6,"2019/05/16 06:05:00",0,"2019/05/16 06:20:00",Q::N_NIL_AR_2L-G,1111.64688,0,0,"2019/05/16 06:00:26",,"2018/01/15 00:00:00",2,656.22446
D,P5MIN,CONSTRAINTSOLUTION,6,"2019/05/16 06:05:00",0,"2019/05/16 06:20:00",Q::N_NIL_BI_POT,1209.33249,0,0,"2019/05/16 06:00:26",,"2018/01/15 00:00:00",2,534.00209
D,P5MIN,CONSTRAINTSOLUTION,6,"2019/05/16 06:05:00",0,"2019/05/16 06:20:00",Q:NIL_CS,4309.81913,0,0,"2019/05/16 06:00:26",,"2018/12/27 00:00:00",1,3416.294
D,P5MIN,CONSTRAINTSOLUTION,6,"2019/05/16 06:05:00",0,"2019/05/16 06:20:00",Q:N_NIL_BWRG,1417.63914,0,0,"2019/05/16 06:00:26",,"2013/10/23 00:00:00",1,441.23369
D,P5MIN,CONSTRAINTSOLUTION,6,"2019/05/16 06:05:00",0,"2019/05/16 06:20:00",Q:N_NIL_LDNC,1417.31925,0,0,"2019/05/16 06:00:26",,"2013/10/23 00:00:00",1,441.23369
D,P5MIN,CONSTRAINTSOLUTION,6,"2019/05/16 06:05:00",0,"2019/05/16 06:20:00",Q:N_NIL_OSC,1200,0,0,"2019/05/16 06:00:26",,"2013/07/25 00:00:00",1,441.23369
D,P5MIN,CONSTRAINTSOLUTION,6,"2019/05/16 06:05:00",0,"2019/05/16 06:20:00",Q>>LCCP_BCCP_CLWU_2,3020.68974,0,0,"2019/05/16 06:00:26",,"2018/12/27 00:00:00",1,1867.72974
D,P5MIN,CONSTRAINTSOLUTION,6,"2019/05/16 06:05:00",0,"2019/05/16 06:20:00",Q>>LCCP_CLWU_BCCP_2,2605.14854,0,0,"2019/05/16 06:00:26",,"2018/12/27 00:00:00",1,1707.85566
D,P5MIN,CONSTRAINTSOLUTION,6,"2019/05/16 06:05:00",0,"2019/05/16 06:20:00",Q>>NIL_MRGB_MRTX1,11030.69168,0,0,"2019/05/16 06:00:26",,"2019/01/11 00:00:00",1,1021.99443
D,P5MIN,CONSTRAINTSOLUTION,6,"2019/05/16 06:05:00",0,"2019/05/16 06:20:00",Q>>NIL_MRTX5_MRTX4,3053.94546,0,0,"2019/05/16 06:00:26",,"2019/01/11 00:00:00",1,1198.68767
D,P5MIN,CONSTRAINTSOLUTION,6,"2019/05/16 06:05:00",0,"2019/05/16 06:20:00",Q>>WOPW_WOSP_WOGP_1,2955.37269,0,0,"2019/05/16 06:00:26",,"2019/04/10 00:00:00",1,2420.00319
D,P5MIN,CONSTRAINTSOLUTION,6,"2019/05/16 06:05:00",0,"2019/05/16 06:20:00",Q>>WOPW_WOSP_WOGP_2,2811.18161,0,0,"2019/05/16 06:00:26",,"2019/04/10 00:00:00",1,2420.04885
D,P5MIN,CONSTRAINTSOLUTION,6,"2019/05/16 06:05:00",0,"2019/05/16 06:20:00",Q>N-NIL_8L_8M,1379,0,0,"2019/05/16 06:00:26",,"2013/08/21 00:00:00",1,441.23369
D,P5MIN,CONSTRAINTSOLUTION,6,"2019/05/16 06:05:00",0,"2019/05/16 06:20:00",Q>NIL_BI_CAGS_CALV_O,532.65365,0,0,"2019/05/16 06:00:26",,"2019/01/11 00:00:00",1,205
D,P5MIN,CONSTRAINTSOLUTION,6,"2019/05/16 06:05:00",0,"2019/05/16 06:20:00",Q>NIL_MRTA_A,9990,0,0,"2019/05/16 06:00:26",,"2019/01/11 00:00:00",1,0
D,P5MIN,CONSTRAINTSOLUTION,6,"2019/05/16 06:05:00",0,"2019/05/16 06:20:00",Q>NIL_MRTA_B,9990,0,0,"2019/05/16 06:00:26",,"2019/01/11 00:00:00",1,0
D,P5MIN,CONSTRAINTSOLUTION,6,"2019/05/16 06:05:00",0,"2019/05/16 06:20:00",Q>NIL_MRTA_C,371.25,0,0,"2019/05/16 06:00:26",,"2019/01/11 00:00:00",1,0
D,P5MIN,CONSTRAINTSOLUTION,6,"2019/05/16 06:05:00",0,"2019/05/16 06:20:00",Q>NIL_MUTE_757,201.6,0,0,"2019/05/16 06:00:26",,"2014/09/02 00:00:00",1,57
D,P5MIN,CONSTRAINTSOLUTION,6,"2019/05/16 06:05:00",0,"2019/05/16 06:20:00",Q>NIL_MUTE_758,201.6,0,0,"2019/05/16 06:00:26",,"2014/09/02 00:00:00",1,57
D,P5MIN,CONSTRAINTSOLUTION,6,"2019/05/16 06:05:00",0,"2019/05/16 06:20:00",Q>NIL_TV66,410.96679,0,0,"2019/05/16 06:00:26",,"2018/08/20 00:00:00",1,0
D,P5MIN,CONSTRAINTSOLUTION,6,"2019/05/16 06:05:00",0,"2019/05/16 06:20:00",QNI_SOUTH_1150_DYN,1150,0,0,"2019/05/16 06:00:26",,"2019/01/30 00:00:00",1,441.23369
D,P5MIN,CONSTRAINTSOLUTION,6,"2019/05/16 06:05:00",0,"2019/05/16 06:20:00",QNTE_ROC,137,0,0,"2019/05/16 06:00:26",,"2010/11/08 00:00:00",3,57
D,P5MIN,CONSTRAINTSOLUTION,6,"2019/05/16 06:05:00",0,"2019/05/16 06:20:00",QN_1078_OSC_AUTO,11078,0,0,"2019/05/16 06:00:26",,"2013/07/25 00:00:00",1,441.23369
D,P5MIN,CONSTRAINTSOLUTION,6,"2019/05/16 06:05:00",0,"2019/05/16 06:20:00",Q^NIL_CN_FDR,-569.63337,0,0,"2019/05/16 06:00:26",,"2018/08/28 00:00:00",1,190.224
D,P5MIN,CONSTRAINTSOLUTION,6,"2019/05/16 06:05:00",0,"2019/05/16 06:20:00",Q^NIL_CN_GT,-716.11677,0,0,"2019/05/16 06:00:26",,"2018/08/28 00:00:00",1,144
D,P5MIN,CONSTRAINTSOLUTION,6,"2019/05/16 06:05:00",0,"2019/05/16 06:20:00",Q^NIL_FNQ,-327.32944,0,0,"2019/05/16 06:00:26",,"2018/08/28 00:00:00",1,144
D,P5MIN,CONSTRAINTSOLUTION,6,"2019/05/16 06:05:00",0,"2019/05/16 06:20:00",Q^NIL_GC,-5981.70342,0,0,"2019/05/16 06:00:26",,"2013/08/21 00:00:00",1,-57
D,P5MIN,CONSTRAINTSOLUTION,6,"2019/05/16 06:05:00",0,"2019/05/16 06:20:00",Q^^CS_-080,3279.51322,0,0,"2019/05/16 06:00:26",,"2018/08/30 00:00:00",1,2106.98827
D,P5MIN,CONSTRAINTSOLUTION,6,"2019/05/16 06:05:00",0,"2019/05/16 06:20:00",Q^^NIL_CS,3359.51321,0,0,"2019/05/16 06:00:26",,"2018/08/30 00:00:00",1,2106.98827
D,P5MIN,CONSTRAINTSOLUTION,6,"2019/05/16 06:05:00",0,"2019/05/16 06:20:00",Q^^NIL_QNI_SRAR,973.86409,0,0,"2019/05/16 06:00:26",,"2019/04/11 00:00:00",1,682.43153
D,P5MIN,CONSTRAINTSOLUTION,6,"2019/05/16 06:05:00",0,"2019/05/16 06:20:00",Q^^NIL_TR_CLHA,5711.15499,0,0,"2019/05/16 06:00:26",,"2018/12/19 00:00:00",1,3434.44651
D,P5MIN,CONSTRAINTSOLUTION,6,"2019/05/16 06:05:00",0,"2019/05/16 06:20:00",Q^^NIL_TR_TRBK,5941.68958,0,0,"2019/05/16 06:00:26",,"2018/12/19 00:00:00",1,3741.30672
D,P5MIN,CONSTRAINTSOLUTION,6,"2019/05/16 06:05:00",0,"2019/05/16 06:20:00",Q^^TR_CLHA_-250,5221.66604,0,0,"2019/05/16 06:00:26",,"2018/12/19 00:00:00",1,3434.44651
D,P5MIN,CONSTRAINTSOLUTION,6,"2019/05/16 06:05:00",0,"2019/05/16 06:20:00",Q^^TR_TRBK_-150,5645.41325,0,0,"2019/05/16 06:00:26",,"2018/12/19 00:00:00",1,3741.30672
D,P5MIN,CONSTRAINTSOLUTION,6,"2019/05/16 06:05:00",0,"2019/05/16 06:20:00",Q_CS_2000,4533.30224,0,0,"2019/05/16 06:00:26",,"2019/01/15 00:00:00",1,3416.294
D,P5MIN,CONSTRAINTSOLUTION,6,"2019/05/16 06:05:00",0,"2019/05/16 06:20:00",S::V_NIL_TBSE_1,660.07794,0,0,"2019/05/16 06:00:26",,"2019/03/21 00:00:00",1,163.30457
D,P5MIN,CONSTRAINTSOLUTION,6,"2019/05/16 06:05:00",0,"2019/05/16 06:20:00",S::V_NIL_TBSE_2-DS,10000,0,0,"2019/05/16 06:00:26",,"2019/03/21 00:00:00",1,163.06587
D,P5MIN,CONSTRAINTSOLUTION,6,"2019/05/16 06:05:00",0,"2019/05/16 06:20:00",S:VS_580_OSC_AUTO_1,10000,0,0,"2019/05/16 06:00:26",,"2016/06/30 00:00:00",1,183.75977
D,P5MIN,CONSTRAINTSOLUTION,6,"2019/05/16 06:05:00",0,"2019/05/16 06:20:00",S:VS_650_HY_TEST,650,0,0,"2019/05/16 06:00:26",,"2018/08/07 00:00:00",1,183.75977
D,P5MIN,CONSTRAINTSOLUTION,6,"2019/05/16 06:05:00",0,"2019/05/16 06:20:00",S:VS_650_HY_TEST_DYN,650,0,0,"2019/05/16 06:00:26",,"2015/11/25 00:00:00",1,183.75977
D,P5MIN,CONSTRAINTSOLUTION,6,"2019/05/16 06:05:00",0,"2019/05/16 06:20:00",S:VS_700_1,10000,0,0,"2019/05/16 06:00:26",,"2016/08/16 00:00:00",1,183.75977
D,P5MIN,CONSTRAINTSOLUTION,6,"2019/05/16 06:05:00",0,"2019/05/16 06:20:00",S:VS_700_OSC_AUTO,10700,0,0,"2019/05/16 06:00:26",,"2016/06/30 00:00:00",1,183.75977
D,P5MIN,CONSTRAINTSOLUTION,6,"2019/05/16 06:05:00",0,"2019/05/16 06:20:00",S:VS_800,800,0,0,"2019/05/16 06:00:26",,"2018/08/07 00:00:00",1,183.75977
D,P5MIN,CONSTRAINTSOLUTION,6,"2019/05/16 06:05:00",0,"2019/05/16 06:20:00",S:V_460_OSC_AUTO_1,10000,0,0,"2019/05/16 06:00:26",,"2016/06/30 00:00:00",1,165.75977
D,P5MIN,CONSTRAINTSOLUTION,6,"2019/05/16 06:05:00",0,"2019/05/16 06:20:00",S:V_500_HY_TEST,500,0,0,"2019/05/16 06:00:26",,"2018/08/07 00:00:00",1,165.75977
D,P5MIN,CONSTRAINTSOLUTION,6,"2019/05/16 06:05:00",0,"2019/05/16 06:20:00",S:V_500_HY_TEST_DYN,500,0,0,"2019/05/16 06:00:26",,"2015/11/25 00:00:00",1,165.75977
D,P5MIN,CONSTRAINTSOLUTION,6,"2019/05/16 06:05:00",0,"2019/05/16 06:20:00",S:V_550_1,10000,0,0,"2019/05/16 06:00:26",,"2016/08/16 00:00:00",1,165.75977
D,P5MIN,CONSTRAINTSOLUTION,6,"2019/05/16 06:05:00",0,"2019/05/16 06:20:00",S:V_550_OSC_AUTO,10550,0,0,"2019/05/16 06:00:26",,"2016/06/30 00:00:00",1,165.75977
D,P5MIN,CONSTRAINTSOLUTION,6,"2019/05/16 06:05:00",0,"2019/05/16 06:20:00",S:V_650,650,0,0,"2019/05/16 06:00:26",,"2018/08/07 00:00:00",1,165.75977
D,P5MIN,CONSTRAINTSOLUTION,6,"2019/05/16 06:05:00",0,"2019/05/16 06:20:00",S>>HUBG_AWHU_WEWT,325.25661,0,0,"2019/05/16 06:00:26",,"2019/05/15 00:00:00",1,53.2254
D,P5MIN,CONSTRAINTSOLUTION,6,"2019/05/16 06:05:00",0,"2019/05/16 06:20:00",S>>HUBG_BGDV_WEMWP4,257.91453,0,0,"2019/05/16 06:00:26",,"2019/05/15 00:00:00",1,-34.66564
D,P5MIN,CONSTRAINTSOLUTION,6,"2019/05/16 06:05:00",0,"2019/05/16 06:20:00",S>>HUBG_BGDV_WTWE,322.58957,0,0,"2019/05/16 06:00:26",,"2019/05/15 00:00:00",1,-66.31371
D,P5MIN,CONSTRAINTSOLUTION,6,"2019/05/16 06:05:00",0,"2019/05/16 06:20:00",S>>HUBG_BLDV_WEWT,327.13648,0,0,"2019/05/16 06:00:26",,"2019/05/15 00:00:00",1,64.44864
D,P5MIN,CONSTRAINTSOLUTION,6,"2019/05/16 06:05:00",0,"2019/05/16 06:20:00",S>>HUBG_BLDV_WTTP,474.74719,0,0,"2019/05/16 06:00:26",,"2019/05/15 00:00:00",1,80.1585
D,P5MIN,CONSTRAINTSOLUTION,6,"2019/05/16 06:05:00",0,"2019/05/16 06:20:00",S>>HUBG_BWMP_WEWT,327.08176,0,0,"2019/05/16 06:00:26",,"2019/03/13 00:00:00",1,49.63278
D,P5MIN,CONSTRAINTSOLUTION,6,"2019/05/16 06:05:00",0,"2019/05/16 06:20:00",S>>HUBG_LKDV_WEWT,321.80312,0,0,"2019/05/16 06:00:26",,"2019/05/15 00:00:00",1,76.22308
D,P5MIN,CONSTRAINTSOLUTION,6,"2019/05/16 06:05:00",0,"2019/05/16 06:20:00",S>>HUBG_LKDV_WTTP,518.04118,0,0,"2019/05/16 06:00:26",,"2019/05/15 00:00:00",1,83.09247
D,P5MIN,CONSTRAINTSOLUTION,6,"2019/05/16 06:05:00",0,"2019/05/16 06:20:00",S>>HUBG_MNCLN_WEMWP4,205.2973,0,0,"2019/05/16 06:00:26",,"2019/05/15 00:00:00",1,-27.58319
D,P5MIN,CONSTRAINTSOLUTION,6,"2019/05/16 06:05:00",0,"2019/05/16 06:20:00",S>>HUBG_MNCLN_WTWE,273.14954,0,0,"2019/05/16 06:00:26",,"2019/05/15 00:00:00",1,-45.44691
D,P5MIN,CONSTRAINTSOLUTION,6,"2019/05/16 06:05:00",0,"2019/05/16 06:20:00",S>>HUBG_RBTU_WEWT,312.48484,0,0,"2019/05/16 06:00:26",,"2019/05/15 00:00:00",1,85.09183
D,P5MIN,CONSTRAINTSOLUTION,6,"2019/05/16 06:05:00",0,"2019/05/16 06:20:00",S>>HUBG_RBTU_WTTP,482.88555,0,0,"2019/05/16 06:00:26",,"2019/05/15 00:00:00",1,111.84601
D,P5MIN,CONSTRAINTSOLUTION,6,"2019/05/16 06:05:00",0,"2019/05/16 06:20:00",S>>HUBG_RBTX1_WEWT,305.96909,0,0,"2019/05/16 06:00:26",,"2019/05/15 00:00:00",1,41.95826
D,P5MIN,CONSTRAINTSOLUTION,6,"2019/05/16 06:05:00",0,"2019/05/16 06:20:00",S>>HUBG_WTTP_WEMWP4,223.70439,0,0,"2019/05/16 06:00:26",,"2019/05/15 00:00:00",1,9.6561
D,P5MIN,CONSTRAINTSOLUTION,6,"2019/05/16 06:05:00",0,"2019/05/16 06:20:00",S>>HUBG_WTTP_WTWE,287.95772,0,0,"2019/05/16 06:00:26",,"2019/05/15 00:00:00",1,-4.02048
D,P5MIN,CONSTRAINTSOLUTION,6,"2019/05/16 06:05:00",0,"2019/05/16 06:20:00",S>>NIL_BGBW_BRTW,1270.90998,0,0,"2019/05/16 06:00:26",,"2019/05/15 00:00:00",1,227.65832
D,P5MIN,CONSTRAINTSOLUTION,6,"2019/05/16 06:05:00",0,"2019/05/16 06:20:00",S>>NIL_BRTW_WEP4,367.87402,0,0,"2019/05/16 06:00:26",,"2019/05/15 00:00:00",1,1.41079
D,P5MIN,CONSTRAINTSOLUTION,6,"2019/05/16 06:05:00",0,"2019/05/16 06:20:00",S>>NIL_BRTW_WTTP,575.58072,0,0,"2019/05/16 06:00:26",,"2019/05/15 00:00:00",1,129.44009
D,P5MIN,CONSTRAINTSOLUTION,6,"2019/05/16 06:05:00",0,"2019/05/16 06:20:00",S>>NIL_BRTX_WEP4,327.05055,0,0,"2019/05/16 06:00:26",,"2019/05/15 00:00:00",1,-13.34441
D,P5MIN,CONSTRAINTSOLUTION,6,"2019/05/16 06:05:00",0,"2019/05/16 06:20:00",S>>NIL_BRTX_WTTP,531.99757,0,0,"2019/05/16 06:00:26",,"2019/05/15 00:00:00",1,91.15567
D,P5MIN,CONSTRAINTSOLUTION,6,"2019/05/16 06:05:00",0,"2019/05/16 06:20:00",S>>NIL_BWMP_BRTW,1270.18983,0,0,"2019/05/16 06:00:26",,"2019/05/15 00:00:00",1,272.87215
D,P5MIN,CONSTRAINTSOLUTION,6,"2019/05/16 06:05:00",0,"2019/05/16 06:20:00",S>>NIL_BWMP_TPRS,468.36136,0,0,"2019/05/16 06:00:26",,"2019/05/15 00:00:00",1,94.69226
D,P5MIN,CONSTRAINTSOLUTION,6,"2019/05/16 06:05:00",0,"2019/05/16 06:20:00",S>>NIL_BWMP_TWPA,1143.16034,0,0,"2019/05/16 06:00:26",,"2019/05/15 00:00:00",1,257.0833
D,P5MIN,CONSTRAINTSOLUTION,6,"2019/05/16 06:05:00",0,"2019/05/16 06:20:00",S>>NIL_BWMP_WEP4,286.07617,0,0,"2019/05/16 06:00:26",,"2019/05/15 00:00:00",1,-7.64765
D,P5MIN,CONSTRAINTSOLUTION,6,"2019/05/16 06:05:00",0,"2019/05/16 06:20:00",S>>NIL_BWMP_WTTP,586.73154,0,0,"2019/05/16 06:00:26",,"2019/05/15 00:00:00",1,128.5591
D,P5MIN,CONSTRAINTSOLUTION,6,"2019/05/16 06:05:00",0,"2019/05/16 06:20:00",S>>NIL_CGTB_TUTB_1,683.01671,0,0,"2019/05/16 06:00:26",,"2019/05/15 00:00:00",1,162.38046
D,P5MIN,CONSTRAINTSOLUTION,6,"2019/05/16 06:05:00",0,"2019/05/16 06:20:00",S>>NIL_CNRB_WEMWP4,387.49296,0,0,"2019/05/16 06:00:26",,"2019/05/15 00:00:00",1,32.75738
D,P5MIN,CONSTRAINTSOLUTION,6,"2019/05/16 06:05:00",0,"2019/05/16 06:20:00",S>>NIL_HUBG-T_WEWT,10000,0,0,"2019/05/16 06:00:26",,"2019/05/15 00:00:00",1,53.2254
D,P5MIN,CONSTRAINTSOLUTION,6,"2019/05/16 06:05:00",0,"2019/05/16 06:20:00",S>>NIL_HUBG-T_WEWT2,323.71459,0,0,"2019/05/16 06:00:26",,"2019/05/15 00:00:00",1,53.2254
D,P5MIN,CONSTRAINTSOLUTION,6,"2019/05/16 06:05:00",0,"2019/05/16 06:20:00",S>>NIL_LKDV_WEWT,294.27979,0,0,"2019/05/16 06:00:26",,"2019/05/15 00:00:00",1,68.25146
D,P5MIN,CONSTRAINTSOLUTION,6,"2019/05/16 06:05:00",0,"2019/05/16 06:20:00",S>>NIL_MKRB_WEMWP4,368.5766,0,0,"2019/05/16 06:00:26",,"2019/05/15 00:00:00",1,-2.86251
D,P5MIN,CONSTRAINTSOLUTION,6,"2019/05/16 06:05:00",0,"2019/05/16 06:20:00",S>>NIL_RBPA_RBTU,1192.7172,0,0,"2019/05/16 06:00:26",,"2019/05/15 00:00:00",1,315.29866
D,P5MIN,CONSTRAINTSOLUTION,6,"2019/05/16 06:05:00",0,"2019/05/16 06:20:00",S>>NIL_RBPA_WEWT,315.02157,0,0,"2019/05/16 06:00:26",,"2019/05/15 00:00:00",1,72.92527
D,P5MIN,CONSTRAINTSOLUTION,6,"2019/05/16 06:05:00",0,"2019/05/16 06:20:00",S>>NIL_RBTU_BRTW,1412.44949,0,0,"2019/05/16 06:00:26",,"2019/05/15 00:00:00",1,266.70576
D,P5MIN,CONSTRAINTSOLUTION,6,"2019/05/16 06:05:00",0,"2019/05/16 06:20:00",S>>NIL_RBTU_RBPA,1281.03046,0,0,"2019/05/16 06:00:26",,"2019/05/15 00:00:00",1,314.25879
D,P5MIN,CONSTRAINTSOLUTION,6,"2019/05/16 06:05:00",0,"2019/05/16 06:20:00",S>>NIL_RBTU_TWPA,1127.80353,0,0,"2019/05/16 06:00:26",,"2019/05/15 00:00:00",1,226.11703
D,P5MIN,CONSTRAINTSOLUTION,6,"2019/05/16 06:05:00",0,"2019/05/16 06:20:00",S>>NIL_RBTU_WEWT,307.383,0,0,"2019/05/16 06:00:26",,"2019/05/15 00:00:00",1,80.59901
D,P5MIN,CONSTRAINTSOLUTION,6,"2019/05/16 06:05:00",0,"2019/05/16 06:20:00",S>>NIL_RBTU_WTTP,600.60194,0,0,"2019/05/16 06:00:26",,"2019/05/15 00:00:00",1,141.7201
D,P5MIN,CONSTRAINTSOLUTION,6,"2019/05/16 06:05:00",0,"2019/05/16 06:20:00",S>>NIL_RBTX1_WTWE,280.72638,0,0,"2019/05/16 06:00:26",,"2019/05/15 00:00:00",1,-32.80196
D,P5MIN,CONSTRAINTSOLUTION,6,"2019/05/16 06:05:00",0,"2019/05/16 06:20:00",S>>NIL_SETB_SETB_1,907.43093,0,0,"2019/05/16 06:00:26",,"2019/05/15 00:00:00",1,-162.49538
D,P5MIN,CONSTRAINTSOLUTION,6,"2019/05/16 06:05:00",0,"2019/05/16 06:20:00",S>>NIL_TBCG_TBTU_1,891.86256,0,0,"2019/05/16 06:00:26",,"2019/05/15 00:00:00",1,-162.38046
D,P5MIN,CONSTRAINTSOLUTION,6,"2019/05/16 06:05:00",0,"2019/05/16 06:20:00",S>>NIL_TBSE_PWSE_1,10000,0,0,"2019/05/16 06:00:26",,"2019/03/11 00:00:00",1,38.77674
D,P5MIN,CONSTRAINTSOLUTION,6,"2019/05/16 06:05:00",0,"2019/05/16 06:20:00",S>>NIL_TBSE_TBSE_1,756.53541,0,0,"2019/05/16 06:00:26",,"2019/05/15 00:00:00",1,162.49538
D,P5MIN,CONSTRAINTSOLUTION,6,"2019/05/16 06:05:00",0,"2019/05/16 06:20:00",S>>NIL_TBTU_TBCG_1,945.27145,0,0,"2019/05/16 06:00:26",,"2019/05/15 00:00:00",1,-162.38046
D,P5MIN,CONSTRAINTSOLUTION,6,"2019/05/16 06:05:00",0,"2019/05/16 06:20:00",S>>NIL_TBTU_TBMO_1,434.90035,0,0,"2019/05/16 06:00:26",,"2019/05/15 00:00:00",1,-81.63787
D,P5MIN,CONSTRAINTSOLUTION,6,"2019/05/16 06:05:00",0,"2019/05/16 06:20:00",S>>NIL_TUTB_CGTB_1,736.7211,0,0,"2019/05/16 06:00:26",,"2019/05/15 00:00:00",1,162.38046
D,P5MIN,CONSTRAINTSOLUTION,6,"2019/05/16 06:05:00",0,"2019/05/16 06:20:00",S>>NIL_TUTB_PAAC,770.69496,0,0,"2019/05/16 06:00:26",,"2019/05/15 00:00:00",1,93.51941
D,P5MIN,CONSTRAINTSOLUTION,6,"2019/05/16 06:05:00",0,"2019/05/16 06:20:00",S>>NIL_TWPA_BWMP,930.4365,0,0,"2019/05/16 06:00:26",,"2019/05/15 00:00:00",1,178.26125
D,P5MIN,CONSTRAINTSOLUTION,6,"2019/05/16 06:05:00",0,"2019/05/16 06:20:00",S>>NIL_TWPA_TPRS,384.20172,0,0,"2019/05/16 06:00:26",,"2019/05/15 00:00:00",1,104.99353
D,P5MIN,CONSTRAINTSOLUTION,6,"2019/05/16 06:05:00",0,"2019/05/16 06:20:00",S>>NIL_TWPA_WEMW4,303.88726,0,0,"2019/05/16 06:00:26",,"2019/05/15 00:00:00",1,15.31479
D,P5MIN,CONSTRAINTSOLUTION,6,"2019/05/16 06:05:00",0,"2019/05/16 06:20:00",S>>TBTX4_CGTB_TUTB,645.37567,0,0,"2019/05/16 06:00:26",,"2019/03/13 00:00:00",1,162.47321
D,P5MIN,CONSTRAINTSOLUTION,6,"2019/05/16 06:05:00",0,"2019/05/16 06:20:00",S>>TBTX4_TBCG_TBTU,803.16008,0,0,"2019/05/16 06:00:26",,"2019/03/13 00:00:00",1,-162.47321
D,P5MIN,CONSTRAINTSOLUTION,6,"2019/05/16 06:05:00",0,"2019/05/16 06:20:00",S>>TBTX4_TBTU_TBCG,801.2068,0,0,"2019/05/16 06:00:26",,"2019/03/13 00:00:00",1,-162.47321
D,P5MIN,CONSTRAINTSOLUTION,6,"2019/05/16 06:05:00",0,"2019/05/16 06:20:00",S>>TBTX4_TUTB_CGTB,652.11474,0,0,"2019/05/16 06:00:26",,"2019/03/13 00:00:00",1,162.47321
D,P5MIN,CONSTRAINTSOLUTION,6,"2019/05/16 06:05:00",0,"2019/05/16 06:20:00",S>>V_NIL_DVBG_STBG,185.25419,0,0,"2019/05/16 06:00:26",,"2019/05/14 00:00:00",1,-2.70447
D,P5MIN,CONSTRAINTSOLUTION,6,"2019/05/16 06:05:00",0,"2019/05/16 06:20:00",S>>V_NIL_NIL_HUWT,223.52224,0,0,"2019/05/16 06:00:26",,"2019/05/14 00:00:00",1,-1.9965
D,P5MIN,CONSTRAINTSOLUTION,6,"2019/05/16 06:05:00",0,"2019/05/16 06:20:00",S>>V_NIL_NIL_MNWT,302.53382,0,0,"2019/05/16 06:00:26",,"2019/05/14 00:00:00",1,0.0648
D,P5MIN,CONSTRAINTSOLUTION,6,"2019/05/16 06:05:00",0,"2019/05/16 06:20:00",S>>V_NIL_RBTX_MW4RB,324.84806,0,0,"2019/05/16 06:00:26",,"2019/05/14 00:00:00",1,-15.72819
D,P5MIN,CONSTRAINTSOLUTION,6,"2019/05/16 06:05:00",0,"2019/05/16 06:20:00",S>>V_NIL_WTTP_WEMW4,308.65699,0,0,"2019/05/16 06:00:26",,"2019/05/14 00:00:00",1,18.35065
D,P5MIN,CONSTRAINTSOLUTION,6,"2019/05/16 06:05:00",0,"2019/05/16 06:20:00",S>DVTX_NIL_DVTX,166.66268,0,0,"2019/05/16 06:00:26",,"2019/01/22 00:00:00",1,0
D,P5MIN,CONSTRAINTSOLUTION,6,"2019/05/16 06:05:00",0,"2019/05/16 06:20:00",S>NIL_BRTW_MNWT,323.82238,0,0,"2019/05/16 06:00:26",,"2019/05/14 00:00:00",1,29.38808
D,P5MIN,CONSTRAINTSOLUTION,6,"2019/05/16 06:05:00",0,"2019/05/16 06:20:00",S>NIL_BWMP_CNRB,738.99149,0,0,"2019/05/16 06:00:26",,"2019/05/14 00:00:00",1,242.60266
D,P5MIN,CONSTRAINTSOLUTION,6,"2019/05/16 06:05:00",0,"2019/05/16 06:20:00",S>NIL_BWMP_HUWT,223.33843,0,0,"2019/05/16 06:00:26",,"2019/05/14 00:00:00",1,6.95758
D,P5MIN,CONSTRAINTSOLUTION,6,"2019/05/16 06:05:00",0,"2019/05/16 06:20:00",S>NIL_BWMP_RHBR-T,310.16171,0,0,"2019/05/16 06:00:26",,"2019/05/14 00:00:00",1,56.90288
D,P5MIN,CONSTRAINTSOLUTION,6,"2019/05/16 06:05:00",0,"2019/05/16 06:20:00",S>NIL_DVBG_BRTW,1603.38215,0,0,"2019/05/16 06:00:26",,"2019/05/14 00:00:00",1,274.89618
D,P5MIN,CONSTRAINTSOLUTION,6,"2019/05/16 06:05:00",0,"2019/05/16 06:20:00",S>NIL_DVTX_DVTX,166.091,0,0,"2019/05/16 06:00:26",,"2019/01/11 00:00:00",1,0
D,P5MIN,CONSTRAINTSOLUTION,6,"2019/05/16 06:05:00",0,"2019/05/16 06:20:00",S>NIL_HUWT_STBG,10000,0,0,"2019/05/16 06:00:26",,"2019/01/11 00:00:00",1,0
D,P5MIN,CONSTRAINTSOLUTION,6,"2019/05/16 06:05:00",0,"2019/05/16 06:20:00",S>NIL_HUWT_STBG2,125.98724,0,0,"2019/05/16 06:00:26",,"2019/01/11 00:00:00",1,0
D,P5MIN,CONSTRAINTSOLUTION,6,"2019/05/16 06:05:00",0,"2019/05/16 06:20:00",S>NIL_LKDV_CNRB,455.07,0,0,"2019/05/16 06:00:26",,"2019/01/11 00:00:00",1,219.747
D,P5MIN,CONSTRAINTSOLUTION,6,"2019/05/16 06:05:00",0,"2019/05/16 06:20:00",S>NIL_MHNW1_MHNW2,10000,0,0,"2019/05/16 06:00:26",,"2019/01/11 00:00:00",1,-18
D,P5MIN,CONSTRAINTSOLUTION,6,"2019/05/16 06:05:00",0,"2019/05/16 06:20:00",S>NIL_NIL_DLAW,116.32192,0,0,"2019/05/16 06:00:26",,"2019/01/11 00:00:00",1,0
D,P5MIN,CONSTRAINTSOLUTION,6,"2019/05/16 06:05:00",0,"2019/05/16 06:20:00",S>NIL_NIL_MHNW2,269.60726,0,0,"2019/05/16 06:00:26",,"2019/01/11 00:00:00",1,-18
D,P5MIN,CONSTRAINTSOLUTION,6,"2019/05/16 06:05:00",0,"2019/05/16 06:20:00",S>NIL_NIL_MYSG-T,276.22404,0,0,"2019/05/16 06:00:26",,"2019/03/14 00:00:00",2,3.41
D,P5MIN,CONSTRAINTSOLUTION,6,"2019/05/16 06:05:00",0,"2019/05/16 06:20:00",S>NIL_NIL_NWMH2,224.9043,0,0,"2019/05/16 06:00:26",,"2019/01/11 00:00:00",1,18
D,P5MIN,CONSTRAINTSOLUTION,6,"2019/05/16 06:05:00",0,"2019/05/16 06:20:00",S>NIL_NIL_SETX12,385.96015,0,0,"2019/05/16 06:00:26",,"2019/03/14 00:00:00",2,3.41
D,P5MIN,CONSTRAINTSOLUTION,6,"2019/05/16 06:05:00",0,"2019/05/16 06:20:00",S>NIL_NIL_SGBN,348.91376,0,0,"2019/05/16 06:00:26",,"2019/03/14 00:00:00",2,3.41
D,P5MIN,CONSTRAINTSOLUTION,6,"2019/05/16 06:05:00",0,"2019/05/16 06:20:00",S>NIL_NIL_SGMYSE-T2,405.6013,0,0,"2019/05/16 06:00:26",,"2019/03/14 00:00:00",2,3.41
D,P5MIN,CONSTRAINTSOLUTION,6,"2019/05/16 06:05:00",0,"2019/05/16 06:20:00",S>NIL_NWMH1_NWMH2,10000,0,0,"2019/05/16 06:00:26",,"2019/01/11 00:00:00",1,18
D,P5MIN,CONSTRAINTSOLUTION,6,"2019/05/16 06:05:00",0,"2019/05/16 06:20:00",S>NIL_PL_GENMAX,75.92805,0,0,"2019/05/16 06:00:26",,"2019/01/11 00:00:00",1,0
D,P5MIN,CONSTRAINTSOLUTION,6,"2019/05/16 06:05:00",0,"2019/05/16 06:20:00",S>NIL_PL_GENMAX_YDMD,104.09543,0,0,"2019/05/16 06:00:26",,"2019/01/11 00:00:00",1,0
D,P5MIN,CONSTRAINTSOLUTION,6,"2019/05/16 06:05:00",0,"2019/05/16 06:20:00",S>NIL_RBMWP3_RBNW1,10000,0,0,"2019/05/16 06:00:26",,"2019/01/11 00:00:00",1,18
D,P5MIN,CONSTRAINTSOLUTION,6,"2019/05/16 06:05:00",0,"2019/05/16 06:20:00",S>NIL_RBNW1_RBMWP3,10000,0,0,"2019/05/16 06:00:26",,"2019/01/11 00:00:00",1,18
D,P5MIN,CONSTRAINTSOLUTION,6,"2019/05/16 06:05:00",0,"2019/05/16 06:20:00",S>NIL_SGBN_SGSE-T2,10000,0,0,"2019/05/16 06:00:26",,"2019/03/14 00:00:00",2,3.41
D,P5MIN,CONSTRAINTSOLUTION,6,"2019/05/16 06:05:00",0,"2019/05/16 06:20:00",S>NIL_TINO3_TINO4,307.14399,0,0,"2019/05/16 06:00:26",,"2019/03/14 00:00:00",2,-186
D,P5MIN,CONSTRAINTSOLUTION,6,"2019/05/16 06:05:00",0,"2019/05/16 06:20:00",S>NIL_WEMW4_WTTP,385.39874,0,0,"2019/05/16 06:00:26",,"2019/05/14 00:00:00",1,50.43676
D,P5MIN,CONSTRAINTSOLUTION,6,"2019/05/16 06:05:00",0,"2019/05/16 06:20:00",S>SETXH1_SETXL2,69.93175,0,0,"2019/05/16 06:00:26",,"2019/05/16 00:00:00",4,-15.34446
D,P5MIN,CONSTRAINTSOLUTION,6,"2019/05/16 06:05:00",0,"2019/05/16 06:20:00",S>V_NIL_NIL_RBNW,168.81274,0,0,"2019/05/16 06:00:26",,"2019/01/25 00:00:00",1,18
D,P5MIN,CONSTRAINTSOLUTION,6,"2019/05/16 06:05:00",0,"2019/05/16 06:20:00",S>V_NIL_SEHY,742,0,0,"2019/05/16 06:00:26",,"2016/09/13 00:00:00",1,165.75977
D,P5MIN,CONSTRAINTSOLUTION,6,"2019/05/16 06:05:00",0,"2019/05/16 06:20:00",S>V_NIL_SETX_SETX,10000,0,0,"2019/05/16 06:00:26",,"2019/05/08 00:00:00",2,0
D,P5MIN,CONSTRAINTSOLUTION,6,"2019/05/16 06:05:00",0,"2019/05/16 06:20:00",S>V_NIL_SETX_SETX1,178.60211,0,0,"2019/05/16 06:00:26",,"2019/05/08 00:00:00",2,3.41
D,P5MIN,CONSTRAINTSOLUTION,6,"2019/05/16 06:05:00",0,"2019/05/16 06:20:00",SVML_233,233,0,0,"2019/05/16 06:00:26",,"2014/10/01 00:00:00",1,18
D,P5MIN,CONSTRAINTSOLUTION,6,"2019/05/16 06:05:00",0,"2019/05/16 06:20:00",SVML_ROC_80,94.26414,0,0,"2019/05/16 06:00:26",,"2016/08/23 00:00:00",1,18
D,P5MIN,CONSTRAINTSOLUTION,6,"2019/05/16 06:05:00",0,"2019/05/16 06:20:00",S^NIL_PL_MAX,44.79406,0,0,"2019/05/16 06:00:26",,"2017/07/11 00:00:00",1,0
D,P5MIN,CONSTRAINTSOLUTION,6,"2019/05/16 06:05:00",0,"2019/05/16 06:20:00",S_LB2WF_CONF,198,0,0,"2019/05/16 06:00:26",,"2015/08/07 00:00:00",1,3.41
D,P5MIN,CONSTRAINTSOLUTION,6,"2019/05/16 06:05:00",0,"2019/05/16 06:20:00",S_NIL_STRENGTH_1,10516,0,0,"2019/05/16 06:00:26",,"2018/12/05 00:00:00",1,445.561
D,P5MIN,CONSTRAINTSOLUTION,6,"2019/05/16 06:05:00",0,"2019/05/16 06:20:00",S_NIL_STRENGTH_2,1790.84049,0,0,"2019/05/16 06:00:26",,"2018/11/26 00:00:00",1,279.80123
D,P5MIN,CONSTRAINTSOLUTION,6,"2019/05/16 06:05:00",0,"2019/05/16 06:20:00",S_V_NIL_ROCOF,1273.80002,0,0,"2019/05/16 06:00:26",,"2019/01/03 00:00:00",1,165.75977
D,P5MIN,CONSTRAINTSOLUTION,6,"2019/05/16 06:05:00",0,"2019/05/16 06:20:00",T::T_NIL_1,724.61187,0,0,"2019/05/16 06:00:26",,"2014/07/31 00:00:00",1,420.1408
D,P5MIN,CONSTRAINTSOLUTION,6,"2019/05/16 06:05:00",0,"2019/05/16 06:20:00",T::T_NIL_2,10636.13265,0,0,"2019/05/16 06:00:26",,"2014/07/31 00:00:00",1,410.37563
D,P5MIN,CONSTRAINTSOLUTION,6,"2019/05/16 06:05:00",0,"2019/05/16 06:20:00",T::T_NIL_3,751.12697,0,0,"2019/05/16 06:00:26",,"2014/07/31 00:00:00",1,616.08581
D,P5MIN,CONSTRAINTSOLUTION,6,"2019/05/16 06:05:00",0,"2019/05/16 06:20:00",T::T_NIL_4,10885.46707,0,0,"2019/05/16 06:00:26",,"2014/07/31 00:00:00",1,617.74941
D,P5MIN,CONSTRAINTSOLUTION,6,"2019/05/16 06:05:00",0,"2019/05/16 06:20:00",T:T_LIPM_1,-344.29524,0,0,"2019/05/16 06:00:26",,"2013/08/21 00:00:00",1,-411.30992
D,P5MIN,CONSTRAINTSOLUTION,6,"2019/05/16 06:05:00",0,"2019/05/16 06:20:00",T:T_LIPM_2,489.12166,0,0,"2019/05/16 06:00:26",,"2013/08/21 00:00:00",1,266.04691
D,P5MIN,CONSTRAINTSOLUTION,6,"2019/05/16 06:05:00",0,"2019/05/16 06:20:00",T>>T_NIL_BL_EXP_3F,11137.81748,0,0,"2019/05/16 06:00:26",,"2017/07/17 00:00:00",1,585.47549
D,P5MIN,CONSTRAINTSOLUTION,6,"2019/05/16 06:05:00",0,"2019/05/16 06:20:00",T>>T_NIL_BL_EXP_3G,11314.60614,0,0,"2019/05/16 06:00:26",,"2017/07/17 00:00:00",1,456.26589
D,P5MIN,CONSTRAINTSOLUTION,6,"2019/05/16 06:05:00",0,"2019/05/16 06:20:00",T>>T_NIL_BL_EXP_3H,11631.82307,0,0,"2019/05/16 06:00:26",,"2017/07/17 00:00:00",1,669.35903
D,P5MIN,CONSTRAINTSOLUTION,6,"2019/05/16 06:05:00",0,"2019/05/16 06:20:00",T>>T_NIL_BL_EXP_4E,10428.77181,0,0,"2019/05/16 06:00:26",,"2016/07/26 00:00:00",1,238.04215
D,P5MIN,CONSTRAINTSOLUTION,6,"2019/05/16 06:05:00",0,"2019/05/16 06:20:00",T>>T_NIL_BL_EXP_4F,10381.83625,0,0,"2019/05/16 06:00:26",,"2016/06/16 00:00:00",1,229.81759
D,P5MIN,CONSTRAINTSOLUTION,6,"2019/05/16 06:05:00",0,"2019/05/16 06:20:00",T>>T_NIL_BL_EXP_5F,21087.67226,0,0,"2019/05/16 06:00:26",,"2017/07/17 00:00:00",1,616.42271
D,P5MIN,CONSTRAINTSOLUTION,6,"2019/05/16 06:05:00",0,"2019/05/16 06:20:00",T>>T_NIL_BL_EXP_5G,11323.66295,0,0,"2019/05/16 06:00:26",,"2017/07/17 00:00:00",1,525.34212
D,P5MIN,CONSTRAINTSOLUTION,6,"2019/05/16 06:05:00",0,"2019/05/16 06:20:00",T>>T_NIL_BL_EXP_5H,11525.13324,0,0,"2019/05/16 06:00:26",,"2017/07/17 00:00:00",1,701.78797
D,P5MIN,CONSTRAINTSOLUTION,6,"2019/05/16 06:05:00",0,"2019/05/16 06:20:00",T>>T_NIL_BL_EXP_6E,21030.20735,0,0,"2019/05/16 06:00:26",,"2017/07/17 00:00:00",1,773.71427
D,P5MIN,CONSTRAINTSOLUTION,6,"2019/05/16 06:05:00",0,"2019/05/16 06:20:00",T>>T_NIL_BL_EXP_6F,21104.73268,0,0,"2019/05/16 06:00:26",,"2017/07/17 00:00:00",1,659.30847
D,P5MIN,CONSTRAINTSOLUTION,6,"2019/05/16 06:05:00",0,"2019/05/16 06:20:00",T>>T_NIL_BL_EXP_7C,20569.57316,0,0,"2019/05/16 06:00:26",,"2017/07/17 00:00:00",1,503.24058
D,P5MIN,CONSTRAINTSOLUTION,6,"2019/05/16 06:05:00",0,"2019/05/16 06:20:00",T>T_LIPM_110_2A,-328.47054,-17.71,0,"2019/05/16 06:00:26",,"2019/04/24 00:00:00",2,-328.47054
D,P5MIN,CONSTRAINTSOLUTION,6,"2019/05/16 06:05:00",0,"2019/05/16 06:20:00",T>T_LIPM_110_2B,483.9405,0,0,"2019/05/16 06:00:26",,"2019/04/24 00:00:00",2,328.47054
D,P5MIN,CONSTRAINTSOLUTION,6,"2019/05/16 06:05:00",0,"2019/05/16 06:20:00",T>T_LIPM_110_3_1,327.12271,0,0,"2019/05/16 06:00:26",,"2019/04/24 00:00:00",2,142.43853
D,P5MIN,CONSTRAINTSOLUTION,6,"2019/05/16 06:05:00",0,"2019/05/16 06:20:00",T>T_LIPM_110_5,-16.6136,0,0,"2019/05/16 06:00:26",,"2019/04/24 00:00:00",2,-223.22619
D,P5MIN,CONSTRAINTSOLUTION,6,"2019/05/16 06:05:00",0,"2019/05/16 06:20:00",T>T_NIL_110_4,243.64772,0,0,"2019/05/16 06:00:26",,"2019/01/11 00:00:00",1,-25.28492
D,P5MIN,CONSTRAINTSOLUTION,6,"2019/05/16 06:05:00",0,"2019/05/16 06:20:00",T>T_NIL_110_5,364.56094,0,0,"2019/05/16 06:00:26",,"2019/01/11 00:00:00",1,25.28492
D,P5MIN,CONSTRAINTSOLUTION,6,"2019/05/16 06:05:00",0,"2019/05/16 06:20:00",T>T_NIL_BL_110_18_1,316.73733,0,0,"2019/05/16 06:00:26",,"2019/01/11 00:00:00",1,132.95405
D,P5MIN,CONSTRAINTSOLUTION,6,"2019/05/16 06:05:00",0,"2019/05/16 06:20:00",T>T_NIL_BL_110_8,273.63199,0,0,"2019/05/16 06:00:26",,"2019/01/11 00:00:00",1,119.99471
D,P5MIN,CONSTRAINTSOLUTION,6,"2019/05/16 06:05:00",0,"2019/05/16 06:20:00",T>T_NIL_BL_220_6B,968.34598,0,0,"2019/05/16 06:00:26",,"2019/01/11 00:00:00",1,294.65088
D,P5MIN,CONSTRAINTSOLUTION,6,"2019/05/16 06:05:00",0,"2019/05/16 06:20:00",T>T_NIL_BL_3A,1612.29628,0,0,"2019/05/16 06:00:26",,"2019/01/11 00:00:00",1,444.3799
D,P5MIN,CONSTRAINTSOLUTION,6,"2019/05/16 06:05:00",0,"2019/05/16 06:20:00",T>T_NIL_BL_3B,1611.53033,0,0,"2019/05/16 06:00:26",,"2019/01/11 00:00:00",1,444.3799
D,P5MIN,CONSTRAINTSOLUTION,6,"2019/05/16 06:05:00",0,"2019/05/16 06:20:00",T>T_NIL_BL_3C,11184.71704,0,0,"2019/05/16 06:00:26",,"2017/07/17 00:00:00",1,446.04001
D,P5MIN,CONSTRAINTSOLUTION,6,"2019/05/16 06:05:00",0,"2019/05/16 06:20:00",T>T_NIL_BL_3D,11361.91178,0,0,"2019/05/16 06:00:26",,"2017/07/17 00:00:00",1,315.09922
D,P5MIN,CONSTRAINTSOLUTION,6,"2019/05/16 06:05:00",0,"2019/05/16 06:20:00",T>T_NIL_BL_3E,11678.94713,0,0,"2019/05/16 06:00:26",,"2017/07/17 00:00:00",1,529.55045
D,P5MIN,CONSTRAINTSOLUTION,6,"2019/05/16 06:05:00",0,"2019/05/16 06:20:00",T>T_NIL_BL_4A,638.32443,0,0,"2019/05/16 06:00:26",,"2019/01/11 00:00:00",1,92.80235
D,P5MIN,CONSTRAINTSOLUTION,6,"2019/05/16 06:05:00",0,"2019/05/16 06:20:00",T>T_NIL_BL_4B,638.59478,0,0,"2019/05/16 06:00:26",,"2019/01/11 00:00:00",1,92.80235
D,P5MIN,CONSTRAINTSOLUTION,6,"2019/05/16 06:05:00",0,"2019/05/16 06:20:00",T>T_NIL_BL_4C,10816.4101,0,0,"2019/05/16 06:00:26",,"2016/07/26 00:00:00",1,151.42183
D,P5MIN,CONSTRAINTSOLUTION,6,"2019/05/16 06:05:00",0,"2019/05/16 06:20:00",T>T_NIL_BL_4D,10967.39311,0,0,"2019/05/16 06:00:26",,"2016/07/26 00:00:00",1,181.59884
D,P5MIN,CONSTRAINTSOLUTION,6,"2019/05/16 06:05:00",0,"2019/05/16 06:20:00",T>T_NIL_BL_5A,1486.85931,0,0,"2019/05/16 06:00:26",,"2019/01/11 00:00:00",1,480.67323
D,P5MIN,CONSTRAINTSOLUTION,6,"2019/05/16 06:05:00",0,"2019/05/16 06:20:00",T>T_NIL_BL_5B,1486.23758,0,0,"2019/05/16 06:00:26",,"2019/01/11 00:00:00",1,480.67323
D,P5MIN,CONSTRAINTSOLUTION,6,"2019/05/16 06:05:00",0,"2019/05/16 06:20:00",T>T_NIL_BL_5C,11132.77546,0,0,"2019/05/16 06:00:26",,"2017/07/17 00:00:00",1,480.65856
D,P5MIN,CONSTRAINTSOLUTION,6,"2019/05/16 06:05:00",0,"2019/05/16 06:20:00",T>T_NIL_BL_5D,11373.66931,0,0,"2019/05/16 06:00:26",,"2017/07/17 00:00:00",1,376.10154
D,P5MIN,CONSTRAINTSOLUTION,6,"2019/05/16 06:05:00",0,"2019/05/16 06:20:00",T>T_NIL_BL_5E,11571.79138,0,0,"2019/05/16 06:00:26",,"2017/07/17 00:00:00",1,563.30764
D,P5MIN,CONSTRAINTSOLUTION,6,"2019/05/16 06:05:00",0,"2019/05/16 06:20:00",T>T_NIL_BL_6A,1450.40501,0,0,"2019/05/16 06:00:26",,"2019/01/11 00:00:00",1,624.46963
D,P5MIN,CONSTRAINTSOLUTION,6,"2019/05/16 06:05:00",0,"2019/05/16 06:20:00",T>T_NIL_BL_6B,1449.72909,0,0,"2019/05/16 06:00:26",,"2019/01/11 00:00:00",1,624.46963
D,P5MIN,CONSTRAINTSOLUTION,6,"2019/05/16 06:05:00",0,"2019/05/16 06:20:00",T>T_NIL_BL_6C,11080.21981,0,0,"2019/05/16 06:00:26",,"2017/07/17 00:00:00",1,342.47369
D,P5MIN,CONSTRAINTSOLUTION,6,"2019/05/16 06:05:00",0,"2019/05/16 06:20:00",T>T_NIL_BL_6D,11155.36267,0,0,"2019/05/16 06:00:26",,"2017/07/17 00:00:00",1,228.06789
D,P5MIN,CONSTRAINTSOLUTION,6,"2019/05/16 06:05:00",0,"2019/05/16 06:20:00",T>T_NIL_BL_IMP_2B,915.71839,0,0,"2019/05/16 06:00:26",,"2019/01/11 00:00:00",1,210.89785
D,P5MIN,CONSTRAINTSOLUTION,6,"2019/05/16 06:05:00",0,"2019/05/16 06:20:00",T>T_NIL_BL_IMP_3F,1207.12764,0,0,"2019/05/16 06:00:26",,"2019/01/11 00:00:00",1,444.39945
D,P5MIN,CONSTRAINTSOLUTION,6,"2019/05/16 06:05:00",0,"2019/05/16 06:20:00",T>T_NIL_BL_IMP_3FF,1206.62552,0,0,"2019/05/16 06:00:26",,"2019/01/11 00:00:00",1,444.39945
D,P5MIN,CONSTRAINTSOLUTION,6,"2019/05/16 06:05:00",0,"2019/05/16 06:20:00",T>T_NIL_BL_IMP_3G,1379.32604,0,0,"2019/05/16 06:00:26",,"2019/01/11 00:00:00",1,313.68089
D,P5MIN,CONSTRAINTSOLUTION,6,"2019/05/16 06:05:00",0,"2019/05/16 06:20:00",T>T_NIL_BL_IMP_3H,1715.82133,0,0,"2019/05/16 06:00:26",,"2019/01/11 00:00:00",1,527.90693
D,P5MIN,CONSTRAINTSOLUTION,6,"2019/05/16 06:05:00",0,"2019/05/16 06:20:00",T>T_NIL_BL_IMP_4E,498.88534,0,0,"2019/05/16 06:00:26",,"2019/01/11 00:00:00",1,92.79841
D,P5MIN,CONSTRAINTSOLUTION,6,"2019/05/16 06:05:00",0,"2019/05/16 06:20:00",T>T_NIL_BL_IMP_4EE,499.08834,0,0,"2019/05/16 06:00:26",,"2019/01/11 00:00:00",1,92.79841
D,P5MIN,CONSTRAINTSOLUTION,6,"2019/05/16 06:05:00",0,"2019/05/16 06:20:00",T>T_NIL_BL_IMP_4F,451.8293,0,0,"2019/05/16 06:00:26",,"2019/01/11 00:00:00",1,84.97413
D,P5MIN,CONSTRAINTSOLUTION,6,"2019/05/16 06:05:00",0,"2019/05/16 06:20:00",T>T_NIL_BL_IMP_5F,1152.72458,0,0,"2019/05/16 06:00:26",,"2019/01/11 00:00:00",1,480.65856
D,P5MIN,CONSTRAINTSOLUTION,6,"2019/05/16 06:05:00",0,"2019/05/16 06:20:00",T>T_NIL_BL_IMP_5FF,1152.32021,0,0,"2019/05/16 06:00:26",,"2019/01/11 00:00:00",1,480.65856
D,P5MIN,CONSTRAINTSOLUTION,6,"2019/05/16 06:05:00",0,"2019/05/16 06:20:00",T>T_NIL_BL_IMP_5G,1383.41435,0,0,"2019/05/16 06:00:26",,"2019/01/11 00:00:00",1,376.10154
D,P5MIN,CONSTRAINTSOLUTION,6,"2019/05/16 06:05:00",0,"2019/05/16 06:20:00",T>T_NIL_BL_IMP_5H,1599.73816,0,0,"2019/05/16 06:00:26",,"2019/01/11 00:00:00",1,563.53516
D,P5MIN,CONSTRAINTSOLUTION,6,"2019/05/16 06:05:00",0,"2019/05/16 06:20:00",T>T_NIL_BL_IMP_6E,1082.61094,0,0,"2019/05/16 06:00:26",,"2019/01/11 00:00:00",1,624.47369
D,P5MIN,CONSTRAINTSOLUTION,6,"2019/05/16 06:05:00",0,"2019/05/16 06:20:00",T>T_NIL_BL_IMP_6EE,1082.61094,0,0,"2019/05/16 06:00:26",,"2019/01/11 00:00:00",1,624.47369
D,P5MIN,CONSTRAINTSOLUTION,6,"2019/05/16 06:05:00",0,"2019/05/16 06:20:00",T>T_NIL_BL_IMP_6F,1169.80434,0,0,"2019/05/16 06:00:26",,"2019/01/11 00:00:00",1,510.06789
D,P5MIN,CONSTRAINTSOLUTION,6,"2019/05/16 06:05:00",0,"2019/05/16 06:20:00",T>T_NIL_BL_IMP_7C,629.63759,0,0,"2019/05/16 06:00:26",,"2019/01/11 00:00:00",1,354
D,P5MIN,CONSTRAINTSOLUTION,6,"2019/05/16 06:05:00",0,"2019/05/16 06:20:00",T>T_NIL_BL_IMP_7CC,629.13772,0,0,"2019/05/16 06:00:26",,"2019/01/11 00:00:00",1,354
D,P5MIN,CONSTRAINTSOLUTION,6,"2019/05/16 06:05:00",0,"2019/05/16 06:20:00",T>T_NIL_BL_IMP_8B,975.13906,0,0,"2019/05/16 06:00:26",,"2019/01/11 00:00:00",1,278.69867
D,P5MIN,CONSTRAINTSOLUTION,6,"2019/05/16 06:05:00",0,"2019/05/16 06:20:00",T>T_NIL_BL_IMP_8C,87.472,0,0,"2019/05/16 06:00:26",,"2019/01/11 00:00:00",1,-278.69867
D,P5MIN,CONSTRAINTSOLUTION,6,"2019/05/16 06:05:00",0,"2019/05/16 06:20:00",T>T_NIL_NCSPS5_3F,11207.81228,0,0,"2019/05/16 06:00:26",,"2019/01/11 00:00:00",1,444.39945
D,P5MIN,CONSTRAINTSOLUTION,6,"2019/05/16 06:05:00",0,"2019/05/16 06:20:00",T>T_NIL_NCSPS5_3FF,11207.81228,0,0,"2019/05/16 06:00:26",,"2019/01/11 00:00:00",1,444.39945
D,P5MIN,CONSTRAINTSOLUTION,6,"2019/05/16 06:05:00",0,"2019/05/16 06:20:00",T>T_NIL_NCSPS5_3G,11380.19805,0,0,"2019/05/16 06:00:26",,"2019/01/11 00:00:00",1,313.68089
D,P5MIN,CONSTRAINTSOLUTION,6,"2019/05/16 06:05:00",0,"2019/05/16 06:20:00",T>T_NIL_NCSPS5_3H,11716.92826,0,0,"2019/05/16 06:00:26",,"2019/01/11 00:00:00",1,527.90693
D,P5MIN,CONSTRAINTSOLUTION,6,"2019/05/16 06:05:00",0,"2019/05/16 06:20:00",T>T_NIL_NCSPS5_7C,10658.9539,0,0,"2019/05/16 06:00:26",,"2019/01/11 00:00:00",1,354
D,P5MIN,CONSTRAINTSOLUTION,6,"2019/05/16 06:05:00",0,"2019/05/16 06:20:00",T>T_NIL_TOV_5F,11405.41176,0,0,"2019/05/16 06:00:26",,"2019/01/11 00:00:00",1,480.65856
D,P5MIN,CONSTRAINTSOLUTION,6,"2019/05/16 06:05:00",0,"2019/05/16 06:20:00",T>T_NIL_TOV_5FF,11405.41176,0,0,"2019/05/16 06:00:26",,"2019/01/11 00:00:00",1,480.65856
D,P5MIN,CONSTRAINTSOLUTION,6,"2019/05/16 06:05:00",0,"2019/05/16 06:20:00",TVBL_ROC,29.30527,0,0,"2019/05/16 06:00:26",,"2014/01/15 00:00:00",1,-149.24058
D,P5MIN,CONSTRAINTSOLUTION,6,"2019/05/16 06:05:00",0,"2019/05/16 06:20:00",T^T_LIPM_1,-139.24196,0,0,"2019/05/16 06:00:26",,"2017/07/05 00:00:00",1,-181.30415
D,P5MIN,CONSTRAINTSOLUTION,6,"2019/05/16 06:05:00",0,"2019/05/16 06:20:00",T^T_NIL_BL_1,1695.54609,0,0,"2019/05/16 06:00:26",,"2017/07/05 00:00:00",1,38.27821
D,P5MIN,CONSTRAINTSOLUTION,6,"2019/05/16 06:05:00",0,"2019/05/16 06:20:00",T^T_NIL_BL_2,12701.01168,0,0,"2019/05/16 06:00:26",,"2017/07/05 00:00:00",1,-142.23014
D,P5MIN,CONSTRAINTSOLUTION,6,"2019/05/16 06:05:00",0,"2019/05/16 06:20:00",T^T_NIL_BL_4,1885.07051,0,0,"2019/05/16 06:00:26",,"2017/07/05 00:00:00",1,-126.03858
D,P5MIN,CONSTRAINTSOLUTION,6,"2019/05/16 06:05:00",0,"2019/05/16 06:20:00",T^T_NIL_BL_5,763.03582,0,0,"2019/05/16 06:00:26",,"2017/07/05 00:00:00",1,-108.75292
D,P5MIN,CONSTRAINTSOLUTION,6,"2019/05/16 06:05:00",0,"2019/05/16 06:20:00",T^T_NIL_BL_6,136.98055,0,0,"2019/05/16 06:00:26",,"2017/07/05 00:00:00",1,-125.61277
D,P5MIN,CONSTRAINTSOLUTION,6,"2019/05/16 06:05:00",0,"2019/05/16 06:20:00",T^T_NIL_BL_7,989.89566,0,0,"2019/05/16 06:00:26",,"2017/07/05 00:00:00",1,-102.67921
D,P5MIN,CONSTRAINTSOLUTION,6,"2019/05/16 06:05:00",0,"2019/05/16 06:20:00",T^V_LIPM_BL_6,591.42173,0,0,"2019/05/16 06:00:26",,"2013/08/21 00:00:00",1,-149.24058
D,P5MIN,CONSTRAINTSOLUTION,6,"2019/05/16 06:05:00",0,"2019/05/16 06:20:00",T^V_NIL_10,10688.86472,0,0,"2019/05/16 06:00:26",,"2017/10/10 00:00:00",1,-149.24058
D,P5MIN,CONSTRAINTSOLUTION,6,"2019/05/16 06:05:00",0,"2019/05/16 06:20:00",T^V_NIL_11,10510.75797,0,0,"2019/05/16 06:00:26",,"2019/01/25 00:00:00",1,-133.72471
D,P5MIN,CONSTRAINTSOLUTION,6,"2019/05/16 06:05:00",0,"2019/05/16 06:20:00",T^V_NIL_8,10318.33891,0,0,"2019/05/16 06:00:26",,"2018/05/31 00:00:00",1,-171.94393
D,P5MIN,CONSTRAINTSOLUTION,6,"2019/05/16 06:05:00",0,"2019/05/16 06:20:00",T^V_NIL_9,594,0,0,"2019/05/16 06:00:26",,"2015/09/29 00:00:00",1,-149.24058
D,P5MIN,CONSTRAINTSOLUTION,6,"2019/05/16 06:05:00",0,"2019/05/16 06:20:00",T^V_NIL_BL_6,604.96299,0,0,"2019/05/16 06:00:26",,"2013/08/21 00:00:00",1,-149.24058
D,P5MIN,CONSTRAINTSOLUTION,6,"2019/05/16 06:05:00",0,"2019/05/16 06:20:00",T_LIPM1_SLOAD_1_N-2,473.73865,0,0,"2019/05/16 06:00:26",,"2019/05/10 00:00:00",1,328.47054
D,P5MIN,CONSTRAINTSOLUTION,6,"2019/05/16 06:05:00",0,"2019/05/16 06:20:00",T_ROCOF_1,707.01995,0,0,"2019/05/16 06:00:26",,"2014/07/31 00:00:00",1,200.32821
D,P5MIN,CONSTRAINTSOLUTION,6,"2019/05/16 06:05:00",0,"2019/05/16 06:20:00",T_ROCOF_2,10746.38724,0,0,"2019/05/16 06:00:26",,"2014/07/31 00:00:00",1,163.36685
D,P5MIN,CONSTRAINTSOLUTION,6,"2019/05/16 06:05:00",0,"2019/05/16 06:20:00",T_ROCOF_3,11279.64898,0,0,"2019/05/16 06:00:26",,"2014/01/09 00:00:00",1,171.87158
D,P5MIN,CONSTRAINTSOLUTION,6,"2019/05/16 06:05:00",0,"2019/05/16 06:20:00",T_V_NIL_BL1,-50,0,0,"2019/05/16 06:00:26",,"2008/05/26 00:00:00",1,-149.24058
D,P5MIN,CONSTRAINTSOLUTION,6,"2019/05/16 06:05:00",0,"2019/05/16 06:20:00",T_V_NIL_FCSPS,371.75995,0,0,"2019/05/16 06:00:26",,"2013/08/21 00:00:00",1,-149.24058
D,P5MIN,CONSTRAINTSOLUTION,6,"2019/05/16 06:05:00",0,"2019/05/16 06:20:00",V::N_NIL_Q1,20276.92282,0,0,"2019/05/16 06:00:26",,"2019/05/01 00:00:00",1,-1069.30087
D,P5MIN,CONSTRAINTSOLUTION,6,"2019/05/16 06:05:00",0,"2019/05/16 06:20:00",V::N_NIL_Q2,10276.92282,0,0,"2019/05/16 06:00:26",,"2019/05/01 00:00:00",1,-907.15487
D,P5MIN,CONSTRAINTSOLUTION,6,"2019/05/16 06:05:00",0,"2019/05/16 06:20:00",V::N_NIL_S,875.0903,0,0,"2019/05/16 06:00:26",,"2019/05/01 00:00:00",1,-360.25831
D,P5MIN,CONSTRAINTSOLUTION,6,"2019/05/16 06:05:00",0,"2019/05/16 06:20:00",V::N_NIL_SD,10792.76342,0,0,"2019/05/16 06:00:26",,"2019/05/01 00:00:00",1,-337.03999
D,P5MIN,CONSTRAINTSOLUTION,6,"2019/05/16 06:05:00",0,"2019/05/16 06:20:00",V::N_NIL_V,788.83785,0,0,"2019/05/16 06:00:26",,"2019/05/01 00:00:00",1,-372.59607
D,P5MIN,CONSTRAINTSOLUTION,6,"2019/05/16 06:05:00",0,"2019/05/16 06:20:00",V::S_NIL_MAXG_1,669.53674,0,0,"2019/05/16 06:00:26",,"2019/02/05 00:00:00",1,-163.20227
D,P5MIN,CONSTRAINTSOLUTION,6,"2019/05/16 06:05:00",0,"2019/05/16 06:20:00",V::S_NIL_MAXG_2,10000,0,0,"2019/05/16 06:00:26",,"2019/02/05 00:00:00",1,-162.96357
D,P5MIN,CONSTRAINTSOLUTION,6,"2019/05/16 06:05:00",0,"2019/05/16 06:20:00",V::S_NIL_MAXG_3,10000,0,0,"2019/05/16 06:00:26",,"2019/02/05 00:00:00",1,-163.50917
D,P5MIN,CONSTRAINTSOLUTION,6,"2019/05/16 06:05:00",0,"2019/05/16 06:20:00",V::S_NIL_MAXG_SECP_1,10000,0,0,"2019/05/16 06:00:26",,"2019/02/11 00:00:00",1,-162.62257
D,P5MIN,CONSTRAINTSOLUTION,6,"2019/05/16 06:05:00",0,"2019/05/16 06:20:00",V::S_NIL_MAXG_SECP_2,10000,0,0,"2019/05/16 06:00:26",,"2019/02/11 00:00:00",1,-162.96357
D,P5MIN,CONSTRAINTSOLUTION,6,"2019/05/16 06:05:00",0,"2019/05/16 06:20:00",V::S_NIL_SETB_SECP_1,10000,0,0,"2019/05/16 06:00:26",,"2019/02/11 00:00:00",1,-162.31567
D,P5MIN,CONSTRAINTSOLUTION,6,"2019/05/16 06:05:00",0,"2019/05/16 06:20:00",V::S_NIL_SETB_SECP_2,10000,0,0,"2019/05/16 06:00:26",,"2019/02/11 00:00:00",1,-162.41797
D,P5MIN,CONSTRAINTSOLUTION,6,"2019/05/16 06:05:00",0,"2019/05/16 06:20:00",V::S_NIL_TBSE_1,776.51438,0,0,"2019/05/16 06:00:26",,"2019/02/04 00:00:00",1,-162.31567
D,P5MIN,CONSTRAINTSOLUTION,6,"2019/05/16 06:05:00",0,"2019/05/16 06:20:00",V::S_NIL_TBSE_2,10000,0,0,"2019/05/16 06:00:26",,"2019/02/04 00:00:00",1,-162.41797
D,P5MIN,CONSTRAINTSOLUTION,6,"2019/05/16 06:05:00",0,"2019/05/16 06:20:00",V::S_TBTX_MAXG,663.39461,0,0,"2019/05/16 06:00:26",,"2019/02/21 00:00:00",1,-163.13407
D,P5MIN,CONSTRAINTSOLUTION,6,"2019/05/16 06:05:00",0,"2019/05/16 06:20:00",V::S_TBTX_MAXG_2-DS,10000,0,0,"2019/05/16 06:00:26",,"2019/02/21 00:00:00",1,-162.14517
D,P5MIN,CONSTRAINTSOLUTION,6,"2019/05/16 06:05:00",0,"2019/05/16 06:20:00",V::S_TBTX_SETB,769.93653,0,0,"2019/05/16 06:00:26",,"2019/02/21 00:00:00",1,-161.66777
D,P5MIN,CONSTRAINTSOLUTION,6,"2019/05/16 06:05:00",0,"2019/05/16 06:20:00",V::S_TBTX_SETB_2-DS,10000,0,0,"2019/05/16 06:00:26",,"2019/02/21 00:00:00",1,-162.14517
D,P5MIN,CONSTRAINTSOLUTION,6,"2019/05/16 06:05:00",0,"2019/05/16 06:20:00",V::V_1900,1968.10001,0,0,"2019/05/16 06:00:26",,"2018/08/24 00:00:00",1,366.67492
D,P5MIN,CONSTRAINTSOLUTION,6,"2019/05/16 06:05:00",0,"2019/05/16 06:20:00",V:SS_680_OSC_AUTO,10000,0,0,"2019/05/16 06:00:26",,"2016/06/30 00:00:00",1,-183.75977
D,P5MIN,CONSTRAINTSOLUTION,6,"2019/05/16 06:05:00",0,"2019/05/16 06:20:00",V:SS_790_1,10000,0,0,"2019/05/16 06:00:26",,"2016/08/16 00:00:00",1,-183.75977
D,P5MIN,CONSTRAINTSOLUTION,6,"2019/05/16 06:05:00",0,"2019/05/16 06:20:00",V:SS_790_OSC_AUTO,10790,0,0,"2019/05/16 06:00:26",,"2016/06/30 00:00:00",1,-183.75977
D,P5MIN,CONSTRAINTSOLUTION,6,"2019/05/16 06:05:00",0,"2019/05/16 06:20:00",V:SS_820_HY_TEST,820,0,0,"2019/05/16 06:00:26",,"2018/08/07 00:00:00",1,-183.75977
D,P5MIN,CONSTRAINTSOLUTION,6,"2019/05/16 06:05:00",0,"2019/05/16 06:20:00",V:SS_820_HY_TEST_DYN,820,0,0,"2019/05/16 06:00:26",,"2016/11/21 00:00:00",1,-183.75977
D,P5MIN,CONSTRAINTSOLUTION,6,"2019/05/16 06:05:00",0,"2019/05/16 06:20:00",V:SS_870_HY_TEST,870,0,0,"2019/05/16 06:00:26",,"2018/08/07 00:00:00",1,-183.75977
D,P5MIN,CONSTRAINTSOLUTION,6,"2019/05/16 06:05:00",0,"2019/05/16 06:20:00",V:SS_870_HY_TEST_DYN,870,0,0,"2019/05/16 06:00:26",,"2016/11/21 00:00:00",1,-183.75977
D,P5MIN,CONSTRAINTSOLUTION,6,"2019/05/16 06:05:00",0,"2019/05/16 06:20:00",V:SS_920,920,0,0,"2019/05/16 06:00:26",,"2018/08/07 00:00:00",1,-183.75977
D,P5MIN,CONSTRAINTSOLUTION,6,"2019/05/16 06:05:00",0,"2019/05/16 06:20:00",V:S_460_OSC_AUTO,10000,0,0,"2019/05/16 06:00:26",,"2016/06/30 00:00:00",1,-165.75977
D,P5MIN,CONSTRAINTSOLUTION,6,"2019/05/16 06:05:00",0,"2019/05/16 06:20:00",V:S_570_1,10000,0,0,"2019/05/16 06:00:26",,"2016/08/16 00:00:00",1,-165.75977
D,P5MIN,CONSTRAINTSOLUTION,6,"2019/05/16 06:05:00",0,"2019/05/16 06:20:00",V:S_570_OSC_AUTO,10570,0,0,"2019/05/16 06:00:26",,"2016/06/30 00:00:00",1,-165.75977
D,P5MIN,CONSTRAINTSOLUTION,6,"2019/05/16 06:05:00",0,"2019/05/16 06:20:00",V:S_600_HY_TEST,600,0,0,"2019/05/16 06:00:26",,"2018/08/07 00:00:00",1,-165.75977
D,P5MIN,CONSTRAINTSOLUTION,6,"2019/05/16 06:05:00",0,"2019/05/16 06:20:00",V:S_600_HY_TEST_DYN,600,0,0,"2019/05/16 06:00:26",,"2016/11/21 00:00:00",1,-165.75977
D,P5MIN,CONSTRAINTSOLUTION,6,"2019/05/16 06:05:00",0,"2019/05/16 06:20:00",V:S_650_HY_TEST,650,0,0,"2019/05/16 06:00:26",,"2018/08/07 00:00:00",1,-165.75977
D,P5MIN,CONSTRAINTSOLUTION,6,"2019/05/16 06:05:00",0,"2019/05/16 06:20:00",V:S_650_HY_TEST_DYN,650,0,0,"2019/05/16 06:00:26",,"2016/11/21 00:00:00",1,-165.75977
D,P5MIN,CONSTRAINTSOLUTION,6,"2019/05/16 06:05:00",0,"2019/05/16 06:20:00",V:S_700,700,0,0,"2019/05/16 06:00:26",,"2018/08/07 00:00:00",1,-165.75977
D,P5MIN,CONSTRAINTSOLUTION,6,"2019/05/16 06:05:00",0,"2019/05/16 06:20:00",V:T_NIL_BL_1,889.41518,0,0,"2019/05/16 06:00:26",,"2013/08/21 00:00:00",1,149.24058
D,P5MIN,CONSTRAINTSOLUTION,6,"2019/05/16 06:05:00",0,"2019/05/16 06:20:00",V>>N-NIL_HA,1551.48542,0,0,"2019/05/16 06:00:26",,"2019/05/06 00:00:00",1,-192.52483
D,P5MIN,CONSTRAINTSOLUTION,6,"2019/05/16 06:05:00",0,"2019/05/16 06:20:00",V>>N-NIL_HB,1609.14455,0,0,"2019/05/16 06:00:26",,"2019/05/06 00:00:00",1,-166.78239
D,P5MIN,CONSTRAINTSOLUTION,6,"2019/05/16 06:05:00",0,"2019/05/16 06:20:00",V>>N-NIL_HG,1639.63422,0,0,"2019/05/16 06:00:26",,"2019/05/06 00:00:00",1,-257.20513
D,P5MIN,CONSTRAINTSOLUTION,6,"2019/05/16 06:05:00",0,"2019/05/16 06:20:00",V>>N-NIL_HH,2169.24995,0,0,"2019/05/16 06:00:26",,"2019/05/06 00:00:00",1,-69.05966
D,P5MIN,CONSTRAINTSOLUTION,6,"2019/05/16 06:05:00",0,"2019/05/16 06:20:00",V>>SML_NIL_5,726.48026,0,0,"2019/05/16 06:00:26",,"2019/05/06 00:00:00",1,-102.48019
D,P5MIN,CONSTRAINTSOLUTION,6,"2019/05/16 06:05:00",0,"2019/05/16 06:20:00",V>>SML_NIL_6,729.79504,0,0,"2019/05/16 06:00:26",,"2019/05/06 00:00:00",1,50.97254
D,P5MIN,CONSTRAINTSOLUTION,6,"2019/05/16 06:05:00",0,"2019/05/16 06:20:00",V>>SML_NIL_7A,10143.8835,0,0,"2019/05/16 06:00:26",,"2019/04/23 00:00:00",1,-41.27537
D,P5MIN,CONSTRAINTSOLUTION,6,"2019/05/16 06:05:00",0,"2019/05/16 06:20:00",V>>SML_NIL_7B,10177.66953,0,0,"2019/05/16 06:00:26",,"2019/05/06 00:00:00",1,-42.69896
D,P5MIN,CONSTRAINTSOLUTION,6,"2019/05/16 06:05:00",0,"2019/05/16 06:20:00",V>>SML_NIL_7C,10184.37979,0,0,"2019/05/16 06:00:26",,"2019/04/23 00:00:00",1,-42.517
D,P5MIN,CONSTRAINTSOLUTION,6,"2019/05/16 06:05:00",0,"2019/05/16 06:20:00",V>>SML_NIL_8,399.1828,0,0,"2019/05/16 06:00:26",,"2019/05/06 00:00:00",1,-59.19639
D,P5MIN,CONSTRAINTSOLUTION,6,"2019/05/16 06:05:00",0,"2019/05/16 06:20:00",V>>SML_NIL_8_5M,399.1828,0,0,"2019/05/16 06:00:26",,"2019/05/06 00:00:00",1,-59.19639
D,P5MIN,CONSTRAINTSOLUTION,6,"2019/05/16 06:05:00",0,"2019/05/16 06:20:00",V>>SML_NSWRB_11,603.88742,0,0,"2019/05/16 06:00:26",,"2019/05/06 00:00:00",1,-128.17163
D,P5MIN,CONSTRAINTSOLUTION,6,"2019/05/16 06:05:00",0,"2019/05/16 06:20:00",V>>S_NIL_DVBG_DVBR,1260.39756,0,0,"2019/05/16 06:00:26",,"2019/05/14 00:00:00",1,213.91164
D,P5MIN,CONSTRAINTSOLUTION,6,"2019/05/16 06:05:00",0,"2019/05/16 06:20:00",V>>V_NIL1A_R,1291.60185,0,0,"2019/05/16 06:00:26",,"2019/05/06 00:00:00",1,-320.7936
D,P5MIN,CONSTRAINTSOLUTION,6,"2019/05/16 06:05:00",0,"2019/05/16 06:20:00",V>>V_NIL_1A,1991.464,0,0,"2019/05/16 06:00:26",,"2019/05/06 00:00:00",1,290.52931
D,P5MIN,CONSTRAINTSOLUTION,6,"2019/05/16 06:05:00",0,"2019/05/16 06:20:00",V>>V_NIL_1B,1995.48695,0,0,"2019/05/16 06:00:26",,"2019/05/06 00:00:00",1,290.52931
D,P5MIN,CONSTRAINTSOLUTION,6,"2019/05/16 06:05:00",0,"2019/05/16 06:20:00",V>>V_NIL_2A_R,4896.05954,0,0,"2019/05/16 06:00:26",,"2019/05/06 00:00:00",1,2731.05886
D,P5MIN,CONSTRAINTSOLUTION,6,"2019/05/16 06:05:00",0,"2019/05/16 06:20:00",V>>V_NIL_2B_R,14896.05954,0,0,"2019/05/16 06:00:26",,"2019/05/06 00:00:00",1,2551.28086
D,P5MIN,CONSTRAINTSOLUTION,6,"2019/05/16 06:05:00",0,"2019/05/16 06:20:00",V>>V_NIL_3,2211.60155,0,0,"2019/05/16 06:00:26",,"2019/05/06 00:00:00",1,320.77
D,P5MIN,CONSTRAINTSOLUTION,6,"2019/05/16 06:05:00",0,"2019/05/16 06:20:00",V>>V_NIL_4A,1310.56787,0,0,"2019/05/16 06:00:26",,"2019/05/06 00:00:00",1,76.58866
D,P5MIN,CONSTRAINTSOLUTION,6,"2019/05/16 06:05:00",0,"2019/05/16 06:20:00",V>>V_NIL_4B,1219.60694,0,0,"2019/05/16 06:00:26",,"2019/05/06 00:00:00",1,76.56202
D,P5MIN,CONSTRAINTSOLUTION,6,"2019/05/16 06:05:00",0,"2019/05/16 06:20:00",V>>V_NIL_4C,842.39285,0,0,"2019/05/16 06:00:26",,"2019/05/06 00:00:00",1,76.62558
D,P5MIN,CONSTRAINTSOLUTION,6,"2019/05/16 06:05:00",0,"2019/05/16 06:20:00",V>>V_NIL_5,896.98533,0,0,"2019/05/16 06:00:26",,"2019/05/06 00:00:00",1,-77.70406
D,P5MIN,CONSTRAINTSOLUTION,6,"2019/05/16 06:05:00",0,"2019/05/16 06:20:00",V>>V_NIL_6,427.62066,0,0,"2019/05/16 06:00:26",,"2019/05/06 00:00:00",1,-59.01604
D,P5MIN,CONSTRAINTSOLUTION,6,"2019/05/16 06:05:00",0,"2019/05/16 06:20:00",V>>V_NIL_6A_R,6350.00507,0,0,"2019/05/16 06:00:26",,"2019/05/06 00:00:00",1,3553.7265
D,P5MIN,CONSTRAINTSOLUTION,6,"2019/05/16 06:05:00",0,"2019/05/16 06:20:00",V>>V_NIL_6B_R,16350.00507,0,0,"2019/05/16 06:00:26",,"2019/05/06 00:00:00",1,3257.4785
D,P5MIN,CONSTRAINTSOLUTION,6,"2019/05/16 06:05:00",0,"2019/05/16 06:20:00",V>SML_NSWRB_10,503.02041,0,0,"2019/05/16 06:00:26",,"2019/05/06 00:00:00",1,-115.09668
D,P5MIN,CONSTRAINTSOLUTION,6,"2019/05/16 06:05:00",0,"2019/05/16 06:20:00",V>SML_NSWRB_9,350.02523,0,0,"2019/05/16 06:00:26",,"2019/05/06 00:00:00",1,-87.09015
D,P5MIN,CONSTRAINTSOLUTION,6,"2019/05/16 06:05:00",0,"2019/05/16 06:20:00",V>S_NIL_HYSE,742,0,0,"2019/05/16 06:00:26",,"2015/07/02 00:00:00",1,-165.75977
D,P5MIN,CONSTRAINTSOLUTION,6,"2019/05/16 06:05:00",0,"2019/05/16 06:20:00",V>S_NIL_SETX_SETX,124.61703,0,0,"2019/05/16 06:00:26",,"2019/03/14 00:00:00",2,-3.41
D,P5MIN,CONSTRAINTSOLUTION,6,"2019/05/16 06:05:00",0,"2019/05/16 06:20:00",V>V_NIL_13,467.21474,0,0,"2019/05/16 06:00:26",,"2019/01/11 00:00:00",1,0.18338
D,P5MIN,CONSTRAINTSOLUTION,6,"2019/05/16 06:05:00",0,"2019/05/16 06:20:00",V>V_NIL_14,312.36501,0,0,"2019/05/16 06:00:26",,"2019/01/11 00:00:00",1,0.18338
D,P5MIN,CONSTRAINTSOLUTION,6,"2019/05/16 06:05:00",0,"2019/05/16 06:20:00",V>V_NIL_16,10280.05301,0,0,"2019/05/16 06:00:26",,"2019/01/11 00:00:00",1,0.18338
D,P5MIN,CONSTRAINTSOLUTION,6,"2019/05/16 06:05:00",0,"2019/05/16 06:20:00",V>V_NIL_17,10138.13,0,0,"2019/05/16 06:00:26",,"2019/02/28 00:00:00",1,0
D,P5MIN,CONSTRAINTSOLUTION,6,"2019/05/16 06:05:00",0,"2019/05/16 06:20:00",V>V_NIL_6,648.0762,0,0,"2019/05/16 06:00:26",,"2019/04/23 00:00:00",1,5.36622
D,P5MIN,CONSTRAINTSOLUTION,6,"2019/05/16 06:05:00",0,"2019/05/16 06:20:00",V>V_NIL_7,1018.49978,0,0,"2019/05/16 06:00:26",,"2019/01/29 00:00:00",1,0
D,P5MIN,CONSTRAINTSOLUTION,6,"2019/05/16 06:05:00",0,"2019/05/16 06:20:00",V>V_NIL_9,580.02963,0,0,"2019/05/16 06:00:26",,"2019/03/05 00:00:00",1,5.084
D,P5MIN,CONSTRAINTSOLUTION,6,"2019/05/16 06:05:00",0,"2019/05/16 06:20:00",V>V_NIL_RADIAL_10,12368.92698,0,0,"2019/05/16 06:00:26",,"2019/05/06 00:00:00",1,1456
D,P5MIN,CONSTRAINTSOLUTION,6,"2019/05/16 06:05:00",0,"2019/05/16 06:20:00",V>V_NIL_RADIAL_11,2161.72327,0,0,"2019/05/16 06:00:26",,"2019/01/11 00:00:00",1,1076
D,P5MIN,CONSTRAINTSOLUTION,6,"2019/05/16 06:05:00",0,"2019/05/16 06:20:00",VSML_220,220,0,0,"2019/05/16 06:00:26",,"2012/07/04 00:00:00",1,-18
D,P5MIN,CONSTRAINTSOLUTION,6,"2019/05/16 06:05:00",0,"2019/05/16 06:20:00",VSML_ROC_80,65.73586,0,0,"2019/05/16 06:00:26",,"2016/08/23 00:00:00",1,-18
D,P5MIN,CONSTRAINTSOLUTION,6,"2019/05/16 06:05:00",0,"2019/05/16 06:20:00",VSML_VFRB_OFF,240,0,0,"2019/05/16 06:00:26",,"2013/08/21 00:00:00",1,-18
D,P5MIN,CONSTRAINTSOLUTION,6,"2019/05/16 06:05:00",0,"2019/05/16 06:20:00",VTBL_ROC,370.69473,0,0,"2019/05/16 06:00:26",,"2014/01/15 00:00:00",1,149.24058
D,P5MIN,CONSTRAINTSOLUTION,6,"2019/05/16 06:05:00",0,"2019/05/16 06:20:00",V^SML_NIL_3,191.70974,0,0,"2019/05/16 06:00:26",,"2017/04/18 00:00:00",1,-18
D,P5MIN,CONSTRAINTSOLUTION,6,"2019/05/16 06:05:00",0,"2019/05/16 06:20:00",V^SML_NSWRB_2,242.22497,0,0,"2019/05/16 06:00:26",,"2018/08/06 00:00:00",1,-18
D,P5MIN,CONSTRAINTSOLUTION,6,"2019/05/16 06:05:00",0,"2019/05/16 06:20:00",V^S_HYCP,684.04844,0,0,"2019/05/16 06:00:26",,"2016/07/25 00:00:00",1,-165.75977
D,P5MIN,CONSTRAINTSOLUTION,6,"2019/05/16 06:05:00",0,"2019/05/16 06:20:00",V^^N_NIL_1,573.13324,0,0,"2019/05/16 06:00:26",,"2019/05/15 00:00:00",1,-135.68287
D,P5MIN,CONSTRAINTSOLUTION,6,"2019/05/16 06:05:00",0,"2019/05/16 06:20:00",V^^S_NIL_MAXG_1,640.16461,0,0,"2019/05/16 06:00:26",,"2019/02/05 00:00:00",1,-163.06587
D,P5MIN,CONSTRAINTSOLUTION,6,"2019/05/16 06:05:00",0,"2019/05/16 06:20:00",V^^S_NIL_MAXG_2,10000,0,0,"2019/05/16 06:00:26",,"2019/02/05 00:00:00",1,-162.58847
D,P5MIN,CONSTRAINTSOLUTION,6,"2019/05/16 06:05:00",0,"2019/05/16 06:20:00",V^^S_NIL_MAXG_3,10000,0,0,"2019/05/16 06:00:26",,"2019/02/05 00:00:00",1,-162.86127
D,P5MIN,CONSTRAINTSOLUTION,6,"2019/05/16 06:05:00",0,"2019/05/16 06:20:00",V^^S_NIL_MAXG_SECP_1,10000,0,0,"2019/05/16 06:00:26",,"2019/02/11 00:00:00",1,-163.20227
D,P5MIN,CONSTRAINTSOLUTION,6,"2019/05/16 06:05:00",0,"2019/05/16 06:20:00",V^^S_NIL_MAXG_SECP_2,10000,0,0,"2019/05/16 06:00:26",,"2019/02/11 00:00:00",1,-162.58847
D,P5MIN,CONSTRAINTSOLUTION,6,"2019/05/16 06:05:00",0,"2019/05/16 06:20:00",V^^S_NIL_SETB_SECP_1,10000,0,0,"2019/05/16 06:00:26",,"2019/02/11 00:00:00",1,-162.62257
D,P5MIN,CONSTRAINTSOLUTION,6,"2019/05/16 06:05:00",0,"2019/05/16 06:20:00",V^^S_NIL_SETB_SECP_2,10000,0,0,"2019/05/16 06:00:26",,"2019/02/11 00:00:00",1,-162.45207
D,P5MIN,CONSTRAINTSOLUTION,6,"2019/05/16 06:05:00",0,"2019/05/16 06:20:00",V^^S_NIL_TBSE_1,789.40572,0,0,"2019/05/16 06:00:26",,"2019/02/04 00:00:00",1,-162.62257
D,P5MIN,CONSTRAINTSOLUTION,6,"2019/05/16 06:05:00",0,"2019/05/16 06:20:00",V^^S_NIL_TBSE_2,10000,0,0,"2019/05/16 06:00:26",,"2019/02/04 00:00:00",1,-162.45207
D,P5MIN,CONSTRAINTSOLUTION,6,"2019/05/16 06:05:00",0,"2019/05/16 06:20:00",V^^S_TBTX_MAXG,633.79168,0,0,"2019/05/16 06:00:26",,"2019/02/21 00:00:00",1,-162.92947
D,P5MIN,CONSTRAINTSOLUTION,6,"2019/05/16 06:05:00",0,"2019/05/16 06:20:00",V^^S_TBTX_MAXG_2-DS,10000,0,0,"2019/05/16 06:00:26",,"2019/02/21 00:00:00",1,-162.21337
D,P5MIN,CONSTRAINTSOLUTION,6,"2019/05/16 06:05:00",0,"2019/05/16 06:20:00",V^^S_TBTX_SETB,799.40097,0,0,"2019/05/16 06:00:26",,"2019/02/21 00:00:00",1,-162.38387
D,P5MIN,CONSTRAINTSOLUTION,6,"2019/05/16 06:05:00",0,"2019/05/16 06:20:00",V^^S_TBTX_SETB_2-DS,10000,0,0,"2019/05/16 06:00:26",,"2019/02/21 00:00:00",1,-162.17927
D,P5MIN,CONSTRAINTSOLUTION,6,"2019/05/16 06:05:00",0,"2019/05/16 06:20:00",V_GANWR_SF_BAT_50,50.001,0,0,"2019/05/16 06:00:26",,"2019/01/24 00:00:00",1,0
D,P5MIN,CONSTRAINTSOLUTION,6,"2019/05/16 06:05:00",0,"2019/05/16 06:20:00",V_S_NIL_ROCOF,1273.80002,0,0,"2019/05/16 06:00:26",,"2019/01/03 00:00:00",1,-165.75977
D,P5MIN,CONSTRAINTSOLUTION,6,"2019/05/16 06:05:00",0,"2019/05/16 06:20:00",V_T_NIL_BL1,478,0,0,"2019/05/16 06:00:26",,"2014/11/11 00:00:00",1,149.24058
D,P5MIN,CONSTRAINTSOLUTION,6,"2019/05/16 06:05:00",0,"2019/05/16 06:20:00",V_T_NIL_FCSPS,443.3606,0,0,"2019/05/16 06:00:26",,"2016/12/20 00:00:00",1,149.24058
D,P5MIN,CONSTRAINTSOLUTION,6,"2019/05/16 06:05:00",0,"2019/05/16 06:25:00",DATASNAP,10075.237,0,0,"2019/05/16 06:00:26",,"2018/04/13 00:00:00",1,-57
D,P5MIN,CONSTRAINTSOLUTION,6,"2019/05/16 06:05:00",0,"2019/05/16 06:25:00",DATASNAP_DFS_LS,10040.54472,0,0,"2019/05/16 06:00:26",,"2018/04/13 00:00:00",1,-57
D,P5MIN,CONSTRAINTSOLUTION,6,"2019/05/16 06:05:00",0,"2019/05/16 06:25:00",DATASNAP_DFS_NCAN,10422.86758,0,0,"2019/05/16 06:00:26",,"2013/08/21 00:00:00",1,-57
D,P5MIN,CONSTRAINTSOLUTION,6,"2019/05/16 06:05:00",0,"2019/05/16 06:25:00",DATASNAP_DFS_NCWEST,10491.93262,0,0,"2019/05/16 06:00:26",,"2013/08/21 00:00:00",1,-57
D,P5MIN,CONSTRAINTSOLUTION,6,"2019/05/16 06:05:00",0,"2019/05/16 06:25:00",DATASNAP_DFS_NNTH,10429.49515,0,0,"2019/05/16 06:00:26",,"2013/08/21 00:00:00",1,-57
D,P5MIN,CONSTRAINTSOLUTION,6,"2019/05/16 06:05:00",0,"2019/05/16 06:25:00",DATASNAP_DFS_NSYD,13053.99756,0,0,"2019/05/16 06:00:26",,"2013/08/21 00:00:00",1,-57
D,P5MIN,CONSTRAINTSOLUTION,6,"2019/05/16 06:05:00",0,"2019/05/16 06:25:00",DATASNAP_DFS_NTE,10016.5,0,0,"2019/05/16 06:00:26",,"2018/04/13 00:00:00",1,-57
D,P5MIN,CONSTRAINTSOLUTION,6,"2019/05/16 06:05:00",0,"2019/05/16 06:25:00",DATASNAP_DFS_QCEN,10719.8429,0,0,"2019/05/16 06:00:26",,"2013/08/21 00:00:00",1,-57
D,P5MIN,CONSTRAINTSOLUTION,6,"2019/05/16 06:05:00",0,"2019/05/16 06:25:00",DATASNAP_DFS_QCIND,10858.3009,0,0,"2019/05/16 06:00:26",,"2013/08/21 00:00:00",1,-57
D,P5MIN,CONSTRAINTSOLUTION,6,"2019/05/16 06:05:00",0,"2019/05/16 06:25:00",DATASNAP_DFS_QFNQ,10167.22055,0,0,"2019/05/16 06:00:26",,"2013/08/21 00:00:00",1,-57
D,P5MIN,CONSTRAINTSOLUTION,6,"2019/05/16 06:05:00",0,"2019/05/16 06:25:00",DATASNAP_DFS_QNTH,10612.99072,0,0,"2019/05/16 06:00:26",,"2013/08/21 00:00:00",1,-57
D,P5MIN,CONSTRAINTSOLUTION,6,"2019/05/16 06:05:00",0,"2019/05/16 06:25:00",DATASNAP_DFS_QSTHE,11788.17114,0,0,"2019/05/16 06:00:26",,"2013/08/21 00:00:00",1,-57
D,P5MIN,CONSTRAINTSOLUTION,6,"2019/05/16 06:05:00",0,"2019/05/16 06:25:00",DATASNAP_DFS_QSTHW,11721.88648,0,0,"2019/05/16 06:00:26",,"2013/08/21 00:00:00",1,-57
D,P5MIN,CONSTRAINTSOLUTION,6,"2019/05/16 06:05:00",0,"2019/05/16 06:25:00",DATASNAP_DFS_Q_BCCP,10733.14429,0,0,"2019/05/16 06:00:26",,"2015/12/16 00:00:00",1,-57
D,P5MIN,CONSTRAINTSOLUTION,6,"2019/05/16 06:05:00",0,"2019/05/16 06:25:00",DATASNAP_DFS_Q_BCRG,10781.61249,0,0,"2019/05/16 06:00:26",,"2015/12/16 00:00:00",1,-57
D,P5MIN,CONSTRAINTSOLUTION,6,"2019/05/16 06:05:00",0,"2019/05/16 06:25:00",DATASNAP_DFS_Q_CLST,10863.02783,0,0,"2019/05/16 06:00:26",,"2013/08/21 00:00:00",1,-57
D,P5MIN,CONSTRAINTSOLUTION,6,"2019/05/16 06:05:00",0,"2019/05/16 06:25:00",DATASNAP_DFS_Q_CLWU,10862.10803,0,0,"2019/05/16 06:00:26",,"2013/08/21 00:00:00",1,-57
D,P5MIN,CONSTRAINTSOLUTION,6,"2019/05/16 06:05:00",0,"2019/05/16 06:25:00",DATASNAP_DFS_Q_LCCP,10764.94641,0,0,"2019/05/16 06:00:26",,"2015/12/16 00:00:00",1,-57
D,P5MIN,CONSTRAINTSOLUTION,6,"2019/05/16 06:05:00",0,"2019/05/16 06:25:00",DATASNAP_DFS_Q_RGLC,10742.92328,0,0,"2019/05/16 06:00:26",,"2017/10/19 00:00:00",1,-57
D,P5MIN,CONSTRAINTSOLUTION,6,"2019/05/16 06:05:00",0,"2019/05/16 06:25:00",DATASNAP_DFS_Q_TAMR,10315.4393,0,0,"2019/05/16 06:00:26",,"2013/08/21 00:00:00",1,-57
D,P5MIN,CONSTRAINTSOLUTION,6,"2019/05/16 06:05:00",0,"2019/05/16 06:25:00",DATASNAP_DFS_Q_TAMR2,10315.4393,0,0,"2019/05/16 06:00:26",,"2017/10/19 00:00:00",1,-57
D,P5MIN,CONSTRAINTSOLUTION,6,"2019/05/16 06:05:00",0,"2019/05/16 06:25:00",DATASNAP_DFS_SADL,10645.47986,0,0,"2019/05/16 06:00:26",,"2013/08/21 00:00:00",1,-57
D,P5MIN,CONSTRAINTSOLUTION,6,"2019/05/16 06:05:00",0,"2019/05/16 06:25:00",DATASNAP_DFS_SNTH,10222.45367,0,0,"2019/05/16 06:00:26",,"2013/08/21 00:00:00",1,-57
D,P5MIN,CONSTRAINTSOLUTION,6,"2019/05/16 06:05:00",0,"2019/05/16 06:25:00",DATASNAP_DFS_SRIV,10036.63096,0,0,"2019/05/16 06:00:26",,"2013/08/21 00:00:00",1,-57
D,P5MIN,CONSTRAINTSOLUTION,6,"2019/05/16 06:05:00",0,"2019/05/16 06:25:00",DATASNAP_DFS_SSE,10072.76515,0,0,"2019/05/16 06:00:26",,"2013/08/21 00:00:00",1,-57
D,P5MIN,CONSTRAINTSOLUTION,6,"2019/05/16 06:05:00",0,"2019/05/16 06:25:00",DATASNAP_DFS_SWNSW,10683.52637,0,0,"2019/05/16 06:00:26",,"2018/04/13 00:00:00",1,-57
D,P5MIN,CONSTRAINTSOLUTION,6,"2019/05/16 06:05:00",0,"2019/05/16 06:25:00",DATASNAP_DFS_TNTH,10115.55936,0,0,"2019/05/16 06:00:26",,"2013/08/21 00:00:00",1,-57
D,P5MIN,CONSTRAINTSOLUTION,6,"2019/05/16 06:05:00",0,"2019/05/16 06:25:00",DATASNAP_DFS_TNWEST,10136.63858,0,0,"2019/05/16 06:00:26",,"2013/08/21 00:00:00",1,-57
D,P5MIN,CONSTRAINTSOLUTION,6,"2019/05/16 06:05:00",0,"2019/05/16 06:25:00",DATASNAP_DFS_TWCST,10062.04958,0,0,"2019/05/16 06:00:26",,"2013/08/21 00:00:00",1,-57
D,P5MIN,CONSTRAINTSOLUTION,6,"2019/05/16 06:05:00",0,"2019/05/16 06:25:00",DATASNAP_DFS_T_FASH1,10603.84314,0,0,"2019/05/16 06:00:26",,"2016/03/17 00:00:00",1,-57
D,P5MIN,CONSTRAINTSOLUTION,6,"2019/05/16 06:05:00",0,"2019/05/16 06:25:00",DATASNAP_DFS_T_GOCS1,10475.63501,0,0,"2019/05/16 06:00:26",,"2016/03/17 00:00:00",1,-57
D,P5MIN,CONSTRAINTSOLUTION,6,"2019/05/16 06:05:00",0,"2019/05/16 06:25:00",DATASNAP_DFS_T_HAGT1,10460.06867,0,0,"2019/05/16 06:00:26",,"2016/03/17 00:00:00",1,-57
D,P5MIN,CONSTRAINTSOLUTION,6,"2019/05/16 06:05:00",0,"2019/05/16 06:25:00",DATASNAP_DFS_T_PMHA1,10476.4953,0,0,"2019/05/16 06:00:26",,"2016/03/17 00:00:00",1,-57
D,P5MIN,CONSTRAINTSOLUTION,6,"2019/05/16 06:05:00",0,"2019/05/16 06:25:00",DATASNAP_DFS_T_PMHA3,10145.60226,0,0,"2019/05/16 06:00:26",,"2016/03/17 00:00:00",1,-57
D,P5MIN,CONSTRAINTSOLUTION,6,"2019/05/16 06:05:00",0,"2019/05/16 06:25:00",DATASNAP_DFS_T_SHGT,10517.61713,0,0,"2019/05/16 06:00:26",,"2013/08/21 00:00:00",1,-57
D,P5MIN,CONSTRAINTSOLUTION,6,"2019/05/16 06:05:00",0,"2019/05/16 06:25:00",DATASNAP_DFS_T_SHPM,10394.73419,0,0,"2019/05/16 06:00:26",,"2016/03/17 00:00:00",1,-57
D,P5MIN,CONSTRAINTSOLUTION,6,"2019/05/16 06:05:00",0,"2019/05/16 06:25:00",DATASNAP_DFS_T_TATU,10119.94269,0,0,"2019/05/16 06:00:26",,"2013/08/21 00:00:00",1,-57
D,P5MIN,CONSTRAINTSOLUTION,6,"2019/05/16 06:05:00",0,"2019/05/16 06:25:00",DATASNAP_DFS_T_WALE,10145.79652,0,0,"2019/05/16 06:00:26",,"2016/03/17 00:00:00",1,-57
D,P5MIN,CONSTRAINTSOLUTION,6,"2019/05/16 06:05:00",0,"2019/05/16 06:25:00",DATASNAP_DFS_VIC_SG,10717.1673,0,0,"2019/05/16 06:00:26",,"2018/04/13 00:00:00",1,-57
D,P5MIN,CONSTRAINTSOLUTION,6,"2019/05/16 06:05:00",0,"2019/05/16 06:25:00",DATASNAP_DFS_VMEL,13086.47705,0,0,"2019/05/16 06:00:26",,"2013/08/21 00:00:00",1,-57
D,P5MIN,CONSTRAINTSOLUTION,6,"2019/05/16 06:05:00",0,"2019/05/16 06:25:00",DATASNAP_DFS_V_BABE,10437.45743,0,0,"2019/05/16 06:00:26",,"2013/08/21 00:00:00",1,-57
D,P5MIN,CONSTRAINTSOLUTION,6,"2019/05/16 06:05:00",0,"2019/05/16 06:25:00",DATASNAP_PDID_1,10020,0,0,"2019/05/16 06:00:26",,"2018/04/13 00:00:00",1,-57
D,P5MIN,CONSTRAINTSOLUTION,6,"2019/05/16 06:05:00",0,"2019/05/16 06:25:00",DATASNAP_Q::NIL_CS,14318.5024,0,0,"2019/05/16 06:00:26",,"2018/09/17 00:00:00",2,3480.87526
D,P5MIN,CONSTRAINTSOLUTION,6,"2019/05/16 06:05:00",0,"2019/05/16 06:25:00",DATASNAP_Q>NIL_BI_FB,10533.77774,0,0,"2019/05/16 06:00:26",,"2018/10/16 00:00:00",1,-57
D,P5MIN,CONSTRAINTSOLUTION,6,"2019/05/16 06:05:00",0,"2019/05/16 06:25:00",DATASNAP_TE_967_1,10016.5,0,0,"2019/05/16 06:00:26",,"2018/04/13 00:00:00",1,-57
D,P5MIN,CONSTRAINTSOLUTION,6,"2019/05/16 06:05:00",0,"2019/05/16 06:25:00",DATASNAP_T_PD_INER,10075.237,0,0,"2019/05/16 06:00:26",,"2018/04/13 00:00:00",1,-57
D,P5MIN,CONSTRAINTSOLUTION,6,"2019/05/16 06:05:00",0,"2019/05/16 06:25:00",DATASNAP_T_PD_INER2,10075.237,0,0,"2019/05/16 06:00:26",,"2018/04/13 00:00:00",1,-57
D,P5MIN,CONSTRAINTSOLUTION,6,"2019/05/16 06:05:00",0,"2019/05/16 06:25:00",DATA_MMS_ALERT1,10274,0,0,"2019/05/16 06:00:26",,"2013/08/21 00:00:00",1,-57
D,P5MIN,CONSTRAINTSOLUTION,6,"2019/05/16 06:05:00",0,"2019/05/16 06:25:00",DSANP_Q^^NIL_TR_CLHA,16653.9711,0,0,"2019/05/16 06:00:26",,"2018/01/10 00:00:00",1,3723.55447
D,P5MIN,CONSTRAINTSOLUTION,6,"2019/05/16 06:05:00",0,"2019/05/16 06:25:00",DSNAP_DFS_V_BABE_5M,10437.45743,0,0,"2019/05/16 06:00:26",,"2014/05/19 00:00:00",1,-57
D,P5MIN,CONSTRAINTSOLUTION,6,"2019/05/16 06:05:00",0,"2019/05/16 06:25:00",DSNAP_DFS_V_BAML,10547.03973,0,0,"2019/05/16 06:00:26",,"2014/05/19 00:00:00",1,-57
D,P5MIN,CONSTRAINTSOLUTION,6,"2019/05/16 06:05:00",0,"2019/05/16 06:25:00",DSNAP_DFS_V_BAML_5M,10612.92407,0,0,"2019/05/16 06:00:26",,"2014/05/19 00:00:00",1,-57
D,P5MIN,CONSTRAINTSOLUTION,6,"2019/05/16 06:05:00",0,"2019/05/16 06:25:00",DSNAP_DFS_V_DDMB,10596.1756,0,0,"2019/05/16 06:00:26",,"2014/05/19 00:00:00",1,-57
D,P5MIN,CONSTRAINTSOLUTION,6,"2019/05/16 06:05:00",0,"2019/05/16 06:25:00",DSNAP_DFS_V_DDMS,11405.73242,0,0,"2019/05/16 06:00:26",,"2019/01/29 00:00:00",1,-57
D,P5MIN,CONSTRAINTSOLUTION,6,"2019/05/16 06:05:00",0,"2019/05/16 06:25:00",DSNAP_DFS_V_DDSM,11177.79468,0,0,"2019/05/16 06:00:26",,"2014/05/19 00:00:00",1,-57
D,P5MIN,CONSTRAINTSOLUTION,6,"2019/05/16 06:05:00",0,"2019/05/16 06:25:00",DSNAP_DFS_V_NIL_3,12185.29923,0,0,"2019/05/16 06:00:26",,"2018/09/03 00:00:00",1,325.24883
D,P5MIN,CONSTRAINTSOLUTION,6,"2019/05/16 06:05:00",0,"2019/05/16 06:25:00",DSNAP_DFS_V_NIL_8,10740.30687,0,0,"2019/05/16 06:00:26",,"2018/09/03 00:00:00",1,-43.79033
D,P5MIN,CONSTRAINTSOLUTION,6,"2019/05/16 06:05:00",0,"2019/05/16 06:25:00",DSNAP_DFS_V_ROYP,10550.91681,0,0,"2019/05/16 06:00:26",,"2014/05/19 00:00:00",1,-57
D,P5MIN,CONSTRAINTSOLUTION,6,"2019/05/16 06:05:00",0,"2019/05/16 06:25:00",DSNAP_Q>>CPGG1_OUT,14071.36043,0,0,"2019/05/16 06:00:26",,"2018/08/24 00:00:00",1,-57
D,P5MIN,CONSTRAINTSOLUTION,6,"2019/05/16 06:05:00",0,"2019/05/16 06:25:00",DSNAP_Q>>GGWU_OUT_1,13025.89079,0,0,"2019/05/16 06:00:26",,"2018/06/27 00:00:00",1,-57
D,P5MIN,CONSTRAINTSOLUTION,6,"2019/05/16 06:05:00",0,"2019/05/16 06:25:00",DSNAP_Q>>GGWU_OUT_2,14050.98592,0,0,"2019/05/16 06:00:26",,"2018/07/19 00:00:00",1,-57
D,P5MIN,CONSTRAINTSOLUTION,6,"2019/05/16 06:05:00",0,"2019/05/16 06:25:00",DSNAP_Q>NIL_TV66,10410.96679,0,0,"2019/05/16 06:00:26",,"2018/08/17 00:00:00",2,0
D,P5MIN,CONSTRAINTSOLUTION,6,"2019/05/16 06:05:00",0,"2019/05/16 06:25:00",DSNAP_QNI_1100_DYN,11100,0,0,"2019/05/16 06:00:26",,"2019/03/11 00:00:00",1,448.62152
D,P5MIN,CONSTRAINTSOLUTION,6,"2019/05/16 06:05:00",0,"2019/05/16 06:25:00",DSNAP_QNI_1150_DYN,11150,0,0,"2019/05/16 06:00:26",,"2019/03/11 00:00:00",1,448.62152
D,P5MIN,CONSTRAINTSOLUTION,6,"2019/05/16 06:05:00",0,"2019/05/16 06:25:00",DSNAP_Q^CN_FDR-180,-10674.29447,0,0,"2019/05/16 06:00:26",,"2018/11/30 00:00:00",2,46.224
D,P5MIN,CONSTRAINTSOLUTION,6,"2019/05/16 06:05:00",0,"2019/05/16 06:25:00",DSNAP_Q^CN_FDR_CO_OP,-10390.00047,0,0,"2019/05/16 06:00:26",,"2018/11/30 00:00:00",2,375.07793
D,P5MIN,CONSTRAINTSOLUTION,6,"2019/05/16 06:05:00",0,"2019/05/16 06:25:00",DSNAP_Q^WOPW_WOSP_O,14006.1535,0,0,"2019/05/16 06:00:26",,"2019/05/01 00:00:00",1,3480.87526
D,P5MIN,CONSTRAINTSOLUTION,6,"2019/05/16 06:05:00",0,"2019/05/16 06:25:00",DSNAP_Q^^NIL_SRAR,10973.86409,0,0,"2019/05/16 06:00:26",,"2019/03/29 00:00:00",1,690.46936
D,P5MIN,CONSTRAINTSOLUTION,6,"2019/05/16 06:05:00",0,"2019/05/16 06:25:00",DSNAP_Q^^TR_CLHA,15149.33649,0,0,"2019/05/16 06:00:26",,"2018/01/12 00:00:00",1,2124.45875
D,P5MIN,CONSTRAINTSOLUTION,6,"2019/05/16 06:05:00",0,"2019/05/16 06:25:00",DSNAP_Q^^TR_TRBK,15457.80531,0,0,"2019/05/16 06:00:26",,"2018/01/12 00:00:00",1,2871.66608
D,P5MIN,CONSTRAINTSOLUTION,6,"2019/05/16 06:05:00",0,"2019/05/16 06:25:00",DSNAP_Q^^TR_TRBK_2,15982.75312,0,0,"2019/05/16 06:00:26",,"2018/12/12 00:00:00",1,3793.25757
D,P5MIN,CONSTRAINTSOLUTION,6,"2019/05/16 06:05:00",0,"2019/05/16 06:25:00",DSNAP_Q_TR_2000,14455.00367,0,0,"2019/05/16 06:00:26",,"2018/12/24 00:00:00",1,4475.26322
D,P5MIN,CONSTRAINTSOLUTION,6,"2019/05/16 06:05:00",0,"2019/05/16 06:25:00",DSNAP_S:VS_650_DYN,10650,0,0,"2019/05/16 06:00:26",,"2019/03/11 00:00:00",1,209.05591
D,P5MIN,CONSTRAINTSOLUTION,6,"2019/05/16 06:05:00",0,"2019/05/16 06:25:00",DSNAP_S:VS_700_DYN,10700,0,0,"2019/05/16 06:00:26",,"2019/03/11 00:00:00",1,209.05591
D,P5MIN,CONSTRAINTSOLUTION,6,"2019/05/16 06:05:00",0,"2019/05/16 06:25:00",DSNAP_S:V_500_DYN,10500,0,0,"2019/05/16 06:00:26",,"2019/03/11 00:00:00",1,191.05591
D,P5MIN,CONSTRAINTSOLUTION,6,"2019/05/16 06:05:00",0,"2019/05/16 06:25:00",DSNAP_S:V_550_DYN,10550,0,0,"2019/05/16 06:00:26",,"2019/03/11 00:00:00",1,191.05591
D,P5MIN,CONSTRAINTSOLUTION,6,"2019/05/16 06:05:00",0,"2019/05/16 06:25:00",DSNAP_S>V_460_DYN,10460,0,0,"2019/05/16 06:00:26",,"2019/03/11 00:00:00",1,191.05591
D,P5MIN,CONSTRAINTSOLUTION,6,"2019/05/16 06:05:00",0,"2019/05/16 06:25:00",DSNAP_SA_UNITS_ON,10010,0,0,"2019/05/16 06:00:26",,"2016/05/16 00:00:00",1,-57
D,P5MIN,CONSTRAINTSOLUTION,6,"2019/05/16 06:05:00",0,"2019/05/16 06:25:00",DSNAP_SNIL_1,10660.07794,0,0,"2019/05/16 06:00:26",,"2016/04/11 00:00:00",1,188.68351
D,P5MIN,CONSTRAINTSOLUTION,6,"2019/05/16 06:05:00",0,"2019/05/16 06:25:00",DSNAP_SNIL_2,10669.42094,0,0,"2019/05/16 06:00:26",,"2016/04/11 00:00:00",1,-188.58466
D,P5MIN,CONSTRAINTSOLUTION,6,"2019/05/16 06:05:00",0,"2019/05/16 06:25:00",DSNAP_SNIL_3,20642.46052,0,0,"2019/05/16 06:00:26",,"2016/04/11 00:00:00",1,-188.02451
D,P5MIN,CONSTRAINTSOLUTION,6,"2019/05/16 06:05:00",0,"2019/05/16 06:25:00",DSNAP_SNIL_4,20725.30827,0,0,"2019/05/16 06:00:26",,"2016/04/11 00:00:00",1,-187.72796
D,P5MIN,CONSTRAINTSOLUTION,6,"2019/05/16 06:05:00",0,"2019/05/16 06:25:00",DSNAP_SNIL_5,10640.06811,0,0,"2019/05/16 06:00:26",,"2016/04/11 00:00:00",1,-188.45286
D,P5MIN,CONSTRAINTSOLUTION,6,"2019/05/16 06:05:00",0,"2019/05/16 06:25:00",DSNAP_SNIL_6,10776.51438,0,0,"2019/05/16 06:00:26",,"2016/04/11 00:00:00",1,-187.72796
D,P5MIN,CONSTRAINTSOLUTION,6,"2019/05/16 06:05:00",0,"2019/05/16 06:25:00",DSNAP_SNIL_7,20580.6375,0,0,"2019/05/16 06:00:26",,"2016/04/11 00:00:00",1,-188.58466
D,P5MIN,CONSTRAINTSOLUTION,6,"2019/05/16 06:05:00",0,"2019/05/16 06:25:00",DSNAP_SNIL_8,20764.30753,0,0,"2019/05/16 06:00:26",,"2016/04/11 00:00:00",1,-188.02451
D,P5MIN,CONSTRAINTSOLUTION,6,"2019/05/16 06:05:00",0,"2019/05/16 06:25:00",DSNAP_SNIL_9,10789.40572,0,0,"2019/05/16 06:00:26",,"2016/04/11 00:00:00",1,-188.02451
D,P5MIN,CONSTRAINTSOLUTION,6,"2019/05/16 06:05:00",0,"2019/05/16 06:25:00",DSNAP_SNIL_TBTU_TBMO,10230.34592,0,0,"2019/05/16 06:00:26",,"2015/06/29 00:00:00",2,-57
D,P5MIN,CONSTRAINTSOLUTION,6,"2019/05/16 06:05:00",0,"2019/05/16 06:25:00",DSNAP_SV_250_DYN,10250,0,0,"2019/05/16 06:00:26",,"2019/03/11 00:00:00",1,191.05591
D,P5MIN,CONSTRAINTSOLUTION,6,"2019/05/16 06:05:00",0,"2019/05/16 06:25:00",DSNAP_S_NOTI_NOTI_3,10139.44857,0,0,"2019/05/16 06:00:26",,"2014/02/24 00:00:00",1,-57
D,P5MIN,CONSTRAINTSOLUTION,6,"2019/05/16 06:05:00",0,"2019/05/16 06:25:00",DSNAP_S_SETX_SETX,10292.82031,0,0,"2019/05/16 06:00:26",,"2014/02/17 00:00:00",1,-57
D,P5MIN,CONSTRAINTSOLUTION,6,"2019/05/16 06:05:00",0,"2019/05/16 06:25:00",DSNAP_S_V_000_DYN,9975,0,0,"2019/05/16 06:00:26",,"2019/03/11 00:00:00",1,191.05591
D,P5MIN,CONSTRAINTSOLUTION,6,"2019/05/16 06:05:00",0,"2019/05/16 06:25:00",DSNAP_T_NIL_BL_6,10136.98055,0,0,"2019/05/16 06:00:26",,"2017/07/21 00:00:00",1,-127.17585
D,P5MIN,CONSTRAINTSOLUTION,6,"2019/05/16 06:05:00",0,"2019/05/16 06:25:00",DSNAP_V:SS_650_DYN,10650,0,0,"2019/05/16 06:00:26",,"2019/03/11 00:00:00",1,-209.05591
D,P5MIN,CONSTRAINTSOLUTION,6,"2019/05/16 06:05:00",0,"2019/05/16 06:25:00",DSNAP_V:SS_720_DYN,10720,0,0,"2019/05/16 06:00:26",,"2019/03/11 00:00:00",1,-209.05591
D,P5MIN,CONSTRAINTSOLUTION,6,"2019/05/16 06:05:00",0,"2019/05/16 06:25:00",DSNAP_V:SS_790_DYN,10790,0,0,"2019/05/16 06:00:26",,"2019/03/11 00:00:00",1,-209.05591
D,P5MIN,CONSTRAINTSOLUTION,6,"2019/05/16 06:05:00",0,"2019/05/16 06:25:00",DSNAP_V:SS_820_DYN,10820,0,0,"2019/05/16 06:00:26",,"2019/03/11 00:00:00",1,-209.05591
D,P5MIN,CONSTRAINTSOLUTION,6,"2019/05/16 06:05:00",0,"2019/05/16 06:25:00",DSNAP_V:SS_850_DYN,10850,0,0,"2019/05/16 06:00:26",,"2019/03/11 00:00:00",1,-209.05591
D,P5MIN,CONSTRAINTSOLUTION,6,"2019/05/16 06:05:00",0,"2019/05/16 06:25:00",DSNAP_V:SS_870_DYN,10870,0,0,"2019/05/16 06:00:26",,"2019/03/11 00:00:00",1,-209.05591
D,P5MIN,CONSTRAINTSOLUTION,6,"2019/05/16 06:05:00",0,"2019/05/16 06:25:00",DSNAP_V:S_500_DYN,10500,0,0,"2019/05/16 06:00:26",,"2019/03/11 00:00:00",1,-191.05591
D,P5MIN,CONSTRAINTSOLUTION,6,"2019/05/16 06:05:00",0,"2019/05/16 06:25:00",DSNAP_V:S_570_DYN,10570,0,0,"2019/05/16 06:00:26",,"2019/03/11 00:00:00",1,-191.05591
D,P5MIN,CONSTRAINTSOLUTION,6,"2019/05/16 06:05:00",0,"2019/05/16 06:25:00",DSNAP_V:S_600_DYN,10600,0,0,"2019/05/16 06:00:26",,"2019/03/11 00:00:00",1,-191.05591
D,P5MIN,CONSTRAINTSOLUTION,6,"2019/05/16 06:05:00",0,"2019/05/16 06:25:00",DSNAP_V:S_650_DYN,10650,0,0,"2019/05/16 06:00:26",,"2019/03/11 00:00:00",1,-191.05591
D,P5MIN,CONSTRAINTSOLUTION,6,"2019/05/16 06:05:00",0,"2019/05/16 06:25:00",DSNAP_V>>V_NIL_1A,11991.40516,0,0,"2019/05/16 06:00:26",,"2019/01/29 00:00:00",1,246.00122
D,P5MIN,CONSTRAINTSOLUTION,6,"2019/05/16 06:05:00",0,"2019/05/16 06:25:00",DSNAP_V>>V_NIL_1C,11948.29049,0,0,"2019/05/16 06:00:26",,"2019/01/23 00:00:00",1,246.00122
D,P5MIN,CONSTRAINTSOLUTION,6,"2019/05/16 06:05:00",0,"2019/05/16 06:25:00",DSNAP_V>>V_NIL_1D,11951.5914,0,0,"2019/05/16 06:00:26",,"2019/01/23 00:00:00",1,246.00122
D,P5MIN,CONSTRAINTSOLUTION,6,"2019/05/16 06:05:00",0,"2019/05/16 06:25:00",DSNAP_V>S_460_DYN,10460,0,0,"2019/05/16 06:00:26",,"2019/03/11 00:00:00",1,-191.05591
D,P5MIN,CONSTRAINTSOLUTION,6,"2019/05/16 06:05:00",0,"2019/05/16 06:25:00",DSNAP_V>V_NIL_7,11018.49978,0,0,"2019/05/16 06:00:26",,"2019/01/24 00:00:00",1,0
D,P5MIN,CONSTRAINTSOLUTION,6,"2019/05/16 06:05:00",0,"2019/05/16 06:25:00",DSNAP_VS_250_DYN,10250,0,0,"2019/05/16 06:00:26",,"2019/03/11 00:00:00",1,-191.05591
D,P5MIN,CONSTRAINTSOLUTION,6,"2019/05/16 06:05:00",0,"2019/05/16 06:25:00",F_I+LREG_0120,120,0,0,"2019/05/16 06:00:26",,"2013/08/21 00:00:00",1,190
D,P5MIN,CONSTRAINTSOLUTION,6,"2019/05/16 06:05:00",0,"2019/05/16 06:25:00",F_I+LREG_0190,190,12.31,0,"2019/05/16 06:00:26",,"2019/04/16 00:00:00",1,190
D,P5MIN,CONSTRAINTSOLUTION,6,"2019/05/16 06:05:00",0,"2019/05/16 06:25:00",F_I+ML_L5_0400,303.04848,0,0,"2019/05/16 06:00:26",,"2013/08/21 00:00:00",1,396.35
D,P5MIN,CONSTRAINTSOLUTION,6,"2019/05/16 06:05:00",0,"2019/05/16 06:25:00",F_I+ML_L60_0400,39.9256,0,0,"2019/05/16 06:00:26",,"2013/08/21 00:00:00",1,133.23
D,P5MIN,CONSTRAINTSOLUTION,6,"2019/05/16 06:05:00",0,"2019/05/16 06:25:00",F_I+ML_L6_0400,39.9256,0,0,"2019/05/16 06:00:26",,"2013/08/21 00:00:00",1,39.93
D,P5MIN,CONSTRAINTSOLUTION,6,"2019/05/16 06:05:00",0,"2019/05/16 06:25:00",F_I+NIL_APD_TL_L5,396.34847,0.19,0,"2019/05/16 06:00:26",,"2014/03/03 00:00:00",1,396.35
D,P5MIN,CONSTRAINTSOLUTION,6,"2019/05/16 06:05:00",0,"2019/05/16 06:25:00",F_I+NIL_APD_TL_L6,-177.64526,0,0,"2019/05/16 06:00:26",,"2014/03/03 00:00:00",1,39.93
D,P5MIN,CONSTRAINTSOLUTION,6,"2019/05/16 06:05:00",0,"2019/05/16 06:25:00",F_I+NIL_APD_TL_L60,133.22559,0.05,0,"2019/05/16 06:00:26",,"2014/03/03 00:00:00",1,133.23
D,P5MIN,CONSTRAINTSOLUTION,6,"2019/05/16 06:05:00",0,"2019/05/16 06:25:00",F_I+NIL_BB_TG_R5,-96.95152,0,0,"2019/05/16 06:00:26",,"2013/08/21 00:00:00",1,652.98
D,P5MIN,CONSTRAINTSOLUTION,6,"2019/05/16 06:05:00",0,"2019/05/16 06:25:00",F_I+NIL_BB_TG_R6,-670.94525,0,0,"2019/05/16 06:00:26",,"2013/08/21 00:00:00",1,415.06
D,P5MIN,CONSTRAINTSOLUTION,6,"2019/05/16 06:05:00",0,"2019/05/16 06:25:00",F_I+NIL_BB_TG_R60,-360.0744,0,0,"2019/05/16 06:00:26",,"2013/08/21 00:00:00",1,430.48
D,P5MIN,CONSTRAINTSOLUTION,6,"2019/05/16 06:05:00",0,"2019/05/16 06:25:00",F_I+NIL_MG_R5,652.98199,1.98,0,"2019/05/16 06:00:26",,"2013/08/21 00:00:00",1,652.98
D,P5MIN,CONSTRAINTSOLUTION,6,"2019/05/16 06:05:00",0,"2019/05/16 06:25:00",F_I+NIL_MG_R6,389.9256,0,0,"2019/05/16 06:00:26",,"2013/08/21 00:00:00",1,415.06
D,P5MIN,CONSTRAINTSOLUTION,6,"2019/05/16 06:05:00",0,"2019/05/16 06:25:00",F_I+NIL_MG_R60,389.9256,0,0,"2019/05/16 06:00:26",,"2013/08/21 00:00:00",1,430.48
D,P5MIN,CONSTRAINTSOLUTION,6,"2019/05/16 06:05:00",0,"2019/05/16 06:25:00",F_I+NIL_RREG,130,0,0,"2019/05/16 06:00:26",,"2018/12/12 00:00:00",1,200
D,P5MIN,CONSTRAINTSOLUTION,6,"2019/05/16 06:05:00",0,"2019/05/16 06:25:00",F_I+NIL_WF_TG_R5,-77.55895,0,0,"2019/05/16 06:00:26",,"2013/08/21 00:00:00",1,652.98
D,P5MIN,CONSTRAINTSOLUTION,6,"2019/05/16 06:05:00",0,"2019/05/16 06:25:00",F_I+NIL_WF_TG_R6,-670.94525,0,0,"2019/05/16 06:00:26",,"2013/08/21 00:00:00",1,415.06
D,P5MIN,CONSTRAINTSOLUTION,6,"2019/05/16 06:05:00",0,"2019/05/16 06:25:00",F_I+NIL_WF_TG_R60,-360.0744,0,0,"2019/05/16 06:00:26",,"2013/08/21 00:00:00",1,430.48
D,P5MIN,CONSTRAINTSOLUTION,6,"2019/05/16 06:05:00",0,"2019/05/16 06:25:00",F_I+RREG_0200,200,12.5,0,"2019/05/16 06:00:26",,"2013/08/21 00:00:00",1,200
D,P5MIN,CONSTRAINTSOLUTION,6,"2019/05/16 06:05:00",0,"2019/05/16 06:25:00",F_I+WIP_N-2_ML_L5,-96.95152,0,0,"2019/05/16 06:00:26",,"2017/05/16 00:00:00",1,396.35
D,P5MIN,CONSTRAINTSOLUTION,6,"2019/05/16 06:05:00",0,"2019/05/16 06:25:00",F_I+WIP_N-2_ML_L6,-360.0744,0,0,"2019/05/16 06:00:26",,"2017/05/16 00:00:00",1,39.93
D,P5MIN,CONSTRAINTSOLUTION,6,"2019/05/16 06:05:00",0,"2019/05/16 06:25:00",F_I+WIP_N-2_ML_L60,-360.0744,0,0,"2019/05/16 06:00:26",,"2017/05/16 00:00:00",1,133.23
D,P5MIN,CONSTRAINTSOLUTION,6,"2019/05/16 06:05:00",0,"2019/05/16 06:25:00",F_I+WIV_N-2_MG_R5,-97.01801,0,0,"2019/05/16 06:00:26",,"2017/05/16 00:00:00",1,652.98
D,P5MIN,CONSTRAINTSOLUTION,6,"2019/05/16 06:05:00",0,"2019/05/16 06:25:00",F_I+WIV_N-2_MG_R6,-360.0744,0,0,"2019/05/16 06:00:26",,"2017/05/16 00:00:00",1,415.06
D,P5MIN,CONSTRAINTSOLUTION,6,"2019/05/16 06:05:00",0,"2019/05/16 06:25:00",F_I+WIV_N-2_MG_R60,-360.0744,0,0,"2019/05/16 06:00:26",,"2017/05/16 00:00:00",1,430.48
D,P5MIN,CONSTRAINTSOLUTION,6,"2019/05/16 06:05:00",0,"2019/05/16 06:25:00",F_MAIN++APD_TL_L5,-77.96127,0,0,"2019/05/16 06:00:26",,"2014/03/03 00:00:00",1,180.60613
D,P5MIN,CONSTRAINTSOLUTION,6,"2019/05/16 06:05:00",0,"2019/05/16 06:25:00",F_MAIN++APD_TL_L6,-606.44172,0,0,"2019/05/16 06:00:26",,"2014/03/03 00:00:00",1,-95.81387
D,P5MIN,CONSTRAINTSOLUTION,6,"2019/05/16 06:05:00",0,"2019/05/16 06:25:00",F_MAIN++APD_TL_L60,-295.57086,0,0,"2019/05/16 06:00:26",,"2014/03/03 00:00:00",1,-21.20387
D,P5MIN,CONSTRAINTSOLUTION,6,"2019/05/16 06:05:00",0,"2019/05/16 06:25:00",F_MAIN++LREG_0120,-358,0,0,"2019/05/16 06:00:26",,"2013/08/21 00:00:00",1,4.25613
D,P5MIN,CONSTRAINTSOLUTION,6,"2019/05/16 06:05:00",0,"2019/05/16 06:25:00",F_MAIN++LREG_0190,-288,0,0,"2019/05/16 06:00:26",,"2019/04/16 00:00:00",1,4.25613
D,P5MIN,CONSTRAINTSOLUTION,6,"2019/05/16 06:05:00",0,"2019/05/16 06:25:00",F_MAIN++ML_L5_0400,-171.26126,0,0,"2019/05/16 06:00:26",,"2013/08/21 00:00:00",1,180.60613
D,P5MIN,CONSTRAINTSOLUTION,6,"2019/05/16 06:05:00",0,"2019/05/16 06:25:00",F_MAIN++ML_L60_0400,-388.87085,0,0,"2019/05/16 06:00:26",,"2013/08/21 00:00:00",1,-21.20387
D,P5MIN,CONSTRAINTSOLUTION,6,"2019/05/16 06:05:00",0,"2019/05/16 06:25:00",F_MAIN++ML_L6_0400,-388.87085,0,0,"2019/05/16 06:00:26",,"2013/08/21 00:00:00",1,-95.81387
D,P5MIN,CONSTRAINTSOLUTION,6,"2019/05/16 06:05:00",0,"2019/05/16 06:25:00",F_MAIN++NIL_BL_L5,-223.26126,0,0,"2019/05/16 06:00:26",,"2013/08/21 00:00:00",1,180.60613
D,P5MIN,CONSTRAINTSOLUTION,6,"2019/05/16 06:05:00",0,"2019/05/16 06:25:00",F_MAIN++NIL_BL_L6,-621.7417,0,0,"2019/05/16 06:00:26",,"2013/08/21 00:00:00",1,-95.81387
D,P5MIN,CONSTRAINTSOLUTION,6,"2019/05/16 06:05:00",0,"2019/05/16 06:25:00",F_MAIN++NIL_BL_L60,-310.87085,0,0,"2019/05/16 06:00:26",,"2013/08/21 00:00:00",1,-21.20387
D,P5MIN,CONSTRAINTSOLUTION,6,"2019/05/16 06:05:00",0,"2019/05/16 06:25:00",F_MAIN++NIL_BL_R5,-10223.26126,0,0,"2019/05/16 06:00:26",,"2013/08/21 00:00:00",1,725.15387
D,P5MIN,CONSTRAINTSOLUTION,6,"2019/05/16 06:05:00",0,"2019/05/16 06:25:00",F_MAIN++NIL_BL_R6,-10621.7417,0,0,"2019/05/16 06:00:26",,"2013/08/21 00:00:00",1,489.13387
D,P5MIN,CONSTRAINTSOLUTION,6,"2019/05/16 06:05:00",0,"2019/05/16 06:25:00",F_MAIN++NIL_BL_R60,-10310.87085,0,0,"2019/05/16 06:00:26",,"2013/08/21 00:00:00",1,489.13387
D,P5MIN,CONSTRAINTSOLUTION,6,"2019/05/16 06:05:00",0,"2019/05/16 06:25:00",F_MAIN++NIL_MG_R5,706.73875,0,0,"2019/05/16 06:00:26",,"2013/08/21 00:00:00",1,725.15387
D,P5MIN,CONSTRAINTSOLUTION,6,"2019/05/16 06:05:00",0,"2019/05/16 06:25:00",F_MAIN++NIL_MG_R6,489.12915,6.16,0,"2019/05/16 06:00:26",,"2013/08/21 00:00:00",1,489.13387
D,P5MIN,CONSTRAINTSOLUTION,6,"2019/05/16 06:05:00",0,"2019/05/16 06:25:00",F_MAIN++NIL_MG_R60,489.12915,5,0,"2019/05/16 06:00:26",,"2013/08/21 00:00:00",1,489.13387
D,P5MIN,CONSTRAINTSOLUTION,6,"2019/05/16 06:05:00",0,"2019/05/16 06:25:00",F_MAIN++NIL_RREG,180,0,0,"2019/05/16 06:00:26",,"2018/12/12 00:00:00",1,285.74387
D,P5MIN,CONSTRAINTSOLUTION,6,"2019/05/16 06:05:00",0,"2019/05/16 06:25:00",F_MAIN++RREG_0200,250,0,0,"2019/05/16 06:00:26",,"2013/08/21 00:00:00",1,285.74387
D,P5MIN,CONSTRAINTSOLUTION,6,"2019/05/16 06:05:00",0,"2019/05/16 06:25:00",F_MAIN++WIPN-2_MLL60,-788.87085,0,0,"2019/05/16 06:00:26",,"2017/05/16 00:00:00",1,-21.20387
D,P5MIN,CONSTRAINTSOLUTION,6,"2019/05/16 06:05:00",0,"2019/05/16 06:25:00",F_MAIN++WIP_N-2_MLL5,-571.26126,0,0,"2019/05/16 06:00:26",,"2017/05/16 00:00:00",1,180.60613
D,P5MIN,CONSTRAINTSOLUTION,6,"2019/05/16 06:05:00",0,"2019/05/16 06:25:00",F_MAIN++WIP_N-2_MLL6,-788.87085,0,0,"2019/05/16 06:00:26",,"2017/05/16 00:00:00",1,-95.81387
D,P5MIN,CONSTRAINTSOLUTION,6,"2019/05/16 06:05:00",0,"2019/05/16 06:25:00",F_MAIN++WIVN-2_MGR60,-260.87085,0,0,"2019/05/16 06:00:26",,"2017/05/16 00:00:00",1,489.13387
D,P5MIN,CONSTRAINTSOLUTION,6,"2019/05/16 06:05:00",0,"2019/05/16 06:25:00",F_MAIN++WIV_N-2_MGR5,-43.26126,0,0,"2019/05/16 06:00:26",,"2017/05/16 00:00:00",1,725.15387
D,P5MIN,CONSTRAINTSOLUTION,6,"2019/05/16 06:05:00",0,"2019/05/16 06:25:00",F_MAIN++WIV_N-2_MGR6,-260.87085,0,0,"2019/05/16 06:00:26",,"2017/05/16 00:00:00",1,489.13387
D,P5MIN,CONSTRAINTSOLUTION,6,"2019/05/16 06:05:00",0,"2019/05/16 06:25:00",F_MAIN+APD_TL_L5,-9599.96127,0,0,"2019/05/16 06:00:26",,"2014/03/03 00:00:00",1,316.35
D,P5MIN,CONSTRAINTSOLUTION,6,"2019/05/16 06:05:00",0,"2019/05/16 06:25:00",F_MAIN+APD_TL_L6,-10128.44172,0,0,"2019/05/16 06:00:26",,"2014/03/03 00:00:00",1,39.93
D,P5MIN,CONSTRAINTSOLUTION,6,"2019/05/16 06:05:00",0,"2019/05/16 06:25:00",F_MAIN+APD_TL_L60,-9817.57086,0,0,"2019/05/16 06:00:26",,"2014/03/03 00:00:00",1,114.54
D,P5MIN,CONSTRAINTSOLUTION,6,"2019/05/16 06:05:00",0,"2019/05/16 06:25:00",F_MAIN+BLFCTRL_L5,-13.86879,0,0,"2019/05/16 06:00:26",,"2014/07/01 00:00:00",1,316.35
D,P5MIN,CONSTRAINTSOLUTION,6,"2019/05/16 06:05:00",0,"2019/05/16 06:25:00",F_MAIN+BLFCTRL_L6,-231.47839,0,0,"2019/05/16 06:00:26",,"2014/07/01 00:00:00",1,39.93
D,P5MIN,CONSTRAINTSOLUTION,6,"2019/05/16 06:05:00",0,"2019/05/16 06:25:00",F_MAIN+BLFCTRL_L60,-231.47839,0,0,"2019/05/16 06:00:26",,"2014/07/01 00:00:00",1,114.54
D,P5MIN,CONSTRAINTSOLUTION,6,"2019/05/16 06:05:00",0,"2019/05/16 06:25:00",F_MAIN+BLFCTRL_R5,56.73875,0,0,"2019/05/16 06:00:26",,"2014/07/01 00:00:00",1,589.41
D,P5MIN,CONSTRAINTSOLUTION,6,"2019/05/16 06:05:00",0,"2019/05/16 06:25:00",F_MAIN+BLFCTRL_R6,-160.87085,0,0,"2019/05/16 06:00:26",,"2014/07/01 00:00:00",1,353.39
D,P5MIN,CONSTRAINTSOLUTION,6,"2019/05/16 06:05:00",0,"2019/05/16 06:25:00",F_MAIN+BLFCTRL_R60,-160.87085,0,0,"2019/05/16 06:00:26",,"2014/07/01 00:00:00",1,353.39
D,P5MIN,CONSTRAINTSOLUTION,6,"2019/05/16 06:05:00",0,"2019/05/16 06:25:00",F_MAIN+LREG_0120,-9880,0,0,"2019/05/16 06:00:26",,"2013/08/21 00:00:00",1,140
D,P5MIN,CONSTRAINTSOLUTION,6,"2019/05/16 06:05:00",0,"2019/05/16 06:25:00",F_MAIN+LREG_0190,-9810,0,0,"2019/05/16 06:00:26",,"2019/04/16 00:00:00",1,140
D,P5MIN,CONSTRAINTSOLUTION,6,"2019/05/16 06:05:00",0,"2019/05/16 06:25:00",F_MAIN+ML_L5_0400,-9693.26126,0,0,"2019/05/16 06:00:26",,"2013/08/21 00:00:00",1,316.35
D,P5MIN,CONSTRAINTSOLUTION,6,"2019/05/16 06:05:00",0,"2019/05/16 06:25:00",F_MAIN+ML_L60_0400,-9910.87085,0,0,"2019/05/16 06:00:26",,"2013/08/21 00:00:00",1,114.54
D,P5MIN,CONSTRAINTSOLUTION,6,"2019/05/16 06:05:00",0,"2019/05/16 06:25:00",F_MAIN+ML_L6_0400,-9910.87085,0,0,"2019/05/16 06:00:26",,"2013/08/21 00:00:00",1,39.93
D,P5MIN,CONSTRAINTSOLUTION,6,"2019/05/16 06:05:00",0,"2019/05/16 06:25:00",F_MAIN+NIL_DYN_LREG,0,0,0,"2019/05/16 06:00:26",,"2019/03/22 00:00:00",2,140
D,P5MIN,CONSTRAINTSOLUTION,6,"2019/05/16 06:05:00",0,"2019/05/16 06:25:00",F_MAIN+NIL_DYN_RREG,0,0,0,"2019/05/16 06:00:26",,"2019/03/22 00:00:00",2,150
D,P5MIN,CONSTRAINTSOLUTION,6,"2019/05/16 06:05:00",0,"2019/05/16 06:25:00",F_MAIN+NIL_MG_R5,-9343.26126,0,0,"2019/05/16 06:00:26",,"2013/08/21 00:00:00",1,589.41
D,P5MIN,CONSTRAINTSOLUTION,6,"2019/05/16 06:05:00",0,"2019/05/16 06:25:00",F_MAIN+NIL_MG_R6,-9560.87085,0,0,"2019/05/16 06:00:26",,"2013/08/21 00:00:00",1,353.39
D,P5MIN,CONSTRAINTSOLUTION,6,"2019/05/16 06:05:00",0,"2019/05/16 06:25:00",F_MAIN+NIL_MG_R60,-9560.87085,0,0,"2019/05/16 06:00:26",,"2013/08/21 00:00:00",1,353.39
D,P5MIN,CONSTRAINTSOLUTION,6,"2019/05/16 06:05:00",0,"2019/05/16 06:25:00",F_MAIN+NIL_RREG,-9870,0,0,"2019/05/16 06:00:26",,"2018/12/12 00:00:00",1,150
D,P5MIN,CONSTRAINTSOLUTION,6,"2019/05/16 06:05:00",0,"2019/05/16 06:25:00",F_MAIN+RREG_0200,-9800,0,0,"2019/05/16 06:00:26",,"2013/08/21 00:00:00",1,150
D,P5MIN,CONSTRAINTSOLUTION,6,"2019/05/16 06:05:00",0,"2019/05/16 06:25:00",F_MAIN+TASCAP_LREG,70,0,0,"2019/05/16 06:00:26",,"2019/01/11 00:00:00",1,140
D,P5MIN,CONSTRAINTSOLUTION,6,"2019/05/16 06:05:00",0,"2019/05/16 06:25:00",F_MAIN+TASCAP_RREG,80,0,0,"2019/05/16 06:00:26",,"2019/01/11 00:00:00",1,150
D,P5MIN,CONSTRAINTSOLUTION,6,"2019/05/16 06:05:00",0,"2019/05/16 06:25:00",F_MAIN+WIP_N-2_MLL60,-10310.87085,0,0,"2019/05/16 06:00:26",,"2017/05/16 00:00:00",1,114.54
D,P5MIN,CONSTRAINTSOLUTION,6,"2019/05/16 06:05:00",0,"2019/05/16 06:25:00",F_MAIN+WIP_N-2_ML_L5,-10093.26126,0,0,"2019/05/16 06:00:26",,"2017/05/16 00:00:00",1,316.35
D,P5MIN,CONSTRAINTSOLUTION,6,"2019/05/16 06:05:00",0,"2019/05/16 06:25:00",F_MAIN+WIP_N-2_ML_L6,-10310.87085,0,0,"2019/05/16 06:00:26",,"2017/05/16 00:00:00",1,39.93
D,P5MIN,CONSTRAINTSOLUTION,6,"2019/05/16 06:05:00",0,"2019/05/16 06:25:00",F_MAIN+WIV_N-2_MGR60,-10310.87085,0,0,"2019/05/16 06:00:26",,"2017/05/16 00:00:00",1,353.39
D,P5MIN,CONSTRAINTSOLUTION,6,"2019/05/16 06:05:00",0,"2019/05/16 06:25:00",F_MAIN+WIV_N-2_MG_R5,-10093.26126,0,0,"2019/05/16 06:00:26",,"2017/05/16 00:00:00",1,589.41
D,P5MIN,CONSTRAINTSOLUTION,6,"2019/05/16 06:05:00",0,"2019/05/16 06:25:00",F_MAIN+WIV_N-2_MG_R6,-10310.87085,0,0,"2019/05/16 06:00:26",,"2017/05/16 00:00:00",1,353.39
D,P5MIN,CONSTRAINTSOLUTION,6,"2019/05/16 06:05:00",0,"2019/05/16 06:25:00",F_Q++NIL_R5,1360,0,0,"2019/05/16 06:00:26",,"2013/10/02 00:00:00",1,583.30152
D,P5MIN,CONSTRAINTSOLUTION,6,"2019/05/16 06:05:00",0,"2019/05/16 06:25:00",F_Q++NIL_R6,1360,0,0,"2019/05/16 06:00:26",,"2013/10/02 00:00:00",1,503.01152
D,P5MIN,CONSTRAINTSOLUTION,6,"2019/05/16 06:05:00",0,"2019/05/16 06:25:00",F_Q++NIL_R60,1360,0,0,"2019/05/16 06:00:26",,"2013/10/02 00:00:00",1,496.62152
D,P5MIN,CONSTRAINTSOLUTION,6,"2019/05/16 06:05:00",0,"2019/05/16 06:25:00",F_Q_W/HOE_R5,10000,0,0,"2019/05/16 06:00:26",,"2017/05/17 00:00:00",1,60
D,P5MIN,CONSTRAINTSOLUTION,6,"2019/05/16 06:05:00",0,"2019/05/16 06:25:00",F_Q_W/HOE_R60,10000,0,0,"2019/05/16 06:00:26",,"2017/05/17 00:00:00",1,0
D,P5MIN,CONSTRAINTSOLUTION,6,"2019/05/16 06:05:00",0,"2019/05/16 06:25:00",F_S+NIL_HPR_G+L_LREG,300000,0,0,"2019/05/16 06:00:26",,"2017/11/13 00:00:00",1,40
D,P5MIN,CONSTRAINTSOLUTION,6,"2019/05/16 06:05:00",0,"2019/05/16 06:25:00",F_S+NIL_HPR_G+L_RREG,300000,0,0,"2019/05/16 06:00:26",,"2017/11/13 00:00:00",1,15.32255
D,P5MIN,CONSTRAINTSOLUTION,6,"2019/05/16 06:05:00",0,"2019/05/16 06:25:00",F_T++LREG_0050,100,0,0,"2019/05/16 06:00:26",,"2015/01/29 00:00:00",1,185.74387
D,P5MIN,CONSTRAINTSOLUTION,6,"2019/05/16 06:05:00",0,"2019/05/16 06:25:00",F_T++NIL_BB_TG_R5,-10053.8148,0,0,"2019/05/16 06:00:26",,"2016/04/12 00:00:00",1,-72.17387
D,P5MIN,CONSTRAINTSOLUTION,6,"2019/05/16 06:05:00",0,"2019/05/16 06:25:00",F_T++NIL_BB_TG_R6,-10162.70874,0,0,"2019/05/16 06:00:26",,"2016/04/12 00:00:00",1,-74.07387
D,P5MIN,CONSTRAINTSOLUTION,6,"2019/05/16 06:05:00",0,"2019/05/16 06:25:00",F_T++NIL_BB_TG_R60,-9984.61807,0,0,"2019/05/16 06:00:26",,"2016/04/12 00:00:00",1,-58.65387
D,P5MIN,CONSTRAINTSOLUTION,6,"2019/05/16 06:05:00",0,"2019/05/16 06:25:00",F_T++NIL_BLSPS_L5,-20000.0001,0,0,"2019/05/16 06:00:26",,"2013/08/21 00:00:00",1,208.35669
D,P5MIN,CONSTRAINTSOLUTION,6,"2019/05/16 06:05:00",0,"2019/05/16 06:25:00",F_T++NIL_BLSPS_L60_1,-20000.0001,0,0,"2019/05/16 06:00:26",,"2013/08/21 00:00:00",1,179.71345
D,P5MIN,CONSTRAINTSOLUTION,6,"2019/05/16 06:05:00",0,"2019/05/16 06:25:00",F_T++NIL_BLSPS_L60_2,-20000.0001,0,0,"2019/05/16 06:00:26",,"2013/08/21 00:00:00",1,421.25745
D,P5MIN,CONSTRAINTSOLUTION,6,"2019/05/16 06:05:00",0,"2019/05/16 06:25:00",F_T++NIL_BLSPS_L60_3,-20000.0001,0,0,"2019/05/16 06:00:26",,"2013/08/21 00:00:00",1,714.83751
D,P5MIN,CONSTRAINTSOLUTION,6,"2019/05/16 06:05:00",0,"2019/05/16 06:25:00",F_T++NIL_BLSPS_L60_4,-20000.0001,0,0,"2019/05/16 06:00:26",,"2013/08/21 00:00:00",1,1130.79066
D,P5MIN,CONSTRAINTSOLUTION,6,"2019/05/16 06:05:00",0,"2019/05/16 06:25:00",F_T++NIL_BLSPS_L6_1,-20000.0001,0,0,"2019/05/16 06:00:26",,"2013/08/21 00:00:00",1,117.19854
D,P5MIN,CONSTRAINTSOLUTION,6,"2019/05/16 06:05:00",0,"2019/05/16 06:25:00",F_T++NIL_BLSPS_L6_2,-20000.0001,0,0,"2019/05/16 06:00:26",,"2013/08/21 00:00:00",1,283.97482
D,P5MIN,CONSTRAINTSOLUTION,6,"2019/05/16 06:05:00",0,"2019/05/16 06:25:00",F_T++NIL_BLSPS_L6_3,-20000.0001,0,0,"2019/05/16 06:00:26",,"2013/08/21 00:00:00",1,510.14718
D,P5MIN,CONSTRAINTSOLUTION,6,"2019/05/16 06:05:00",0,"2019/05/16 06:25:00",F_T++NIL_BLSPS_L6_4,-20000.0001,0,0,"2019/05/16 06:00:26",,"2013/08/21 00:00:00",1,840.81111
D,P5MIN,CONSTRAINTSOLUTION,6,"2019/05/16 06:05:00",0,"2019/05/16 06:25:00",F_T++NIL_BLSPS_R5,-10000.0001,0,0,"2019/05/16 06:00:26",,"2013/08/21 00:00:00",1,-56.87282
D,P5MIN,CONSTRAINTSOLUTION,6,"2019/05/16 06:05:00",0,"2019/05/16 06:25:00",F_T++NIL_BLSPS_R60_1,-10000.0001,0,0,"2019/05/16 06:00:26",,"2013/08/21 00:00:00",1,-87.88903
D,P5MIN,CONSTRAINTSOLUTION,6,"2019/05/16 06:05:00",0,"2019/05/16 06:25:00",F_T++NIL_BLSPS_R60_2,-10000.0001,0,0,"2019/05/16 06:00:26",,"2013/08/21 00:00:00",1,-195.7769
D,P5MIN,CONSTRAINTSOLUTION,6,"2019/05/16 06:05:00",0,"2019/05/16 06:25:00",F_T++NIL_BLSPS_R60_3,-10000.0001,0,0,"2019/05/16 06:00:26",,"2013/08/21 00:00:00",1,-303.33898
D,P5MIN,CONSTRAINTSOLUTION,6,"2019/05/16 06:05:00",0,"2019/05/16 06:25:00",F_T++NIL_BLSPS_R60_4,-10000.0001,0,0,"2019/05/16 06:00:26",,"2013/08/21 00:00:00",1,-466.34565
D,P5MIN,CONSTRAINTSOLUTION,6,"2019/05/16 06:05:00",0,"2019/05/16 06:25:00",F_T++NIL_BLSPS_R6_1,-10000.0001,0,0,"2019/05/16 06:00:26",,"2013/08/21 00:00:00",1,-72.89969
D,P5MIN,CONSTRAINTSOLUTION,6,"2019/05/16 06:05:00",0,"2019/05/16 06:25:00",F_T++NIL_BLSPS_R6_2,-10000.0001,0,0,"2019/05/16 06:00:26",,"2013/08/21 00:00:00",1,-180.65588
D,P5MIN,CONSTRAINTSOLUTION,6,"2019/05/16 06:05:00",0,"2019/05/16 06:25:00",F_T++NIL_BLSPS_R6_3,-10000.0001,0,0,"2019/05/16 06:00:26",,"2013/08/21 00:00:00",1,-281.81629
D,P5MIN,CONSTRAINTSOLUTION,6,"2019/05/16 06:05:00",0,"2019/05/16 06:25:00",F_T++NIL_BLSPS_R6_4,-10000.0001,0,0,"2019/05/16 06:00:26",,"2013/08/21 00:00:00",1,-373.21128
D,P5MIN,CONSTRAINTSOLUTION,6,"2019/05/16 06:05:00",0,"2019/05/16 06:25:00",F_T++NIL_MG_R5,-9937.29449,0,0,"2019/05/16 06:00:26",,"2016/04/12 00:00:00",1,-72.17387
D,P5MIN,CONSTRAINTSOLUTION,6,"2019/05/16 06:05:00",0,"2019/05/16 06:25:00",F_T++NIL_MG_R6,-9988.04516,0,0,"2019/05/16 06:00:26",,"2016/04/12 00:00:00",1,-74.07387
D,P5MIN,CONSTRAINTSOLUTION,6,"2019/05/16 06:05:00",0,"2019/05/16 06:25:00",F_T++NIL_MG_R60,-9896.75278,0,0,"2019/05/16 06:00:26",,"2016/04/12 00:00:00",1,-58.65387
D,P5MIN,CONSTRAINTSOLUTION,6,"2019/05/16 06:05:00",0,"2019/05/16 06:25:00",F_T++NIL_MG_RECL_R5,-9949.73306,0,0,"2019/05/16 06:00:26",,"2016/12/02 00:00:00",1,-72.17387
D,P5MIN,CONSTRAINTSOLUTION,6,"2019/05/16 06:05:00",0,"2019/05/16 06:25:00",F_T++NIL_MG_RECL_R6,-10005.01852,0,0,"2019/05/16 06:00:26",,"2016/12/02 00:00:00",1,-74.07387
D,P5MIN,CONSTRAINTSOLUTION,6,"2019/05/16 06:05:00",0,"2019/05/16 06:25:00",F_T++NIL_MG_RECL_R60,-9906.58101,0,0,"2019/05/16 06:00:26",,"2016/12/02 00:00:00",1,-58.65387
D,P5MIN,CONSTRAINTSOLUTION,6,"2019/05/16 06:05:00",0,"2019/05/16 06:25:00",F_T++NIL_ML_L5,99.90711,0,0,"2019/05/16 06:00:26",,"2016/04/12 00:00:00",1,215.74387
D,P5MIN,CONSTRAINTSOLUTION,6,"2019/05/16 06:05:00",0,"2019/05/16 06:25:00",F_T++NIL_ML_L6,67.69038,0,0,"2019/05/16 06:00:26",,"2016/04/12 00:00:00",1,135.74387
D,P5MIN,CONSTRAINTSOLUTION,6,"2019/05/16 06:05:00",0,"2019/05/16 06:25:00",F_T++NIL_ML_L60,108.70405,0,0,"2019/05/16 06:00:26",,"2016/04/12 00:00:00",1,154.43387
D,P5MIN,CONSTRAINTSOLUTION,6,"2019/05/16 06:05:00",0,"2019/05/16 06:25:00",F_T++NIL_TL_L5_DS,-9833.2666,0,0,"2019/05/16 06:00:26",,"2016/10/25 00:00:00",1,215.74387
D,P5MIN,CONSTRAINTSOLUTION,6,"2019/05/16 06:05:00",0,"2019/05/16 06:25:00",F_T++NIL_TL_L60_DS,-9829.26571,0,0,"2019/05/16 06:00:26",,"2016/10/25 00:00:00",1,154.43387
D,P5MIN,CONSTRAINTSOLUTION,6,"2019/05/16 06:05:00",0,"2019/05/16 06:25:00",F_T++NIL_TL_L6_DS,-9842.13326,0,0,"2019/05/16 06:00:26",,"2016/10/25 00:00:00",1,135.74387
D,P5MIN,CONSTRAINTSOLUTION,6,"2019/05/16 06:05:00",0,"2019/05/16 06:25:00",F_T++NIL_WF_TG_R5,-10031.01407,0,0,"2019/05/16 06:00:26",,"2016/04/12 00:00:00",1,-72.17387
D,P5MIN,CONSTRAINTSOLUTION,6,"2019/05/16 06:05:00",0,"2019/05/16 06:25:00",F_T++NIL_WF_TG_R6,-10132.34247,0,0,"2019/05/16 06:00:26",,"2016/04/12 00:00:00",1,-74.07387
D,P5MIN,CONSTRAINTSOLUTION,6,"2019/05/16 06:05:00",0,"2019/05/16 06:25:00",F_T++NIL_WF_TG_R60,-9966.04028,0,0,"2019/05/16 06:00:26",,"2016/04/12 00:00:00",1,-58.65387
D,P5MIN,CONSTRAINTSOLUTION,6,"2019/05/16 06:05:00",0,"2019/05/16 06:25:00",F_T++RREG_0050,-428,0,0,"2019/05/16 06:00:26",,"2015/01/29 00:00:00",1,-85.74387
D,P5MIN,CONSTRAINTSOLUTION,6,"2019/05/16 06:05:00",0,"2019/05/16 06:25:00",F_T+LREG_0050,-9950,0,0,"2019/05/16 06:00:26",,"2015/01/29 00:00:00",1,50
D,P5MIN,CONSTRAINTSOLUTION,6,"2019/05/16 06:05:00",0,"2019/05/16 06:25:00",F_T+NIL_BB_TG_R5,-49.9999,0,0,"2019/05/16 06:00:26",,"2016/04/12 00:00:00",1,63.57
D,P5MIN,CONSTRAINTSOLUTION,6,"2019/05/16 06:05:00",0,"2019/05/16 06:25:00",F_T+NIL_BB_TG_R6,0.0001,0,0,"2019/05/16 06:00:26",,"2016/04/12 00:00:00",1,61.67
D,P5MIN,CONSTRAINTSOLUTION,6,"2019/05/16 06:05:00",0,"2019/05/16 06:25:00",F_T+NIL_BB_TG_R60,0.0001,0,0,"2019/05/16 06:00:26",,"2016/04/12 00:00:00",1,77.09
D,P5MIN,CONSTRAINTSOLUTION,6,"2019/05/16 06:05:00",0,"2019/05/16 06:25:00",F_T+NIL_MG_R5,63.57223,0.02,0,"2019/05/16 06:00:26",,"2016/04/12 00:00:00",1,63.57
D,P5MIN,CONSTRAINTSOLUTION,6,"2019/05/16 06:05:00",0,"2019/05/16 06:25:00",F_T+NIL_MG_R6,61.66973,0.49,0,"2019/05/16 06:00:26",,"2016/04/12 00:00:00",1,61.67
D,P5MIN,CONSTRAINTSOLUTION,6,"2019/05/16 06:05:00",0,"2019/05/16 06:25:00",F_T+NIL_MG_R60,77.08714,4,0,"2019/05/16 06:00:26",,"2016/04/12 00:00:00",1,77.09
D,P5MIN,CONSTRAINTSOLUTION,6,"2019/05/16 06:05:00",0,"2019/05/16 06:25:00",F_T+NIL_MG_RECL_R5,51.85029,0,0,"2019/05/16 06:00:26",,"2016/12/02 00:00:00",1,63.57
D,P5MIN,CONSTRAINTSOLUTION,6,"2019/05/16 06:05:00",0,"2019/05/16 06:25:00",F_T+NIL_MG_RECL_R6,48.66846,0,0,"2019/05/16 06:00:26",,"2016/12/02 00:00:00",1,61.67
D,P5MIN,CONSTRAINTSOLUTION,6,"2019/05/16 06:05:00",0,"2019/05/16 06:25:00",F_T+NIL_MG_RECL_R60,60.83555,0,0,"2019/05/16 06:00:26",,"2016/12/02 00:00:00",1,77.09
D,P5MIN,CONSTRAINTSOLUTION,6,"2019/05/16 06:05:00",0,"2019/05/16 06:25:00",F_T+NIL_ML_L5,-9935.535,0,0,"2019/05/16 06:00:26",,"2016/04/12 00:00:00",1,80
D,P5MIN,CONSTRAINTSOLUTION,6,"2019/05/16 06:05:00",0,"2019/05/16 06:25:00",F_T+NIL_ML_L6,-9939.87486,0,0,"2019/05/16 06:00:26",,"2016/04/12 00:00:00",1,0
D,P5MIN,CONSTRAINTSOLUTION,6,"2019/05/16 06:05:00",0,"2019/05/16 06:25:00",F_T+NIL_ML_L60,-9924.84357,0,0,"2019/05/16 06:00:26",,"2016/04/12 00:00:00",1,18.69
D,P5MIN,CONSTRAINTSOLUTION,6,"2019/05/16 06:05:00",0,"2019/05/16 06:25:00",F_T+NIL_TL_L5_DS,-19883.99803,0,0,"2019/05/16 06:00:26",,"2016/10/25 00:00:00",1,80
D,P5MIN,CONSTRAINTSOLUTION,6,"2019/05/16 06:05:00",0,"2019/05/16 06:25:00",F_T+NIL_TL_L60_DS,-19859.5363,0,0,"2019/05/16 06:00:26",,"2016/10/25 00:00:00",1,18.69
D,P5MIN,CONSTRAINTSOLUTION,6,"2019/05/16 06:05:00",0,"2019/05/16 06:25:00",F_T+NIL_TL_L6_DS,-19887.62904,0,0,"2019/05/16 06:00:26",,"2016/10/25 00:00:00",1,0
D,P5MIN,CONSTRAINTSOLUTION,6,"2019/05/16 06:05:00",0,"2019/05/16 06:25:00",F_T+NIL_WF_TG_R5,-30.60733,0,0,"2019/05/16 06:00:26",,"2016/04/12 00:00:00",1,63.57
D,P5MIN,CONSTRAINTSOLUTION,6,"2019/05/16 06:05:00",0,"2019/05/16 06:25:00",F_T+NIL_WF_TG_R6,0.0001,0,0,"2019/05/16 06:00:26",,"2016/04/12 00:00:00",1,61.67
D,P5MIN,CONSTRAINTSOLUTION,6,"2019/05/16 06:05:00",0,"2019/05/16 06:25:00",F_T+NIL_WF_TG_R60,0.0001,0,0,"2019/05/16 06:00:26",,"2016/04/12 00:00:00",1,77.09
D,P5MIN,CONSTRAINTSOLUTION,6,"2019/05/16 06:05:00",0,"2019/05/16 06:25:00",F_T+RREG_0050,-9950,0,0,"2019/05/16 06:00:26",,"2015/01/29 00:00:00",1,50
D,P5MIN,CONSTRAINTSOLUTION,6,"2019/05/16 06:05:00",0,"2019/05/16 06:25:00",F_TASCAP_LREG_0190,140,1.5,0,"2019/05/16 06:00:26",,"2019/04/16 00:00:00",1,140
D,P5MIN,CONSTRAINTSOLUTION,6,"2019/05/16 06:05:00",0,"2019/05/16 06:25:00",F_TASCAP_RREG_0200,150,9.52,0,"2019/05/16 06:00:26",,"2019/03/18 00:00:00",1,150
D,P5MIN,CONSTRAINTSOLUTION,6,"2019/05/16 06:05:00",0,"2019/05/16 06:25:00",F_T_NIL_MINP_R6,35,0.96,0,"2019/05/16 06:00:26",,"2018/04/30 00:00:00",1,35.00027
D,P5MIN,CONSTRAINTSOLUTION,6,"2019/05/16 06:05:00",0,"2019/05/16 06:25:00",N::Q_BWLD_KC,1276.30519,0,0,"2019/05/16 06:00:26",,"2018/01/19 00:00:00",1,425.93468
D,P5MIN,CONSTRAINTSOLUTION,6,"2019/05/16 06:05:00",0,"2019/05/16 06:25:00",N::Q_BWLD_LDMU,723.01501,0,0,"2019/05/16 06:00:26",,"2018/01/19 00:00:00",1,-613.72642
D,P5MIN,CONSTRAINTSOLUTION,6,"2019/05/16 06:05:00",0,"2019/05/16 06:25:00",N::Q_BWLD_LDTW,640.06793,0,0,"2019/05/16 06:00:26",,"2018/01/19 00:00:00",1,-616.74742
D,P5MIN,CONSTRAINTSOLUTION,6,"2019/05/16 06:05:00",0,"2019/05/16 06:25:00",N::Q_BWLD_TNT,1314.83946,0,0,"2019/05/16 06:00:26",,"2018/01/19 00:00:00",1,31.81308
D,P5MIN,CONSTRAINTSOLUTION,6,"2019/05/16 06:05:00",0,"2019/05/16 06:25:00",N::Q_NIL_KC,1356.30519,0,0,"2019/05/16 06:00:26",,"2017/12/06 00:00:00",1,425.93468
D,P5MIN,CONSTRAINTSOLUTION,6,"2019/05/16 06:05:00",0,"2019/05/16 06:25:00",N::Q_NIL_LDMU,803.01501,0,0,"2019/05/16 06:00:26",,"2017/12/06 00:00:00",1,-613.72642
D,P5MIN,CONSTRAINTSOLUTION,6,"2019/05/16 06:05:00",0,"2019/05/16 06:25:00",N::Q_NIL_LDTW,720.06793,0,0,"2019/05/16 06:00:26",,"2017/12/06 00:00:00",1,-616.74742
D,P5MIN,CONSTRAINTSOLUTION,6,"2019/05/16 06:05:00",0,"2019/05/16 06:25:00",N::Q_NIL_TNT,1394.83946,0,0,"2019/05/16 06:00:26",,"2017/12/06 00:00:00",1,31.81308
D,P5MIN,CONSTRAINTSOLUTION,6,"2019/05/16 06:05:00",0,"2019/05/16 06:25:00",N::V_NIL_BWSW,1510.59418,0,0,"2019/05/16 06:00:26",,"2018/06/26 00:00:00",1,162.48646
D,P5MIN,CONSTRAINTSOLUTION,6,"2019/05/16 06:05:00",0,"2019/05/16 06:25:00",N::V_NIL_MSDD,1462.35786,0,0,"2019/05/16 06:00:26",,"2018/06/26 00:00:00",1,204.86766
D,P5MIN,CONSTRAINTSOLUTION,6,"2019/05/16 06:05:00",0,"2019/05/16 06:25:00",N::V_NIL_UTMS,1630.77633,0,0,"2019/05/16 06:00:26",,"2018/06/26 00:00:00",1,162.48646
D,P5MIN,CONSTRAINTSOLUTION,6,"2019/05/16 06:05:00",0,"2019/05/16 06:25:00",N:V_NIL_BWRG,1227.11246,0,0,"2019/05/16 06:00:26",,"2018/06/26 00:00:00",1,162.48646
D,P5MIN,CONSTRAINTSOLUTION,6,"2019/05/16 06:05:00",0,"2019/05/16 06:25:00",N:V_NIL_BYYS,1620.66962,0,0,"2019/05/16 06:00:26",,"2018/06/26 00:00:00",1,162.48646
D,P5MIN,CONSTRAINTSOLUTION,6,"2019/05/16 06:05:00",0,"2019/05/16 06:25:00",N>>N-BWLD_ONE_A,1237.16603,0,0,"2019/05/16 06:00:26",,"2019/03/04 00:00:00",1,-1359.41752
D,P5MIN,CONSTRAINTSOLUTION,6,"2019/05/16 06:05:00",0,"2019/05/16 06:25:00",N>>N-BWLD_ONE_B,2834.97554,0,0,"2019/05/16 06:00:26",,"2019/03/04 00:00:00",1,1359.41752
D,P5MIN,CONSTRAINTSOLUTION,6,"2019/05/16 06:05:00",0,"2019/05/16 06:25:00",N>>N-BWLD_ONE_C,1885.32555,0,0,"2019/05/16 06:00:26",,"2019/03/04 00:00:00",1,-904.55279
D,P5MIN,CONSTRAINTSOLUTION,6,"2019/05/16 06:05:00",0,"2019/05/16 06:25:00",N>>N-BWLD_ONE_D,2598.30017,0,0,"2019/05/16 06:00:26",,"2019/03/04 00:00:00",1,1404.53118
D,P5MIN,CONSTRAINTSOLUTION,6,"2019/05/16 06:05:00",0,"2019/05/16 06:25:00",N>>N-BWLD_ONE_E,2652.38267,0,0,"2019/05/16 06:00:26",,"2019/03/04 00:00:00",1,1393.75329
D,P5MIN,CONSTRAINTSOLUTION,6,"2019/05/16 06:05:00",0,"2019/05/16 06:25:00",N>>N-BYSW_A1_15M,3657.62653,0,0,"2019/05/16 06:00:26",,"2019/03/04 00:00:00",1,248.08312
D,P5MIN,CONSTRAINTSOLUTION,6,"2019/05/16 06:05:00",0,"2019/05/16 06:25:00",N>>N-BYSW_A2_15M,1296.05392,0,0,"2019/05/16 06:00:26",,"2019/03/04 00:00:00",1,-248.08312
D,P5MIN,CONSTRAINTSOLUTION,6,"2019/05/16 06:05:00",0,"2019/05/16 06:25:00",N>>N-BYSW_B,3666.2837,0,0,"2019/05/16 06:00:26",,"2019/03/04 00:00:00",1,1210.16769
D,P5MIN,CONSTRAINTSOLUTION,6,"2019/05/16 06:05:00",0,"2019/05/16 06:25:00",N>>N-BYSW_C,3882.71,0,0,"2019/05/16 06:00:26",,"2019/03/04 00:00:00",1,2025.13394
D,P5MIN,CONSTRAINTSOLUTION,6,"2019/05/16 06:05:00",0,"2019/05/16 06:25:00",N>>N-BYSW_G1_15M,3855.78802,0,0,"2019/05/16 06:00:26",,"2019/03/04 00:00:00",1,249.2191
D,P5MIN,CONSTRAINTSOLUTION,6,"2019/05/16 06:05:00",0,"2019/05/16 06:25:00",N>>N-BYSW_G2_15M,1581.61173,0,0,"2019/05/16 06:00:26",,"2019/03/04 00:00:00",1,-249.2191
D,P5MIN,CONSTRAINTSOLUTION,6,"2019/05/16 06:05:00",0,"2019/05/16 06:25:00",N>>N-BYSW_H_15M,3855.5763,0,0,"2019/05/16 06:00:26",,"2019/03/04 00:00:00",1,249.2191
D,P5MIN,CONSTRAINTSOLUTION,6,"2019/05/16 06:05:00",0,"2019/05/16 06:25:00",N>>N-BYSW_J,3712.35433,0,0,"2019/05/16 06:00:26",,"2019/03/04 00:00:00",1,1214.34465
D,P5MIN,CONSTRAINTSOLUTION,6,"2019/05/16 06:05:00",0,"2019/05/16 06:25:00",N>>N-BYSW_K,3546.99219,0,0,"2019/05/16 06:00:26",,"2019/03/04 00:00:00",1,955.9155
D,P5MIN,CONSTRAINTSOLUTION,6,"2019/05/16 06:05:00",0,"2019/05/16 06:25:00",N>>N-KC_TX_01,2972.47911,0,0,"2019/05/16 06:00:26",,"2019/03/04 00:00:00",1,2604.5423
D,P5MIN,CONSTRAINTSOLUTION,6,"2019/05/16 06:05:00",0,"2019/05/16 06:25:00",N>>N-KC_TX_02,3892.30418,0,0,"2019/05/16 06:00:26",,"2019/03/04 00:00:00",1,2899.42972
D,P5MIN,CONSTRAINTSOLUTION,6,"2019/05/16 06:05:00",0,"2019/05/16 06:25:00",N>>N-KC_TX_03,3869.57473,0,0,"2019/05/16 06:00:26",,"2019/03/04 00:00:00",1,2918.41706
D,P5MIN,CONSTRAINTSOLUTION,6,"2019/05/16 06:05:00",0,"2019/05/16 06:25:00",N>>N-KC_TX_05,3908.92066,0,0,"2019/05/16 06:00:26",,"2019/03/04 00:00:00",1,2791.501
D,P5MIN,CONSTRAINTSOLUTION,6,"2019/05/16 06:05:00",0,"2019/05/16 06:25:00",N>>N-KC_TX_06,3824.378,0,0,"2019/05/16 06:00:26",,"2019/03/04 00:00:00",1,3176.54681
D,P5MIN,CONSTRAINTSOLUTION,6,"2019/05/16 06:05:00",0,"2019/05/16 06:25:00",N>>N-NIL_01N,2185.55344,0,0,"2019/05/16 06:00:26",,"2019/03/01 00:00:00",1,116.9953
D,P5MIN,CONSTRAINTSOLUTION,6,"2019/05/16 06:05:00",0,"2019/05/16 06:25:00",N>>N-NIL_01S,583.35917,0,0,"2019/05/16 06:00:26",,"2019/03/01 00:00:00",1,-116.9953
D,P5MIN,CONSTRAINTSOLUTION,6,"2019/05/16 06:05:00",0,"2019/05/16 06:25:00",N>>N-NIL_03,582.46091,0,0,"2019/05/16 06:00:26",,"2019/03/01 00:00:00",1,-116.9953
D,P5MIN,CONSTRAINTSOLUTION,6,"2019/05/16 06:05:00",0,"2019/05/16 06:25:00",N>>N-NIL_17N,3924.85329,0,0,"2019/05/16 06:00:26",,"2019/03/01 00:00:00",1,245.14167
D,P5MIN,CONSTRAINTSOLUTION,6,"2019/05/16 06:05:00",0,"2019/05/16 06:25:00",N>>N-NIL_17S,1535.94962,0,0,"2019/05/16 06:00:26",,"2019/03/01 00:00:00",1,-245.14167
D,P5MIN,CONSTRAINTSOLUTION,6,"2019/05/16 06:05:00",0,"2019/05/16 06:25:00",N>>N-NIL_1A,1339.54549,0,0,"2019/05/16 06:00:26",,"2019/02/28 00:00:00",1,-1381.04333
D,P5MIN,CONSTRAINTSOLUTION,6,"2019/05/16 06:05:00",0,"2019/05/16 06:25:00",N>>N-NIL_1E_OPENED,5914.95864,0,0,"2019/05/16 06:00:26",,"2019/02/28 00:00:00",1,1507.40245
D,P5MIN,CONSTRAINTSOLUTION,6,"2019/05/16 06:05:00",0,"2019/05/16 06:25:00",N>>N-NIL_1G,4564.84815,0,0,"2019/05/16 06:00:26",,"2019/02/28 00:00:00",1,3464.67732
D,P5MIN,CONSTRAINTSOLUTION,6,"2019/05/16 06:05:00",0,"2019/05/16 06:25:00",N>>N-NIL_1N_OPENED,6529.67994,0,0,"2019/05/16 06:00:26",,"2019/02/28 00:00:00",1,1501.84683
D,P5MIN,CONSTRAINTSOLUTION,6,"2019/05/16 06:05:00",0,"2019/05/16 06:25:00",N>>N-NIL_1O,7038.28934,0,0,"2019/05/16 06:00:26",,"2019/02/28 00:00:00",1,2091.64694
D,P5MIN,CONSTRAINTSOLUTION,6,"2019/05/16 06:05:00",0,"2019/05/16 06:25:00",N>>N-NIL_1R,4411.10798,0,0,"2019/05/16 06:00:26",,"2019/02/28 00:00:00",1,3188.65481
D,P5MIN,CONSTRAINTSOLUTION,6,"2019/05/16 06:05:00",0,"2019/05/16 06:25:00",N>>N-NIL_1S,6872.49633,0,0,"2019/05/16 06:00:26",,"2019/02/28 00:00:00",1,1510.90142
D,P5MIN,CONSTRAINTSOLUTION,6,"2019/05/16 06:05:00",0,"2019/05/16 06:25:00",N>>N-NIL_1T,8083.98682,0,0,"2019/05/16 06:00:26",,"2019/02/28 00:00:00",1,1497.75385
D,P5MIN,CONSTRAINTSOLUTION,6,"2019/05/16 06:05:00",0,"2019/05/16 06:25:00",N>>N-NIL_1WN,3719.93324,0,0,"2019/05/16 06:00:26",,"2019/03/01 00:00:00",1,244.54819
D,P5MIN,CONSTRAINTSOLUTION,6,"2019/05/16 06:05:00",0,"2019/05/16 06:25:00",N>>N-NIL_1WS,1261.73417,0,0,"2019/05/16 06:00:26",,"2019/03/01 00:00:00",1,-244.54819
D,P5MIN,CONSTRAINTSOLUTION,6,"2019/05/16 06:05:00",0,"2019/05/16 06:25:00",N>>N-NIL_1XN,3667.55506,0,0,"2019/05/16 06:00:26",,"2019/03/01 00:00:00",1,244.54941
D,P5MIN,CONSTRAINTSOLUTION,6,"2019/05/16 06:05:00",0,"2019/05/16 06:25:00",N>>N-NIL_1XS,1208.81194,0,0,"2019/05/16 06:00:26",,"2019/03/01 00:00:00",1,-244.54941
D,P5MIN,CONSTRAINTSOLUTION,6,"2019/05/16 06:05:00",0,"2019/05/16 06:25:00",N>>N-NIL_1Y,3925.12809,0,0,"2019/05/16 06:00:26",,"2019/03/01 00:00:00",1,245.13974
D,P5MIN,CONSTRAINTSOLUTION,6,"2019/05/16 06:05:00",0,"2019/05/16 06:25:00",N>>N-NIL_1YS,1536.83686,0,0,"2019/05/16 06:00:26",,"2019/03/01 00:00:00",1,-245.13974
D,P5MIN,CONSTRAINTSOLUTION,6,"2019/05/16 06:05:00",0,"2019/05/16 06:25:00",N>>N-NIL_1Z,4030.07776,0,0,"2019/05/16 06:00:26",,"2019/03/01 00:00:00",1,245.13974
D,P5MIN,CONSTRAINTSOLUTION,6,"2019/05/16 06:05:00",0,"2019/05/16 06:25:00",N>>N-NIL_1ZS,1642.45727,0,0,"2019/05/16 06:00:26",,"2019/03/01 00:00:00",1,-245.13974
D,P5MIN,CONSTRAINTSOLUTION,6,"2019/05/16 06:05:00",0,"2019/05/16 06:25:00",N>>N-NIL_23N,4029.83222,0,0,"2019/05/16 06:00:26",,"2019/03/01 00:00:00",1,245.13974
D,P5MIN,CONSTRAINTSOLUTION,6,"2019/05/16 06:05:00",0,"2019/05/16 06:25:00",N>>N-NIL_23S,1686.52853,0,0,"2019/05/16 06:00:26",,"2019/01/11 00:00:00",1,-245.19778
D,P5MIN,CONSTRAINTSOLUTION,6,"2019/05/16 06:05:00",0,"2019/05/16 06:25:00",N>>N-NIL_28,4323.98508,0,0,"2019/05/16 06:00:26",,"2019/02/28 00:00:00",1,787.07616
D,P5MIN,CONSTRAINTSOLUTION,6,"2019/05/16 06:05:00",0,"2019/05/16 06:25:00",N>>N-NIL_29N,3721.32882,0,0,"2019/05/16 06:00:26",,"2019/03/01 00:00:00",1,213.13383
D,P5MIN,CONSTRAINTSOLUTION,6,"2019/05/16 06:05:00",0,"2019/05/16 06:25:00",N>>N-NIL_29S,1123.88578,0,0,"2019/05/16 06:00:26",,"2019/03/01 00:00:00",1,-274.3366
D,P5MIN,CONSTRAINTSOLUTION,6,"2019/05/16 06:05:00",0,"2019/05/16 06:25:00",N>>N-NIL_31N,3815.14691,0,0,"2019/05/16 06:00:26",,"2019/03/01 00:00:00",1,213.13383
D,P5MIN,CONSTRAINTSOLUTION,6,"2019/05/16 06:05:00",0,"2019/05/16 06:25:00",N>>N-NIL_31S,1213.3077,0,0,"2019/05/16 06:00:26",,"2019/03/01 00:00:00",1,-274.3366
D,P5MIN,CONSTRAINTSOLUTION,6,"2019/05/16 06:05:00",0,"2019/05/16 06:25:00",N>>N-NIL_36,2888.70306,0,0,"2019/05/16 06:00:26",,"2019/05/06 00:00:00",1,137.14183
D,P5MIN,CONSTRAINTSOLUTION,6,"2019/05/16 06:05:00",0,"2019/05/16 06:25:00",N>>N-NIL_45,1958.70304,0,0,"2019/05/16 06:00:26",,"2019/03/01 00:00:00",1,160.6205
D,P5MIN,CONSTRAINTSOLUTION,6,"2019/05/16 06:05:00",0,"2019/05/16 06:25:00",N>>N-NIL_46,976.68299,0,0,"2019/05/16 06:00:26",,"2019/03/01 00:00:00",1,-73.41154
D,P5MIN,CONSTRAINTSOLUTION,6,"2019/05/16 06:05:00",0,"2019/05/16 06:25:00",N>>N-NIL_47,1664.12783,0,0,"2019/05/16 06:00:26",,"2019/03/01 00:00:00",1,72.77393
D,P5MIN,CONSTRAINTSOLUTION,6,"2019/05/16 06:05:00",0,"2019/05/16 06:25:00",N>>N-NIL_48,1666.17811,0,0,"2019/05/16 06:00:26",,"2019/03/01 00:00:00",1,73.41154
D,P5MIN,CONSTRAINTSOLUTION,6,"2019/05/16 06:05:00",0,"2019/05/16 06:25:00",N>>N-NIL_49,980.97837,0,0,"2019/05/16 06:00:26",,"2019/03/01 00:00:00",1,-72.77393
D,P5MIN,CONSTRAINTSOLUTION,6,"2019/05/16 06:05:00",0,"2019/05/16 06:25:00",N>>N-NIL_56,2003.81395,0,0,"2019/05/16 06:00:26",,"2019/03/01 00:00:00",1,170.03332
D,P5MIN,CONSTRAINTSOLUTION,6,"2019/05/16 06:05:00",0,"2019/05/16 06:25:00",N>>N-NIL_57,971.95633,0,0,"2019/05/16 06:00:26",,"2019/03/01 00:00:00",1,-81.13162
D,P5MIN,CONSTRAINTSOLUTION,6,"2019/05/16 06:05:00",0,"2019/05/16 06:25:00",N>>N-NIL_58,6109.46171,0,0,"2019/05/16 06:00:26",,"2019/02/28 00:00:00",1,893.67831
D,P5MIN,CONSTRAINTSOLUTION,6,"2019/05/16 06:05:00",0,"2019/05/16 06:25:00",N>>N-NIL_59,6112.21405,0,0,"2019/05/16 06:00:26",,"2019/02/28 00:00:00",1,893.67831
D,P5MIN,CONSTRAINTSOLUTION,6,"2019/05/16 06:05:00",0,"2019/05/16 06:25:00",N>>N-NIL_60,1958.55126,0,0,"2019/05/16 06:00:26",,"2019/03/01 00:00:00",1,160.59804
D,P5MIN,CONSTRAINTSOLUTION,6,"2019/05/16 06:05:00",0,"2019/05/16 06:25:00",N>>N-NIL_61,1999.73819,0,0,"2019/05/16 06:00:26",,"2019/03/01 00:00:00",1,168.77312
D,P5MIN,CONSTRAINTSOLUTION,6,"2019/05/16 06:05:00",0,"2019/05/16 06:25:00",N>>N-NIL_62,1641.7015,0,0,"2019/05/16 06:00:26",,"2019/03/01 00:00:00",1,67.37577
D,P5MIN,CONSTRAINTSOLUTION,6,"2019/05/16 06:05:00",0,"2019/05/16 06:25:00",N>>N-NIL_63,1655.90369,0,0,"2019/05/16 06:00:26",,"2019/03/01 00:00:00",1,68.47572
D,P5MIN,CONSTRAINTSOLUTION,6,"2019/05/16 06:05:00",0,"2019/05/16 06:25:00",N>>N-NIL_64,5821.37224,0,0,"2019/05/16 06:00:26",,"2019/02/28 00:00:00",1,2443.91727
D,P5MIN,CONSTRAINTSOLUTION,6,"2019/05/16 06:05:00",0,"2019/05/16 06:25:00",N>>N-NIL_65,5570.45798,0,0,"2019/05/16 06:00:26",,"2019/02/28 00:00:00",1,2293.23494
D,P5MIN,CONSTRAINTSOLUTION,6,"2019/05/16 06:05:00",0,"2019/05/16 06:25:00",N>>N-NIL_8E_8C,1322,0,0,"2019/05/16 06:00:26",,"2019/01/11 00:00:00",1,681.16752
D,P5MIN,CONSTRAINTSOLUTION,6,"2019/05/16 06:05:00",0,"2019/05/16 06:25:00",N>>N-NIL_996_IN,617.88019,0,0,"2019/05/16 06:00:26",,"2019/05/06 00:00:00",1,76.11674
D,P5MIN,CONSTRAINTSOLUTION,6,"2019/05/16 06:05:00",0,"2019/05/16 06:25:00",N>>N-NIL_DPTX,467.01908,0,0,"2019/05/16 06:00:26",,"2019/05/06 00:00:00",1,-82.89877
D,P5MIN,CONSTRAINTSOLUTION,6,"2019/05/16 06:05:00",0,"2019/05/16 06:25:00",N>>N-NIL_DPTX_2,845.877,0,0,"2019/05/16 06:00:26",,"2019/05/06 00:00:00",1,82.89877
D,P5MIN,CONSTRAINTSOLUTION,6,"2019/05/16 06:05:00",0,"2019/05/16 06:25:00",N>>N-NIL_H01,3445.5928,0,0,"2019/05/16 06:00:26",,"2019/03/01 00:00:00",1,206.31524
D,P5MIN,CONSTRAINTSOLUTION,6,"2019/05/16 06:05:00",0,"2019/05/16 06:25:00",N>>N-NIL_H02,4067.88253,0,0,"2019/05/16 06:00:26",,"2019/01/11 00:00:00",1,207.42617
D,P5MIN,CONSTRAINTSOLUTION,6,"2019/05/16 06:05:00",0,"2019/05/16 06:25:00",N>>N-NIL_H03,3868.0676,0,0,"2019/05/16 06:00:26",,"2019/01/11 00:00:00",1,124.68538
D,P5MIN,CONSTRAINTSOLUTION,6,"2019/05/16 06:05:00",0,"2019/05/16 06:25:00",N>>N-NIL_H051,1254.54251,0,0,"2019/05/16 06:00:26",,"2019/05/06 00:00:00",1,35.95637
D,P5MIN,CONSTRAINTSOLUTION,6,"2019/05/16 06:05:00",0,"2019/05/16 06:25:00",N>>N-NIL_H060,1703.40343,0,0,"2019/05/16 06:00:26",,"2019/05/06 00:00:00",1,-116.65306
D,P5MIN,CONSTRAINTSOLUTION,6,"2019/05/16 06:05:00",0,"2019/05/16 06:25:00",N>>N-NIL_H07,3771.5121,0,0,"2019/05/16 06:00:26",,"2019/03/01 00:00:00",1,90.34798
D,P5MIN,CONSTRAINTSOLUTION,6,"2019/05/16 06:05:00",0,"2019/05/16 06:25:00",N>>N-NIL_HE,3315.25357,0,0,"2019/05/16 06:00:26",,"2019/01/11 00:00:00",1,-385.75645
D,P5MIN,CONSTRAINTSOLUTION,6,"2019/05/16 06:05:00",0,"2019/05/16 06:25:00",N>>N-NIL_HF,3149.94614,0,0,"2019/05/16 06:00:26",,"2019/05/06 00:00:00",1,241.83417
D,P5MIN,CONSTRAINTSOLUTION,6,"2019/05/16 06:05:00",0,"2019/05/16 06:25:00",N>>N-NIL_HI_15M,3572.98277,0,0,"2019/05/16 06:00:26",,"2019/05/06 00:00:00",1,191.54655
D,P5MIN,CONSTRAINTSOLUTION,6,"2019/05/16 06:05:00",0,"2019/05/16 06:25:00",N>>N-NIL_HK_15M,3724.95708,0,0,"2019/05/16 06:00:26",,"2019/03/01 00:00:00",1,201.07781
D,P5MIN,CONSTRAINTSOLUTION,6,"2019/05/16 06:05:00",0,"2019/05/16 06:25:00",N>>N-NIL_HL,3665.594,0,0,"2019/05/16 06:00:26",,"2019/05/06 00:00:00",1,-298.3756
D,P5MIN,CONSTRAINTSOLUTION,6,"2019/05/16 06:05:00",0,"2019/05/16 06:25:00",N>>N-NIL_HM,3253.78772,0,0,"2019/05/16 06:00:26",,"2019/05/06 00:00:00",1,298.3756
D,P5MIN,CONSTRAINTSOLUTION,6,"2019/05/16 06:05:00",0,"2019/05/16 06:25:00",N>>N-NIL_HU_15M,3632.42695,0,0,"2019/05/16 06:00:26",,"2019/05/06 00:00:00",1,196.88666
D,P5MIN,CONSTRAINTSOLUTION,6,"2019/05/16 06:05:00",0,"2019/05/16 06:25:00",N>>N-NIL__2_OPENED,641.20221,0,0,"2019/05/16 06:00:26",,"2019/01/11 00:00:00",1,-830.03074
D,P5MIN,CONSTRAINTSOLUTION,6,"2019/05/16 06:05:00",0,"2019/05/16 06:25:00",N>>N-NIL__3_OPENED,638.85214,0,0,"2019/05/16 06:00:26",,"2019/01/11 00:00:00",1,-830.03074
D,P5MIN,CONSTRAINTSOLUTION,6,"2019/05/16 06:05:00",0,"2019/05/16 06:25:00",N>>N-NIL__A_15M,3403.0855,0,0,"2019/05/16 06:00:26",,"2019/05/06 00:00:00",1,146.36803
D,P5MIN,CONSTRAINTSOLUTION,6,"2019/05/16 06:05:00",0,"2019/05/16 06:25:00",N>>N-NIL__B_15M,3020.88855,0,0,"2019/05/16 06:00:26",,"2019/05/06 00:00:00",1,194.53488
D,P5MIN,CONSTRAINTSOLUTION,6,"2019/05/16 06:05:00",0,"2019/05/16 06:25:00",N>>N-NIL__C_15M,3279.70484,0,0,"2019/05/16 06:00:26",,"2019/01/11 00:00:00",1,116.44888
D,P5MIN,CONSTRAINTSOLUTION,6,"2019/05/16 06:05:00",0,"2019/05/16 06:25:00",N>>N-NIL__D_15M,3269.0108,0,0,"2019/05/16 06:00:26",,"2019/03/01 00:00:00",1,201.40675
D,P5MIN,CONSTRAINTSOLUTION,6,"2019/05/16 06:05:00",0,"2019/05/16 06:25:00",N>>N-NIL__E_15M,2866.89742,0,0,"2019/05/16 06:00:26",,"2019/03/01 00:00:00",1,206.61807
D,P5MIN,CONSTRAINTSOLUTION,6,"2019/05/16 06:05:00",0,"2019/05/16 06:25:00",N>>N-NIL__F_15M,3301.3217,0,0,"2019/05/16 06:00:26",,"2019/01/11 00:00:00",1,207.16704
D,P5MIN,CONSTRAINTSOLUTION,6,"2019/05/16 06:05:00",0,"2019/05/16 06:25:00",N>>N-NIL__G_15M,3625.67991,0,0,"2019/05/16 06:00:26",,"2019/01/11 00:00:00",1,200.43634
D,P5MIN,CONSTRAINTSOLUTION,6,"2019/05/16 06:05:00",0,"2019/05/16 06:25:00",N>>N-NIL__H_15M,3132.00962,0,0,"2019/05/16 06:00:26",,"2019/03/01 00:00:00",1,100.75937
D,P5MIN,CONSTRAINTSOLUTION,6,"2019/05/16 06:05:00",0,"2019/05/16 06:25:00",N>>N-NIL__K,5748.25359,0,0,"2019/05/16 06:00:26",,"2019/02/28 00:00:00",1,1892.98848
D,P5MIN,CONSTRAINTSOLUTION,6,"2019/05/16 06:05:00",0,"2019/05/16 06:25:00",N>>N-NIL__L,5776.33249,0,0,"2019/05/16 06:00:26",,"2019/02/28 00:00:00",1,1892.98941
D,P5MIN,CONSTRAINTSOLUTION,6,"2019/05/16 06:05:00",0,"2019/05/16 06:25:00",N>>N-NIL__M,4376.79999,0,0,"2019/05/16 06:00:26",,"2019/02/28 00:00:00",1,778.53161
D,P5MIN,CONSTRAINTSOLUTION,6,"2019/05/16 06:05:00",0,"2019/05/16 06:25:00",N>>N-NIL__N,6160.54332,0,0,"2019/05/16 06:00:26",,"2019/02/28 00:00:00",1,853.70776
D,P5MIN,CONSTRAINTSOLUTION,6,"2019/05/16 06:05:00",0,"2019/05/16 06:25:00",N>>N-NIL__O,6163.08815,0,0,"2019/05/16 06:00:26",,"2019/02/28 00:00:00",1,853.76468
D,P5MIN,CONSTRAINTSOLUTION,6,"2019/05/16 06:05:00",0,"2019/05/16 06:25:00",N>>N-NIL__P,5109.61271,0,0,"2019/05/16 06:00:26",,"2019/02/28 00:00:00",1,1212.05644
D,P5MIN,CONSTRAINTSOLUTION,6,"2019/05/16 06:05:00",0,"2019/05/16 06:25:00",N>>N-NIL__R,6031.40207,0,0,"2019/05/16 06:00:26",,"2019/02/28 00:00:00",1,963.2943
D,P5MIN,CONSTRAINTSOLUTION,6,"2019/05/16 06:05:00",0,"2019/05/16 06:25:00",N>>N-NIL__S,3831.78416,0,0,"2019/05/16 06:00:26",,"2019/02/28 00:00:00",1,1805.31502
D,P5MIN,CONSTRAINTSOLUTION,6,"2019/05/16 06:05:00",0,"2019/05/16 06:25:00",N>>Q-BWLD_ONE,389.06783,0,0,"2019/05/16 06:00:26",,"2019/03/06 00:00:00",1,-1359.41752
D,P5MIN,CONSTRAINTSOLUTION,6,"2019/05/16 06:05:00",0,"2019/05/16 06:25:00",N>>V-NIL_0X1,537.70309,0,0,"2019/05/16 06:00:26",,"2019/05/06 00:00:00",1,115.17797
D,P5MIN,CONSTRAINTSOLUTION,6,"2019/05/16 06:05:00",0,"2019/05/16 06:25:00",N>>V-NIL_HC,983.01136,0,0,"2019/05/16 06:00:26",,"2019/05/06 00:00:00",1,145.46712
D,P5MIN,CONSTRAINTSOLUTION,6,"2019/05/16 06:05:00",0,"2019/05/16 06:25:00",N>>V-NIL_HD,1047.53371,0,0,"2019/05/16 06:00:26",,"2019/05/06 00:00:00",1,119.11924
D,P5MIN,CONSTRAINTSOLUTION,6,"2019/05/16 06:05:00",0,"2019/05/16 06:25:00",N>>V-NIL_HJ,1002.40707,0,0,"2019/05/16 06:00:26",,"2019/05/06 00:00:00",1,210.42874
D,P5MIN,CONSTRAINTSOLUTION,6,"2019/05/16 06:05:00",0,"2019/05/16 06:25:00",N>>V-NIL_HK,2738.27232,0,0,"2019/05/16 06:00:26",,"2019/05/06 00:00:00",1,21.34953
D,P5MIN,CONSTRAINTSOLUTION,6,"2019/05/16 06:05:00",0,"2019/05/16 06:25:00",N>>V-NIL_N,1280.55645,0,0,"2019/05/16 06:00:26",,"2019/01/11 00:00:00",1,39.84616
D,P5MIN,CONSTRAINTSOLUTION,6,"2019/05/16 06:05:00",0,"2019/05/16 06:25:00",N>>V-NIL_O,632.11627,0,0,"2019/05/16 06:00:26",,"2019/01/11 00:00:00",1,174.24195
D,P5MIN,CONSTRAINTSOLUTION,6,"2019/05/16 06:05:00",0,"2019/05/16 06:25:00",N>N-ARKK_CH_CB892A,9983.5,0,0,"2019/05/16 06:00:26",,"2016/01/11 00:00:00",1,-57
D,P5MIN,CONSTRAINTSOLUTION,6,"2019/05/16 06:05:00",0,"2019/05/16 06:25:00",N>N-ARKK_C_BYPASS,10615.46947,0,0,"2019/05/16 06:00:26",,"2018/09/14 00:00:00",1,126.98828
D,P5MIN,CONSTRAINTSOLUTION,6,"2019/05/16 06:05:00",0,"2019/05/16 06:25:00",N>N-ARKK_C_PSTMAN,10715.07105,0,0,"2019/05/16 06:00:26",,"2019/03/08 00:00:00",1,126.23406
D,P5MIN,CONSTRAINTSOLUTION,6,"2019/05/16 06:05:00",0,"2019/05/16 06:25:00",N>N-KC_TX_07,1766.96851,0,0,"2019/05/16 06:00:26",,"2019/03/08 00:00:00",1,1400
D,P5MIN,CONSTRAINTSOLUTION,6,"2019/05/16 06:05:00",0,"2019/05/16 06:25:00",N>N-NIL_8J_8C,1322,0,0,"2019/05/16 06:00:26",,"2019/01/11 00:00:00",1,448.62152
D,P5MIN,CONSTRAINTSOLUTION,6,"2019/05/16 06:05:00",0,"2019/05/16 06:25:00",N>N-NIL_DC,1490.48801,0,0,"2019/05/16 06:00:26",,"2019/01/21 00:00:00",1,818.30244
D,P5MIN,CONSTRAINTSOLUTION,6,"2019/05/16 06:05:00",0,"2019/05/16 06:25:00",N>N-NIL_F7_15M,814.71576,0,0,"2019/05/16 06:00:26",,"2019/01/11 00:00:00",1,-818.30244
D,P5MIN,CONSTRAINTSOLUTION,6,"2019/05/16 06:05:00",0,"2019/05/16 06:25:00",N>N-NIL_LSDU,87.59657,0,0,"2019/05/16 06:00:26",,"2019/01/11 00:00:00",1,-57
D,P5MIN,CONSTRAINTSOLUTION,6,"2019/05/16 06:05:00",0,"2019/05/16 06:25:00",N>N-NIL_MBDU,225.76952,0,0,"2019/05/16 06:00:26",,"2019/01/11 00:00:00",1,57
D,P5MIN,CONSTRAINTSOLUTION,6,"2019/05/16 06:05:00",0,"2019/05/16 06:25:00",N>N-NIL_TE_D2,262.18667,0,0,"2019/05/16 06:00:26",,"2019/01/11 00:00:00",1,-57
D,P5MIN,CONSTRAINTSOLUTION,6,"2019/05/16 06:05:00",0,"2019/05/16 06:25:00",N>N-NIL_TE_E1,9982.66667,0,0,"2019/05/16 06:00:26",,"2019/01/11 00:00:00",1,-57
D,P5MIN,CONSTRAINTSOLUTION,6,"2019/05/16 06:05:00",0,"2019/05/16 06:25:00",N>N-NIL_TE_E2,9982.66667,0,0,"2019/05/16 06:00:26",,"2019/01/11 00:00:00",1,-57
D,P5MIN,CONSTRAINTSOLUTION,6,"2019/05/16 06:05:00",0,"2019/05/16 06:25:00",N>N-NIL_TE_LOAD,9999,0,0,"2019/05/16 06:00:26",,"2013/08/21 00:00:00",1,57
D,P5MIN,CONSTRAINTSOLUTION,6,"2019/05/16 06:05:00",0,"2019/05/16 06:25:00",N>N-NIL__4_15M,644.26956,0,0,"2019/05/16 06:00:26",,"2019/01/11 00:00:00",1,-829.63662
D,P5MIN,CONSTRAINTSOLUTION,6,"2019/05/16 06:05:00",0,"2019/05/16 06:25:00",N>N-NIL__7,1558.21806,0,0,"2019/05/16 06:00:26",,"2019/01/11 00:00:00",1,-818.30244
D,P5MIN,CONSTRAINTSOLUTION,6,"2019/05/16 06:05:00",0,"2019/05/16 06:25:00",NQTE_ROC,23,0,0,"2019/05/16 06:00:26",,"2010/11/08 00:00:00",2,-57
D,P5MIN,CONSTRAINTSOLUTION,6,"2019/05/16 06:05:00",0,"2019/05/16 06:25:00",NRM_NSW1_QLD1,10000,0,0,"2019/05/16 06:00:26",,"2012/06/12 00:00:00",1,-505.62152
D,P5MIN,CONSTRAINTSOLUTION,6,"2019/05/16 06:05:00",0,"2019/05/16 06:25:00",NRM_NSW1_VIC1,10271.67492,0,0,"2019/05/16 06:00:26",,"2012/06/12 00:00:00",1,224.67116
D,P5MIN,CONSTRAINTSOLUTION,6,"2019/05/16 06:05:00",0,"2019/05/16 06:25:00",NRM_QLD1_NSW1,10498.23369,0,0,"2019/05/16 06:00:26",,"2012/06/12 00:00:00",1,505.62152
D,P5MIN,CONSTRAINTSOLUTION,6,"2019/05/16 06:05:00",0,"2019/05/16 06:25:00",NRM_SA1_VIC1,10183.75977,0,0,"2019/05/16 06:00:26",,"2012/06/12 00:00:00",1,209.05591
D,P5MIN,CONSTRAINTSOLUTION,6,"2019/05/16 06:05:00",0,"2019/05/16 06:25:00",NRM_VIC1_NSW1,10000,0,0,"2019/05/16 06:00:26",,"2012/06/12 00:00:00",1,-224.67116
D,P5MIN,CONSTRAINTSOLUTION,6,"2019/05/16 06:05:00",0,"2019/05/16 06:25:00",NRM_VIC1_SA1,10000,0,0,"2019/05/16 06:00:26",,"2012/06/12 00:00:00",1,-209.05591
D,P5MIN,CONSTRAINTSOLUTION,6,"2019/05/16 06:05:00",0,"2019/05/16 06:25:00",N^^N_NIL_1,2707.29445,0,0,"2019/05/16 06:00:26",,"2018/05/02 00:00:00",1,188.65082
D,P5MIN,CONSTRAINTSOLUTION,6,"2019/05/16 06:05:00",0,"2019/05/16 06:25:00",N^^Q_NIL_A,443.63215,0,0,"2019/05/16 06:00:26",,"2017/12/06 00:00:00",1,-621.89452
D,P5MIN,CONSTRAINTSOLUTION,6,"2019/05/16 06:05:00",0,"2019/05/16 06:25:00",N^^Q_NIL_B,622.24474,0,0,"2019/05/16 06:00:26",,"2017/12/06 00:00:00",1,-600.80452
D,P5MIN,CONSTRAINTSOLUTION,6,"2019/05/16 06:05:00",0,"2019/05/16 06:25:00",N^^Q_NIL_B1,937.24474,0,0,"2019/05/16 06:00:26",,"2017/12/06 00:00:00",1,74.19548
D,P5MIN,CONSTRAINTSOLUTION,6,"2019/05/16 06:05:00",0,"2019/05/16 06:25:00",N^^Q_NIL_B2,937.24474,0,0,"2019/05/16 06:00:26",,"2017/12/06 00:00:00",1,-213.80452
D,P5MIN,CONSTRAINTSOLUTION,6,"2019/05/16 06:05:00",0,"2019/05/16 06:25:00",N^^Q_NIL_B3,937.24474,0,0,"2019/05/16 06:00:26",,"2017/12/06 00:00:00",1,-209.30452
D,P5MIN,CONSTRAINTSOLUTION,6,"2019/05/16 06:05:00",0,"2019/05/16 06:25:00",N^^Q_NIL_B4,897.24474,0,0,"2019/05/16 06:00:26",,"2017/12/06 00:00:00",1,-240.80452
D,P5MIN,CONSTRAINTSOLUTION,6,"2019/05/16 06:05:00",0,"2019/05/16 06:25:00",N^^Q_NIL_B5,907.24474,0,0,"2019/05/16 06:00:26",,"2017/12/06 00:00:00",1,-235.40452
D,P5MIN,CONSTRAINTSOLUTION,6,"2019/05/16 06:05:00",0,"2019/05/16 06:25:00",N^^Q_NIL_B6,907.24474,0,0,"2019/05/16 06:00:26",,"2017/12/06 00:00:00",1,-235.40452
D,P5MIN,CONSTRAINTSOLUTION,6,"2019/05/16 06:05:00",0,"2019/05/16 06:25:00",N^^Q_WIV_N-2,937.24474,0,0,"2019/05/16 06:00:26",,"2018/01/19 00:00:00",1,-600.80452
D,P5MIN,CONSTRAINTSOLUTION,6,"2019/05/16 06:05:00",0,"2019/05/16 06:25:00",N^^V_NIL_1,120.34791,0,0,"2019/05/16 06:00:26",,"2019/05/15 00:00:00",1,-12.13253
D,P5MIN,CONSTRAINTSOLUTION,6,"2019/05/16 06:05:00",0,"2019/05/16 06:25:00",N_NIL_TE_A,163.5,0,0,"2019/05/16 06:00:26",,"2012/07/04 00:00:00",1,-57
D,P5MIN,CONSTRAINTSOLUTION,6,"2019/05/16 06:05:00",0,"2019/05/16 06:25:00",N_NIL_TE_B,196.5,0,0,"2019/05/16 06:00:26",,"2012/07/04 00:00:00",1,57
D,P5MIN,CONSTRAINTSOLUTION,6,"2019/05/16 06:05:00",0,"2019/05/16 06:25:00",N_V_HV1700_OSC_AUTO,11768.10001,0,0,"2019/05/16 06:00:26",,"2013/07/19 00:00:00",1,319.67116
D,P5MIN,CONSTRAINTSOLUTION,6,"2019/05/16 06:05:00",0,"2019/05/16 06:25:00",Q::N_BI_POT_WIV_N-2,1209.34247,0,0,"2019/05/16 06:00:26",,"2018/01/16 00:00:00",1,541.63992
D,P5MIN,CONSTRAINTSOLUTION,6,"2019/05/16 06:05:00",0,"2019/05/16 06:25:00",Q::N_NIL_AR_2L-G,1111.64688,0,0,"2019/05/16 06:00:26",,"2018/01/15 00:00:00",2,664.19166
D,P5MIN,CONSTRAINTSOLUTION,6,"2019/05/16 06:05:00",0,"2019/05/16 06:25:00",Q::N_NIL_BI_POT,1209.33249,0,0,"2019/05/16 06:00:26",,"2018/01/15 00:00:00",2,541.63992
D,P5MIN,CONSTRAINTSOLUTION,6,"2019/05/16 06:05:00",0,"2019/05/16 06:25:00",Q:NIL_CS,4318.5024,0,0,"2019/05/16 06:00:26",,"2018/12/27 00:00:00",1,3480.87526
D,P5MIN,CONSTRAINTSOLUTION,6,"2019/05/16 06:05:00",0,"2019/05/16 06:25:00",Q:N_NIL_BWRG,1420.24809,0,0,"2019/05/16 06:00:26",,"2013/10/23 00:00:00",1,448.62152
D,P5MIN,CONSTRAINTSOLUTION,6,"2019/05/16 06:05:00",0,"2019/05/16 06:25:00",Q:N_NIL_LDNC,1418.47491,0,0,"2019/05/16 06:00:26",,"2013/10/23 00:00:00",1,448.62152
D,P5MIN,CONSTRAINTSOLUTION,6,"2019/05/16 06:05:00",0,"2019/05/16 06:25:00",Q:N_NIL_OSC,1200,0,0,"2019/05/16 06:00:26",,"2013/07/25 00:00:00",1,448.62152
D,P5MIN,CONSTRAINTSOLUTION,6,"2019/05/16 06:05:00",0,"2019/05/16 06:25:00",Q>>LCCP_BCCP_CLWU_2,3029.66303,0,0,"2019/05/16 06:00:26",,"2018/12/27 00:00:00",1,1828.9311
D,P5MIN,CONSTRAINTSOLUTION,6,"2019/05/16 06:05:00",0,"2019/05/16 06:25:00",Q>>LCCP_CLWU_BCCP_2,2614.515,0,0,"2019/05/16 06:00:26",,"2018/12/27 00:00:00",1,1679.56059
D,P5MIN,CONSTRAINTSOLUTION,6,"2019/05/16 06:05:00",0,"2019/05/16 06:25:00",Q>>NIL_MRGB_MRTX1,11021.99443,0,0,"2019/05/16 06:00:26",,"2019/01/11 00:00:00",1,1015.66011
D,P5MIN,CONSTRAINTSOLUTION,6,"2019/05/16 06:05:00",0,"2019/05/16 06:25:00",Q>>NIL_MRTX5_MRTX4,3044.66242,0,0,"2019/05/16 06:00:26",,"2019/01/11 00:00:00",1,1192.13615
D,P5MIN,CONSTRAINTSOLUTION,6,"2019/05/16 06:05:00",0,"2019/05/16 06:25:00",Q>>WOPW_WOSP_WOGP_1,2967.28572,0,0,"2019/05/16 06:00:26",,"2019/04/10 00:00:00",1,2466.25658
D,P5MIN,CONSTRAINTSOLUTION,6,"2019/05/16 06:05:00",0,"2019/05/16 06:25:00",Q>>WOPW_WOSP_WOGP_2,2821.58127,0,0,"2019/05/16 06:00:26",,"2019/04/10 00:00:00",1,2466.3023
D,P5MIN,CONSTRAINTSOLUTION,6,"2019/05/16 06:05:00",0,"2019/05/16 06:25:00",Q>N-NIL_8L_8M,1379,0,0,"2019/05/16 06:00:26",,"2013/08/21 00:00:00",1,448.62152
D,P5MIN,CONSTRAINTSOLUTION,6,"2019/05/16 06:05:00",0,"2019/05/16 06:25:00",Q>NIL_BI_CAGS_CALV_O,533.18199,0,0,"2019/05/16 06:00:26",,"2019/01/11 00:00:00",1,220
D,P5MIN,CONSTRAINTSOLUTION,6,"2019/05/16 06:05:00",0,"2019/05/16 06:25:00",Q>NIL_MRTA_A,9990,0,0,"2019/05/16 06:00:26",,"2019/01/11 00:00:00",1,0
D,P5MIN,CONSTRAINTSOLUTION,6,"2019/05/16 06:05:00",0,"2019/05/16 06:25:00",Q>NIL_MRTA_B,9990,0,0,"2019/05/16 06:00:26",,"2019/01/11 00:00:00",1,0
D,P5MIN,CONSTRAINTSOLUTION,6,"2019/05/16 06:05:00",0,"2019/05/16 06:25:00",Q>NIL_MRTA_C,371.25,0,0,"2019/05/16 06:00:26",,"2019/01/11 00:00:00",1,0
D,P5MIN,CONSTRAINTSOLUTION,6,"2019/05/16 06:05:00",0,"2019/05/16 06:25:00",Q>NIL_MUTE_757,201.6,0,0,"2019/05/16 06:00:26",,"2014/09/02 00:00:00",1,57
D,P5MIN,CONSTRAINTSOLUTION,6,"2019/05/16 06:05:00",0,"2019/05/16 06:25:00",Q>NIL_MUTE_758,201.6,0,0,"2019/05/16 06:00:26",,"2014/09/02 00:00:00",1,57
D,P5MIN,CONSTRAINTSOLUTION,6,"2019/05/16 06:05:00",0,"2019/05/16 06:25:00",Q>NIL_TV66,410.96679,0,0,"2019/05/16 06:00:26",,"2018/08/20 00:00:00",1,0
D,P5MIN,CONSTRAINTSOLUTION,6,"2019/05/16 06:05:00",0,"2019/05/16 06:25:00",QNI_SOUTH_1150_DYN,1150,0,0,"2019/05/16 06:00:26",,"2019/01/30 00:00:00",1,448.62152
D,P5MIN,CONSTRAINTSOLUTION,6,"2019/05/16 06:05:00",0,"2019/05/16 06:25:00",QNTE_ROC,137,0,0,"2019/05/16 06:00:26",,"2010/11/08 00:00:00",3,57
D,P5MIN,CONSTRAINTSOLUTION,6,"2019/05/16 06:05:00",0,"2019/05/16 06:25:00",QN_1078_OSC_AUTO,11078,0,0,"2019/05/16 06:00:26",,"2013/07/25 00:00:00",1,448.62152
D,P5MIN,CONSTRAINTSOLUTION,6,"2019/05/16 06:05:00",0,"2019/05/16 06:25:00",Q^NIL_CN_FDR,-570.00037,0,0,"2019/05/16 06:00:26",,"2018/08/28 00:00:00",1,190.224
D,P5MIN,CONSTRAINTSOLUTION,6,"2019/05/16 06:05:00",0,"2019/05/16 06:25:00",Q^NIL_CN_GT,-716.48377,0,0,"2019/05/16 06:00:26",,"2018/08/28 00:00:00",1,144
D,P5MIN,CONSTRAINTSOLUTION,6,"2019/05/16 06:05:00",0,"2019/05/16 06:25:00",Q^NIL_FNQ,-328.00724,0,0,"2019/05/16 06:00:26",,"2018/08/28 00:00:00",1,144
D,P5MIN,CONSTRAINTSOLUTION,6,"2019/05/16 06:05:00",0,"2019/05/16 06:25:00",Q^NIL_GC,-5981.70342,0,0,"2019/05/16 06:00:26",,"2013/08/21 00:00:00",1,-57
D,P5MIN,CONSTRAINTSOLUTION,6,"2019/05/16 06:05:00",0,"2019/05/16 06:25:00",Q^^CS_-080,3305.91319,0,0,"2019/05/16 06:00:26",,"2018/08/30 00:00:00",1,2155.0322
D,P5MIN,CONSTRAINTSOLUTION,6,"2019/05/16 06:05:00",0,"2019/05/16 06:25:00",Q^^NIL_CS,3385.91318,0,0,"2019/05/16 06:00:26",,"2018/08/30 00:00:00",1,2155.0322
D,P5MIN,CONSTRAINTSOLUTION,6,"2019/05/16 06:05:00",0,"2019/05/16 06:25:00",Q^^NIL_QNI_SRAR,973.86409,0,0,"2019/05/16 06:00:26",,"2019/04/11 00:00:00",1,690.46936
D,P5MIN,CONSTRAINTSOLUTION,6,"2019/05/16 06:05:00",0,"2019/05/16 06:25:00",Q^^NIL_TR_CLHA,5754.36616,0,0,"2019/05/16 06:00:26",,"2018/12/19 00:00:00",1,3485.48459
D,P5MIN,CONSTRAINTSOLUTION,6,"2019/05/16 06:05:00",0,"2019/05/16 06:25:00",Q^^NIL_TR_TRBK,5982.75312,0,0,"2019/05/16 06:00:26",,"2018/12/19 00:00:00",1,3793.25757
D,P5MIN,CONSTRAINTSOLUTION,6,"2019/05/16 06:05:00",0,"2019/05/16 06:25:00",Q^^TR_CLHA_-250,5264.87721,0,0,"2019/05/16 06:00:26",,"2018/12/19 00:00:00",1,3485.48459
D,P5MIN,CONSTRAINTSOLUTION,6,"2019/05/16 06:05:00",0,"2019/05/16 06:25:00",Q^^TR_TRBK_-150,5686.47679,0,0,"2019/05/16 06:00:26",,"2018/12/19 00:00:00",1,3793.25757
D,P5MIN,CONSTRAINTSOLUTION,6,"2019/05/16 06:05:00",0,"2019/05/16 06:25:00",Q_CS_2000,4577.93524,0,0,"2019/05/16 06:00:26",,"2019/01/15 00:00:00",1,3480.87526
D,P5MIN,CONSTRAINTSOLUTION,6,"2019/05/16 06:05:00",0,"2019/05/16 06:25:00",S::V_NIL_TBSE_1,660.07794,0,0,"2019/05/16 06:00:26",,"2019/03/21 00:00:00",1,188.68351
D,P5MIN,CONSTRAINTSOLUTION,6,"2019/05/16 06:05:00",0,"2019/05/16 06:25:00",S::V_NIL_TBSE_2-DS,10000,0,0,"2019/05/16 06:00:26",,"2019/03/21 00:00:00",1,188.45286
D,P5MIN,CONSTRAINTSOLUTION,6,"2019/05/16 06:05:00",0,"2019/05/16 06:25:00",S:VS_580_OSC_AUTO_1,10000,0,0,"2019/05/16 06:00:26",,"2016/06/30 00:00:00",1,209.05591
D,P5MIN,CONSTRAINTSOLUTION,6,"2019/05/16 06:05:00",0,"2019/05/16 06:25:00",S:VS_650_HY_TEST,650,0,0,"2019/05/16 06:00:26",,"2018/08/07 00:00:00",1,209.05591
D,P5MIN,CONSTRAINTSOLUTION,6,"2019/05/16 06:05:00",0,"2019/05/16 06:25:00",S:VS_650_HY_TEST_DYN,650,0,0,"2019/05/16 06:00:26",,"2015/11/25 00:00:00",1,209.05591
D,P5MIN,CONSTRAINTSOLUTION,6,"2019/05/16 06:05:00",0,"2019/05/16 06:25:00",S:VS_700_1,10000,0,0,"2019/05/16 06:00:26",,"2016/08/16 00:00:00",1,209.05591
D,P5MIN,CONSTRAINTSOLUTION,6,"2019/05/16 06:05:00",0,"2019/05/16 06:25:00",S:VS_700_OSC_AUTO,10700,0,0,"2019/05/16 06:00:26",,"2016/06/30 00:00:00",1,209.05591
D,P5MIN,CONSTRAINTSOLUTION,6,"2019/05/16 06:05:00",0,"2019/05/16 06:25:00",S:VS_800,800,0,0,"2019/05/16 06:00:26",,"2018/08/07 00:00:00",1,209.05591
D,P5MIN,CONSTRAINTSOLUTION,6,"2019/05/16 06:05:00",0,"2019/05/16 06:25:00",S:V_460_OSC_AUTO_1,10000,0,0,"2019/05/16 06:00:26",,"2016/06/30 00:00:00",1,191.05591
D,P5MIN,CONSTRAINTSOLUTION,6,"2019/05/16 06:05:00",0,"2019/05/16 06:25:00",S:V_500_HY_TEST,500,0,0,"2019/05/16 06:00:26",,"2018/08/07 00:00:00",1,191.05591
D,P5MIN,CONSTRAINTSOLUTION,6,"2019/05/16 06:05:00",0,"2019/05/16 06:25:00",S:V_500_HY_TEST_DYN,500,0,0,"2019/05/16 06:00:26",,"2015/11/25 00:00:00",1,191.05591
D,P5MIN,CONSTRAINTSOLUTION,6,"2019/05/16 06:05:00",0,"2019/05/16 06:25:00",S:V_550_1,10000,0,0,"2019/05/16 06:00:26",,"2016/08/16 00:00:00",1,191.05591
D,P5MIN,CONSTRAINTSOLUTION,6,"2019/05/16 06:05:00",0,"2019/05/16 06:25:00",S:V_550_OSC_AUTO,10550,0,0,"2019/05/16 06:00:26",,"2016/06/30 00:00:00",1,191.05591
D,P5MIN,CONSTRAINTSOLUTION,6,"2019/05/16 06:05:00",0,"2019/05/16 06:25:00",S:V_650,650,0,0,"2019/05/16 06:00:26",,"2018/08/07 00:00:00",1,191.05591
D,P5MIN,CONSTRAINTSOLUTION,6,"2019/05/16 06:05:00",0,"2019/05/16 06:25:00",S>>HUBG_AWHU_WEWT,325.33919,0,0,"2019/05/16 06:00:26",,"2019/05/15 00:00:00",1,52.91172
D,P5MIN,CONSTRAINTSOLUTION,6,"2019/05/16 06:05:00",0,"2019/05/16 06:25:00",S>>HUBG_BGDV_WEMWP4,257.78183,0,0,"2019/05/16 06:00:26",,"2019/05/15 00:00:00",1,-34.72252
D,P5MIN,CONSTRAINTSOLUTION,6,"2019/05/16 06:05:00",0,"2019/05/16 06:25:00",S>>HUBG_BGDV_WTWE,322.42578,0,0,"2019/05/16 06:00:26",,"2019/05/15 00:00:00",1,-66.02594
D,P5MIN,CONSTRAINTSOLUTION,6,"2019/05/16 06:05:00",0,"2019/05/16 06:25:00",S>>HUBG_BLDV_WEWT,327.22545,0,0,"2019/05/16 06:00:26",,"2019/05/15 00:00:00",1,64.20597
D,P5MIN,CONSTRAINTSOLUTION,6,"2019/05/16 06:05:00",0,"2019/05/16 06:25:00",S>>HUBG_BLDV_WTTP,474.7514,0,0,"2019/05/16 06:00:26",,"2019/05/15 00:00:00",1,80.33777
D,P5MIN,CONSTRAINTSOLUTION,6,"2019/05/16 06:05:00",0,"2019/05/16 06:25:00",S>>HUBG_BWMP_WEWT,327.15881,0,0,"2019/05/16 06:00:26",,"2019/03/13 00:00:00",1,49.31352
D,P5MIN,CONSTRAINTSOLUTION,6,"2019/05/16 06:05:00",0,"2019/05/16 06:25:00",S>>HUBG_LKDV_WEWT,321.891,0,0,"2019/05/16 06:00:26",,"2019/05/15 00:00:00",1,75.89912
D,P5MIN,CONSTRAINTSOLUTION,6,"2019/05/16 06:05:00",0,"2019/05/16 06:25:00",S>>HUBG_LKDV_WTTP,518.04157,0,0,"2019/05/16 06:00:26",,"2019/05/15 00:00:00",1,83.24912
D,P5MIN,CONSTRAINTSOLUTION,6,"2019/05/16 06:05:00",0,"2019/05/16 06:25:00",S>>HUBG_MNCLN_WEMWP4,205.39939,0,0,"2019/05/16 06:00:26",,"2019/05/15 00:00:00",1,-27.63557
D,P5MIN,CONSTRAINTSOLUTION,6,"2019/05/16 06:05:00",0,"2019/05/16 06:25:00",S>>HUBG_MNCLN_WTWE,273.25665,0,0,"2019/05/16 06:00:26",,"2019/05/15 00:00:00",1,-45.28022
D,P5MIN,CONSTRAINTSOLUTION,6,"2019/05/16 06:05:00",0,"2019/05/16 06:25:00",S>>HUBG_RBTU_WEWT,312.5067,0,0,"2019/05/16 06:00:26",,"2019/05/15 00:00:00",1,84.82696
D,P5MIN,CONSTRAINTSOLUTION,6,"2019/05/16 06:05:00",0,"2019/05/16 06:25:00",S>>HUBG_RBTU_WTTP,482.82079,0,0,"2019/05/16 06:00:26",,"2019/05/15 00:00:00",1,112.07622
D,P5MIN,CONSTRAINTSOLUTION,6,"2019/05/16 06:05:00",0,"2019/05/16 06:25:00",S>>HUBG_RBTX1_WEWT,306.1063,0,0,"2019/05/16 06:00:26",,"2019/05/15 00:00:00",1,41.62745
D,P5MIN,CONSTRAINTSOLUTION,6,"2019/05/16 06:05:00",0,"2019/05/16 06:25:00",S>>HUBG_WTTP_WEMWP4,223.71685,0,0,"2019/05/16 06:00:26",,"2019/05/15 00:00:00",1,9.64608
D,P5MIN,CONSTRAINTSOLUTION,6,"2019/05/16 06:05:00",0,"2019/05/16 06:25:00",S>>HUBG_WTTP_WTWE,287.97112,0,0,"2019/05/16 06:00:26",,"2019/05/15 00:00:00",1,-3.84289
D,P5MIN,CONSTRAINTSOLUTION,6,"2019/05/16 06:05:00",0,"2019/05/16 06:25:00",S>>NIL_BGBW_BRTW,1272.124,0,0,"2019/05/16 06:00:26",,"2019/05/15 00:00:00",1,227.80534
D,P5MIN,CONSTRAINTSOLUTION,6,"2019/05/16 06:05:00",0,"2019/05/16 06:25:00",S>>NIL_BRTW_WEP4,367.90437,0,0,"2019/05/16 06:00:26",,"2019/05/15 00:00:00",1,1.35721
D,P5MIN,CONSTRAINTSOLUTION,6,"2019/05/16 06:05:00",0,"2019/05/16 06:25:00",S>>NIL_BRTW_WTTP,575.80049,0,0,"2019/05/16 06:00:26",,"2019/05/15 00:00:00",1,129.72306
D,P5MIN,CONSTRAINTSOLUTION,6,"2019/05/16 06:05:00",0,"2019/05/16 06:25:00",S>>NIL_BRTX_WEP4,327.16023,0,0,"2019/05/16 06:00:26",,"2019/05/15 00:00:00",1,-13.38315
D,P5MIN,CONSTRAINTSOLUTION,6,"2019/05/16 06:05:00",0,"2019/05/16 06:25:00",S>>NIL_BRTX_WTTP,532.1222,0,0,"2019/05/16 06:00:26",,"2019/05/15 00:00:00",1,91.34144
D,P5MIN,CONSTRAINTSOLUTION,6,"2019/05/16 06:05:00",0,"2019/05/16 06:25:00",S>>NIL_BWMP_BRTW,1271.40273,0,0,"2019/05/16 06:00:26",,"2019/05/15 00:00:00",1,273.45271
D,P5MIN,CONSTRAINTSOLUTION,6,"2019/05/16 06:05:00",0,"2019/05/16 06:25:00",S>>NIL_BWMP_TPRS,467.94903,0,0,"2019/05/16 06:00:26",,"2019/05/15 00:00:00",1,94.72885
D,P5MIN,CONSTRAINTSOLUTION,6,"2019/05/16 06:05:00",0,"2019/05/16 06:25:00",S>>NIL_BWMP_TWPA,1144.7904,0,0,"2019/05/16 06:00:26",,"2019/05/15 00:00:00",1,257.55111
D,P5MIN,CONSTRAINTSOLUTION,6,"2019/05/16 06:05:00",0,"2019/05/16 06:25:00",S>>NIL_BWMP_WEP4,286.09872,0,0,"2019/05/16 06:00:26",,"2019/05/15 00:00:00",1,-7.63404
D,P5MIN,CONSTRAINTSOLUTION,6,"2019/05/16 06:05:00",0,"2019/05/16 06:25:00",S>>NIL_BWMP_WTTP,586.87193,0,0,"2019/05/16 06:00:26",,"2019/05/15 00:00:00",1,128.92836
D,P5MIN,CONSTRAINTSOLUTION,6,"2019/05/16 06:05:00",0,"2019/05/16 06:25:00",S>>NIL_CGTB_TUTB_1,681.46318,0,0,"2019/05/16 06:00:26",,"2019/05/15 00:00:00",1,187.79057
D,P5MIN,CONSTRAINTSOLUTION,6,"2019/05/16 06:05:00",0,"2019/05/16 06:25:00",S>>NIL_CNRB_WEMWP4,387.47176,0,0,"2019/05/16 06:00:26",,"2019/05/15 00:00:00",1,32.74571
D,P5MIN,CONSTRAINTSOLUTION,6,"2019/05/16 06:05:00",0,"2019/05/16 06:25:00",S>>NIL_HUBG-T_WEWT,10000,0,0,"2019/05/16 06:00:26",,"2019/05/15 00:00:00",1,52.91172
D,P5MIN,CONSTRAINTSOLUTION,6,"2019/05/16 06:05:00",0,"2019/05/16 06:25:00",S>>NIL_HUBG-T_WEWT2,323.69844,0,0,"2019/05/16 06:00:26",,"2019/05/15 00:00:00",1,52.91172
D,P5MIN,CONSTRAINTSOLUTION,6,"2019/05/16 06:05:00",0,"2019/05/16 06:25:00",S>>NIL_LKDV_WEWT,294.33749,0,0,"2019/05/16 06:00:26",,"2019/05/15 00:00:00",1,67.96102
D,P5MIN,CONSTRAINTSOLUTION,6,"2019/05/16 06:05:00",0,"2019/05/16 06:25:00",S>>NIL_MKRB_WEMWP4,368.49447,0,0,"2019/05/16 06:00:26",,"2019/05/15 00:00:00",1,-2.80896
D,P5MIN,CONSTRAINTSOLUTION,6,"2019/05/16 06:05:00",0,"2019/05/16 06:25:00",S>>NIL_RBPA_RBTU,1193.02885,0,0,"2019/05/16 06:00:26",,"2019/05/15 00:00:00",1,315.63204
D,P5MIN,CONSTRAINTSOLUTION,6,"2019/05/16 06:05:00",0,"2019/05/16 06:25:00",S>>NIL_RBPA_WEWT,315.19568,0,0,"2019/05/16 06:00:26",,"2019/05/15 00:00:00",1,72.64214
D,P5MIN,CONSTRAINTSOLUTION,6,"2019/05/16 06:05:00",0,"2019/05/16 06:25:00",S>>NIL_RBTU_BRTW,1413.36387,0,0,"2019/05/16 06:00:26",,"2019/05/15 00:00:00",1,267.04025
D,P5MIN,CONSTRAINTSOLUTION,6,"2019/05/16 06:05:00",0,"2019/05/16 06:25:00",S>>NIL_RBTU_RBPA,1281.86081,0,0,"2019/05/16 06:00:26",,"2019/05/15 00:00:00",1,314.58801
D,P5MIN,CONSTRAINTSOLUTION,6,"2019/05/16 06:05:00",0,"2019/05/16 06:25:00",S>>NIL_RBTU_TWPA,1129.05388,0,0,"2019/05/16 06:00:26",,"2019/05/15 00:00:00",1,226.32563
D,P5MIN,CONSTRAINTSOLUTION,6,"2019/05/16 06:05:00",0,"2019/05/16 06:25:00",S>>NIL_RBTU_WEWT,307.31377,0,0,"2019/05/16 06:00:26",,"2019/05/15 00:00:00",1,80.32759
D,P5MIN,CONSTRAINTSOLUTION,6,"2019/05/16 06:05:00",0,"2019/05/16 06:25:00",S>>NIL_RBTU_WTTP,600.4981,0,0,"2019/05/16 06:00:26",,"2019/05/15 00:00:00",1,142.01773
D,P5MIN,CONSTRAINTSOLUTION,6,"2019/05/16 06:05:00",0,"2019/05/16 06:25:00",S>>NIL_RBTX1_WTWE,280.56027,0,0,"2019/05/16 06:00:26",,"2019/05/15 00:00:00",1,-32.51129
D,P5MIN,CONSTRAINTSOLUTION,6,"2019/05/16 06:05:00",0,"2019/05/16 06:25:00",S>>NIL_SETB_SETB_1,908.46075,0,0,"2019/05/16 06:00:26",,"2019/05/15 00:00:00",1,-187.90161
D,P5MIN,CONSTRAINTSOLUTION,6,"2019/05/16 06:05:00",0,"2019/05/16 06:25:00",S>>NIL_TBCG_TBTU_1,893.29347,0,0,"2019/05/16 06:00:26",,"2019/05/15 00:00:00",1,-187.79057
D,P5MIN,CONSTRAINTSOLUTION,6,"2019/05/16 06:05:00",0,"2019/05/16 06:25:00",S>>NIL_TBSE_PWSE_1,10000,0,0,"2019/05/16 06:00:26",,"2019/03/11 00:00:00",1,44.88172
D,P5MIN,CONSTRAINTSOLUTION,6,"2019/05/16 06:05:00",0,"2019/05/16 06:25:00",S>>NIL_TBSE_TBSE_1,755.5508,0,0,"2019/05/16 06:00:26",,"2019/05/15 00:00:00",1,187.90161
D,P5MIN,CONSTRAINTSOLUTION,6,"2019/05/16 06:05:00",0,"2019/05/16 06:25:00",S>>NIL_TBTU_TBCG_1,946.72485,0,0,"2019/05/16 06:00:26",,"2019/05/15 00:00:00",1,-187.79057
D,P5MIN,CONSTRAINTSOLUTION,6,"2019/05/16 06:05:00",0,"2019/05/16 06:25:00",S>>NIL_TBTU_TBMO_1,434.94921,0,0,"2019/05/16 06:00:26",,"2019/05/15 00:00:00",1,-94.43284
D,P5MIN,CONSTRAINTSOLUTION,6,"2019/05/16 06:05:00",0,"2019/05/16 06:25:00",S>>NIL_TUTB_CGTB_1,735.12423,0,0,"2019/05/16 06:00:26",,"2019/05/15 00:00:00",1,187.79057
D,P5MIN,CONSTRAINTSOLUTION,6,"2019/05/16 06:05:00",0,"2019/05/16 06:25:00",S>>NIL_TUTB_PAAC,767.89358,0,0,"2019/05/16 06:00:26",,"2019/05/15 00:00:00",1,107.30841
D,P5MIN,CONSTRAINTSOLUTION,6,"2019/05/16 06:05:00",0,"2019/05/16 06:25:00",S>>NIL_TWPA_BWMP,931.20977,0,0,"2019/05/16 06:00:26",,"2019/05/15 00:00:00",1,178.85098
D,P5MIN,CONSTRAINTSOLUTION,6,"2019/05/16 06:05:00",0,"2019/05/16 06:25:00",S>>NIL_TWPA_TPRS,384.29495,0,0,"2019/05/16 06:00:26",,"2019/05/15 00:00:00",1,105.00038
D,P5MIN,CONSTRAINTSOLUTION,6,"2019/05/16 06:05:00",0,"2019/05/16 06:25:00",S>>NIL_TWPA_WEMW4,304.14123,0,0,"2019/05/16 06:00:26",,"2019/05/15 00:00:00",1,15.37076
D,P5MIN,CONSTRAINTSOLUTION,6,"2019/05/16 06:05:00",0,"2019/05/16 06:25:00",S>>TBTX4_CGTB_TUTB,644.28459,0,0,"2019/05/16 06:00:26",,"2019/03/13 00:00:00",1,187.88019
D,P5MIN,CONSTRAINTSOLUTION,6,"2019/05/16 06:05:00",0,"2019/05/16 06:25:00",S>>TBTX4_TBCG_TBTU,804.10963,0,0,"2019/05/16 06:00:26",,"2019/03/13 00:00:00",1,-187.88019
D,P5MIN,CONSTRAINTSOLUTION,6,"2019/05/16 06:05:00",0,"2019/05/16 06:25:00",S>>TBTX4_TBTU_TBCG,802.14945,0,0,"2019/05/16 06:00:26",,"2019/03/13 00:00:00",1,-187.88019
D,P5MIN,CONSTRAINTSOLUTION,6,"2019/05/16 06:05:00",0,"2019/05/16 06:25:00",S>>TBTX4_TUTB_CGTB,651.01989,0,0,"2019/05/16 06:00:26",,"2019/03/13 00:00:00",1,187.88019
D,P5MIN,CONSTRAINTSOLUTION,6,"2019/05/16 06:05:00",0,"2019/05/16 06:25:00",S>>V_NIL_DVBG_STBG,185.56432,0,0,"2019/05/16 06:00:26",,"2019/05/14 00:00:00",1,-2.78941
D,P5MIN,CONSTRAINTSOLUTION,6,"2019/05/16 06:05:00",0,"2019/05/16 06:25:00",S>>V_NIL_NIL_HUWT,223.33494,0,0,"2019/05/16 06:00:26",,"2019/05/14 00:00:00",1,-1.95038
D,P5MIN,CONSTRAINTSOLUTION,6,"2019/05/16 06:05:00",0,"2019/05/16 06:25:00",S>>V_NIL_NIL_MNWT,302.40149,0,0,"2019/05/16 06:00:26",,"2019/05/14 00:00:00",1,0.16721
D,P5MIN,CONSTRAINTSOLUTION,6,"2019/05/16 06:05:00",0,"2019/05/16 06:25:00",S>>V_NIL_RBTX_MW4RB,324.66795,0,0,"2019/05/16 06:00:26",,"2019/05/14 00:00:00",1,-15.79407
D,P5MIN,CONSTRAINTSOLUTION,6,"2019/05/16 06:05:00",0,"2019/05/16 06:25:00",S>>V_NIL_WTTP_WEMW4,308.67756,0,0,"2019/05/16 06:00:26",,"2019/05/14 00:00:00",1,18.38341
D,P5MIN,CONSTRAINTSOLUTION,6,"2019/05/16 06:05:00",0,"2019/05/16 06:25:00",S>DVTX_NIL_DVTX,166.722,0,0,"2019/05/16 06:00:26",,"2019/01/22 00:00:00",1,0
D,P5MIN,CONSTRAINTSOLUTION,6,"2019/05/16 06:05:00",0,"2019/05/16 06:25:00",S>NIL_BRTW_MNWT,323.87954,0,0,"2019/05/16 06:00:26",,"2019/05/14 00:00:00",1,29.56468
D,P5MIN,CONSTRAINTSOLUTION,6,"2019/05/16 06:05:00",0,"2019/05/16 06:25:00",S>NIL_BWMP_CNRB,739.03976,0,0,"2019/05/16 06:00:26",,"2019/05/14 00:00:00",1,242.81019
D,P5MIN,CONSTRAINTSOLUTION,6,"2019/05/16 06:05:00",0,"2019/05/16 06:25:00",S>NIL_BWMP_HUWT,223.27475,0,0,"2019/05/16 06:00:26",,"2019/05/14 00:00:00",1,7.06761
D,P5MIN,CONSTRAINTSOLUTION,6,"2019/05/16 06:05:00",0,"2019/05/16 06:25:00",S>NIL_BWMP_RHBR-T,310.48772,0,0,"2019/05/16 06:00:26",,"2019/05/14 00:00:00",1,57.09266
D,P5MIN,CONSTRAINTSOLUTION,6,"2019/05/16 06:05:00",0,"2019/05/16 06:25:00",S>NIL_DVBG_BRTW,1604.6232,0,0,"2019/05/16 06:00:26",,"2019/05/14 00:00:00",1,275.21484
D,P5MIN,CONSTRAINTSOLUTION,6,"2019/05/16 06:05:00",0,"2019/05/16 06:25:00",S>NIL_DVTX_DVTX,166.1448,0,0,"2019/05/16 06:00:26",,"2019/01/11 00:00:00",1,0
D,P5MIN,CONSTRAINTSOLUTION,6,"2019/05/16 06:05:00",0,"2019/05/16 06:25:00",S>NIL_HUWT_STBG,10000,0,0,"2019/05/16 06:00:26",,"2019/01/11 00:00:00",1,0
D,P5MIN,CONSTRAINTSOLUTION,6,"2019/05/16 06:05:00",0,"2019/05/16 06:25:00",S>NIL_HUWT_STBG2,126.06417,0,0,"2019/05/16 06:00:26",,"2019/01/11 00:00:00",1,0
D,P5MIN,CONSTRAINTSOLUTION,6,"2019/05/16 06:05:00",0,"2019/05/16 06:25:00",S>NIL_LKDV_CNRB,455.07,0,0,"2019/05/16 06:00:26",,"2019/01/11 00:00:00",1,219.696
D,P5MIN,CONSTRAINTSOLUTION,6,"2019/05/16 06:05:00",0,"2019/05/16 06:25:00",S>NIL_MHNW1_MHNW2,10000,0,0,"2019/05/16 06:00:26",,"2019/01/11 00:00:00",1,-18
D,P5MIN,CONSTRAINTSOLUTION,6,"2019/05/16 06:05:00",0,"2019/05/16 06:25:00",S>NIL_NIL_DLAW,116.34984,0,0,"2019/05/16 06:00:26",,"2019/01/11 00:00:00",1,0
D,P5MIN,CONSTRAINTSOLUTION,6,"2019/05/16 06:05:00",0,"2019/05/16 06:25:00",S>NIL_NIL_MHNW2,269.82504,0,0,"2019/05/16 06:00:26",,"2019/01/11 00:00:00",1,-18
D,P5MIN,CONSTRAINTSOLUTION,6,"2019/05/16 06:05:00",0,"2019/05/16 06:25:00",S>NIL_NIL_MYSG-T,276.10904,0,0,"2019/05/16 06:00:26",,"2019/03/14 00:00:00",2,3.295
D,P5MIN,CONSTRAINTSOLUTION,6,"2019/05/16 06:05:00",0,"2019/05/16 06:25:00",S>NIL_NIL_NWMH2,224.66832,0,0,"2019/05/16 06:00:26",,"2019/01/11 00:00:00",1,18
D,P5MIN,CONSTRAINTSOLUTION,6,"2019/05/16 06:05:00",0,"2019/05/16 06:25:00",S>NIL_NIL_SETX12,386.56487,0,0,"2019/05/16 06:00:26",,"2019/03/14 00:00:00",2,3.295
D,P5MIN,CONSTRAINTSOLUTION,6,"2019/05/16 06:05:00",0,"2019/05/16 06:25:00",S>NIL_NIL_SGBN,348.68732,0,0,"2019/05/16 06:00:26",,"2019/03/14 00:00:00",2,3.295
D,P5MIN,CONSTRAINTSOLUTION,6,"2019/05/16 06:05:00",0,"2019/05/16 06:25:00",S>NIL_NIL_SGMYSE-T2,405.94538,0,0,"2019/05/16 06:00:26",,"2019/03/14 00:00:00",2,3.295
D,P5MIN,CONSTRAINTSOLUTION,6,"2019/05/16 06:05:00",0,"2019/05/16 06:25:00",S>NIL_NWMH1_NWMH2,10000,0,0,"2019/05/16 06:00:26",,"2019/01/11 00:00:00",1,18
D,P5MIN,CONSTRAINTSOLUTION,6,"2019/05/16 06:05:00",0,"2019/05/16 06:25:00",S>NIL_PL_GENMAX,75.92805,0,0,"2019/05/16 06:00:26",,"2019/01/11 00:00:00",1,0
D,P5MIN,CONSTRAINTSOLUTION,6,"2019/05/16 06:05:00",0,"2019/05/16 06:25:00",S>NIL_PL_GENMAX_YDMD,104.09543,0,0,"2019/05/16 06:00:26",,"2019/01/11 00:00:00",1,0
D,P5MIN,CONSTRAINTSOLUTION,6,"2019/05/16 06:05:00",0,"2019/05/16 06:25:00",S>NIL_RBMWP3_RBNW1,10000,0,0,"2019/05/16 06:00:26",,"2019/01/11 00:00:00",1,18
D,P5MIN,CONSTRAINTSOLUTION,6,"2019/05/16 06:05:00",0,"2019/05/16 06:25:00",S>NIL_RBNW1_RBMWP3,10000,0,0,"2019/05/16 06:00:26",,"2019/01/11 00:00:00",1,18
D,P5MIN,CONSTRAINTSOLUTION,6,"2019/05/16 06:05:00",0,"2019/05/16 06:25:00",S>NIL_SGBN_SGSE-T2,10000,0,0,"2019/05/16 06:00:26",,"2019/03/14 00:00:00",2,3.295
D,P5MIN,CONSTRAINTSOLUTION,6,"2019/05/16 06:05:00",0,"2019/05/16 06:25:00",S>NIL_TINO3_TINO4,307.14399,0,0,"2019/05/16 06:00:26",,"2019/03/14 00:00:00",2,-186
D,P5MIN,CONSTRAINTSOLUTION,6,"2019/05/16 06:05:00",0,"2019/05/16 06:25:00",S>NIL_WEMW4_WTTP,385.59413,0,0,"2019/05/16 06:00:26",,"2019/05/14 00:00:00",1,50.54447
D,P5MIN,CONSTRAINTSOLUTION,6,"2019/05/16 06:05:00",0,"2019/05/16 06:25:00",S>SETXH1_SETXL2,69.63204,0,0,"2019/05/16 06:00:26",,"2019/05/16 00:00:00",4,-17.0508
D,P5MIN,CONSTRAINTSOLUTION,6,"2019/05/16 06:05:00",0,"2019/05/16 06:25:00",S>V_NIL_NIL_RBNW,168.38574,0,0,"2019/05/16 06:00:26",,"2019/01/25 00:00:00",1,18
D,P5MIN,CONSTRAINTSOLUTION,6,"2019/05/16 06:05:00",0,"2019/05/16 06:25:00",S>V_NIL_SEHY,742,0,0,"2019/05/16 06:00:26",,"2016/09/13 00:00:00",1,191.05591
D,P5MIN,CONSTRAINTSOLUTION,6,"2019/05/16 06:05:00",0,"2019/05/16 06:25:00",S>V_NIL_SETX_SETX,10000,0,0,"2019/05/16 06:00:26",,"2019/05/08 00:00:00",2,0
D,P5MIN,CONSTRAINTSOLUTION,6,"2019/05/16 06:05:00",0,"2019/05/16 06:25:00",S>V_NIL_SETX_SETX1,179.21012,0,0,"2019/05/16 06:00:26",,"2019/05/08 00:00:00",2,3.295
D,P5MIN,CONSTRAINTSOLUTION,6,"2019/05/16 06:05:00",0,"2019/05/16 06:25:00",SVML_233,233,0,0,"2019/05/16 06:00:26",,"2014/10/01 00:00:00",1,18
D,P5MIN,CONSTRAINTSOLUTION,6,"2019/05/16 06:05:00",0,"2019/05/16 06:25:00",SVML_ROC_80,98,0,0,"2019/05/16 06:00:26",,"2016/08/23 00:00:00",1,18
D,P5MIN,CONSTRAINTSOLUTION,6,"2019/05/16 06:05:00",0,"2019/05/16 06:25:00",S^NIL_PL_MAX,44.79406,0,0,"2019/05/16 06:00:26",,"2017/07/11 00:00:00",1,0
D,P5MIN,CONSTRAINTSOLUTION,6,"2019/05/16 06:05:00",0,"2019/05/16 06:25:00",S_LB2WF_CONF,198,0,0,"2019/05/16 06:00:26",,"2015/08/07 00:00:00",1,3.295
D,P5MIN,CONSTRAINTSOLUTION,6,"2019/05/16 06:05:00",0,"2019/05/16 06:25:00",S_NIL_STRENGTH_1,10516,0,0,"2019/05/16 06:00:26",,"2018/12/05 00:00:00",1,446.116
D,P5MIN,CONSTRAINTSOLUTION,6,"2019/05/16 06:05:00",0,"2019/05/16 06:25:00",S_NIL_STRENGTH_2,1790.84049,0,0,"2019/05/16 06:00:26",,"2018/11/26 00:00:00",1,255.06009
D,P5MIN,CONSTRAINTSOLUTION,6,"2019/05/16 06:05:00",0,"2019/05/16 06:25:00",S_V_NIL_ROCOF,1273.80002,0,0,"2019/05/16 06:00:26",,"2019/01/03 00:00:00",1,191.05591
D,P5MIN,CONSTRAINTSOLUTION,6,"2019/05/16 06:05:00",0,"2019/05/16 06:25:00",T::T_NIL_1,726.21952,0,0,"2019/05/16 06:00:26",,"2014/07/31 00:00:00",1,414.74229
D,P5MIN,CONSTRAINTSOLUTION,6,"2019/05/16 06:05:00",0,"2019/05/16 06:25:00",T::T_NIL_2,10637.72438,0,0,"2019/05/16 06:00:26",,"2014/07/31 00:00:00",1,405.87856
D,P5MIN,CONSTRAINTSOLUTION,6,"2019/05/16 06:05:00",0,"2019/05/16 06:25:00",T::T_NIL_3,754.55805,0,0,"2019/05/16 06:00:26",,"2014/07/31 00:00:00",1,625.50578
D,P5MIN,CONSTRAINTSOLUTION,6,"2019/05/16 06:05:00",0,"2019/05/16 06:25:00",T::T_NIL_4,10887.22859,0,0,"2019/05/16 06:00:26",,"2014/07/31 00:00:00",1,625.84841
D,P5MIN,CONSTRAINTSOLUTION,6,"2019/05/16 06:05:00",0,"2019/05/16 06:25:00",T:T_LIPM_1,-344.29524,0,0,"2019/05/16 06:00:26",,"2013/08/21 00:00:00",1,-419.94009
D,P5MIN,CONSTRAINTSOLUTION,6,"2019/05/16 06:05:00",0,"2019/05/16 06:25:00",T:T_LIPM_2,489.12166,0,0,"2019/05/16 06:00:26",,"2013/08/21 00:00:00",1,268.99132
D,P5MIN,CONSTRAINTSOLUTION,6,"2019/05/16 06:05:00",0,"2019/05/16 06:25:00",T>>T_NIL_BL_EXP_3F,11137.81748,0,0,"2019/05/16 06:00:26",,"2017/07/17 00:00:00",1,582.41904
D,P5MIN,CONSTRAINTSOLUTION,6,"2019/05/16 06:05:00",0,"2019/05/16 06:25:00",T>>T_NIL_BL_EXP_3G,11314.60614,0,0,"2019/05/16 06:00:26",,"2017/07/17 00:00:00",1,448.38456
D,P5MIN,CONSTRAINTSOLUTION,6,"2019/05/16 06:05:00",0,"2019/05/16 06:25:00",T>>T_NIL_BL_EXP_3H,11631.82307,0,0,"2019/05/16 06:00:26",,"2017/07/17 00:00:00",1,668.97011
D,P5MIN,CONSTRAINTSOLUTION,6,"2019/05/16 06:05:00",0,"2019/05/16 06:25:00",T>>T_NIL_BL_EXP_4E,10427.73963,0,0,"2019/05/16 06:00:26",,"2016/07/26 00:00:00",1,225.6372
D,P5MIN,CONSTRAINTSOLUTION,6,"2019/05/16 06:05:00",0,"2019/05/16 06:25:00",T>>T_NIL_BL_EXP_4F,10381.83625,0,0,"2019/05/16 06:00:26",,"2016/06/16 00:00:00",1,217.11257
D,P5MIN,CONSTRAINTSOLUTION,6,"2019/05/16 06:05:00",0,"2019/05/16 06:25:00",T>>T_NIL_BL_EXP_5F,21087.67226,0,0,"2019/05/16 06:00:26",,"2017/07/17 00:00:00",1,613.47761
D,P5MIN,CONSTRAINTSOLUTION,6,"2019/05/16 06:05:00",0,"2019/05/16 06:25:00",T>>T_NIL_BL_EXP_5G,11323.66295,0,0,"2019/05/16 06:00:26",,"2017/07/17 00:00:00",1,517.25298
D,P5MIN,CONSTRAINTSOLUTION,6,"2019/05/16 06:05:00",0,"2019/05/16 06:25:00",T>>T_NIL_BL_EXP_5H,11525.13324,0,0,"2019/05/16 06:00:26",,"2017/07/17 00:00:00",1,701.25079
D,P5MIN,CONSTRAINTSOLUTION,6,"2019/05/16 06:05:00",0,"2019/05/16 06:25:00",T>>T_NIL_BL_EXP_6E,21030.20735,0,0,"2019/05/16 06:00:26",,"2017/07/17 00:00:00",1,778.83916
D,P5MIN,CONSTRAINTSOLUTION,6,"2019/05/16 06:05:00",0,"2019/05/16 06:25:00",T>>T_NIL_BL_EXP_6F,21104.73268,0,0,"2019/05/16 06:00:26",,"2017/07/17 00:00:00",1,662.74387
D,P5MIN,CONSTRAINTSOLUTION,6,"2019/05/16 06:05:00",0,"2019/05/16 06:25:00",T>>T_NIL_BL_EXP_7C,20569.57316,0,0,"2019/05/16 06:00:26",,"2017/07/17 00:00:00",1,489.74387
D,P5MIN,CONSTRAINTSOLUTION,6,"2019/05/16 06:05:00",0,"2019/05/16 06:25:00",T>T_LIPM_110_2A,-333.54712,-12.50317,0,"2019/05/16 06:00:26",,"2019/04/24 00:00:00",2,-333.54711
D,P5MIN,CONSTRAINTSOLUTION,6,"2019/05/16 06:05:00",0,"2019/05/16 06:25:00",T>T_LIPM_110_2B,489.01708,0,0,"2019/05/16 06:00:26",,"2019/04/24 00:00:00",2,333.54711
D,P5MIN,CONSTRAINTSOLUTION,6,"2019/05/16 06:05:00",0,"2019/05/16 06:25:00",T>T_LIPM_110_3_1,327.12271,0,0,"2019/05/16 06:00:26",,"2019/04/24 00:00:00",2,143.29748
D,P5MIN,CONSTRAINTSOLUTION,6,"2019/05/16 06:05:00",0,"2019/05/16 06:25:00",T>T_LIPM_110_5,-21.69017,0,0,"2019/05/16 06:00:26",,"2019/04/24 00:00:00",2,-228.30276
D,P5MIN,CONSTRAINTSOLUTION,6,"2019/05/16 06:05:00",0,"2019/05/16 06:25:00",T>T_NIL_110_4,242.74679,0,0,"2019/05/16 06:00:26",,"2019/01/11 00:00:00",1,-25.39147
D,P5MIN,CONSTRAINTSOLUTION,6,"2019/05/16 06:05:00",0,"2019/05/16 06:25:00",T>T_NIL_110_5,365.46186,0,0,"2019/05/16 06:00:26",,"2019/01/11 00:00:00",1,25.39147
D,P5MIN,CONSTRAINTSOLUTION,6,"2019/05/16 06:05:00",0,"2019/05/16 06:25:00",T>T_NIL_BL_110_18_1,316.73733,0,0,"2019/05/16 06:00:26",,"2019/01/11 00:00:00",1,133.60537
D,P5MIN,CONSTRAINTSOLUTION,6,"2019/05/16 06:05:00",0,"2019/05/16 06:25:00",T>T_NIL_BL_110_8,272.98828,0,0,"2019/05/16 06:00:26",,"2019/01/11 00:00:00",1,119.351
D,P5MIN,CONSTRAINTSOLUTION,6,"2019/05/16 06:05:00",0,"2019/05/16 06:25:00",T>T_NIL_BL_220_6B,992.49415,0,0,"2019/05/16 06:00:26",,"2019/01/11 00:00:00",1,308.40187
D,P5MIN,CONSTRAINTSOLUTION,6,"2019/05/16 06:05:00",0,"2019/05/16 06:25:00",T>T_NIL_BL_3A,1612.29628,0,0,"2019/05/16 06:00:26",,"2019/01/11 00:00:00",1,453.9115
D,P5MIN,CONSTRAINTSOLUTION,6,"2019/05/16 06:05:00",0,"2019/05/16 06:25:00",T>T_NIL_BL_3B,1611.53033,0,0,"2019/05/16 06:00:26",,"2019/01/11 00:00:00",1,453.9115
D,P5MIN,CONSTRAINTSOLUTION,6,"2019/05/16 06:05:00",0,"2019/05/16 06:25:00",T>T_NIL_BL_3C,11184.71704,0,0,"2019/05/16 06:00:26",,"2017/07/17 00:00:00",1,455.59354
D,P5MIN,CONSTRAINTSOLUTION,6,"2019/05/16 06:05:00",0,"2019/05/16 06:25:00",T>T_NIL_BL_3D,11361.91178,0,0,"2019/05/16 06:00:26",,"2017/07/17 00:00:00",1,319.98443
D,P5MIN,CONSTRAINTSOLUTION,6,"2019/05/16 06:05:00",0,"2019/05/16 06:25:00",T>T_NIL_BL_3E,11678.94713,0,0,"2019/05/16 06:00:26",,"2017/07/17 00:00:00",1,541.80525
D,P5MIN,CONSTRAINTSOLUTION,6,"2019/05/16 06:05:00",0,"2019/05/16 06:25:00",T>T_NIL_BL_4A,637.28285,0,0,"2019/05/16 06:00:26",,"2019/01/11 00:00:00",1,93.94642
D,P5MIN,CONSTRAINTSOLUTION,6,"2019/05/16 06:05:00",0,"2019/05/16 06:25:00",T>T_NIL_BL_4B,637.5532,0,0,"2019/05/16 06:00:26",,"2019/01/11 00:00:00",1,93.94642
D,P5MIN,CONSTRAINTSOLUTION,6,"2019/05/16 06:05:00",0,"2019/05/16 06:25:00",T>T_NIL_BL_4C,10814.65013,0,0,"2019/05/16 06:00:26",,"2016/07/26 00:00:00",1,153.28289
D,P5MIN,CONSTRAINTSOLUTION,6,"2019/05/16 06:05:00",0,"2019/05/16 06:25:00",T>T_NIL_BL_4D,10966.85816,0,0,"2019/05/16 06:00:26",,"2016/07/26 00:00:00",1,183.38365
D,P5MIN,CONSTRAINTSOLUTION,6,"2019/05/16 06:05:00",0,"2019/05/16 06:25:00",T>T_NIL_BL_5A,1486.85931,0,0,"2019/05/16 06:00:26",,"2019/01/11 00:00:00",1,490.00609
D,P5MIN,CONSTRAINTSOLUTION,6,"2019/05/16 06:05:00",0,"2019/05/16 06:25:00",T>T_NIL_BL_5B,1486.23758,0,0,"2019/05/16 06:00:26",,"2019/01/11 00:00:00",1,490.00609
D,P5MIN,CONSTRAINTSOLUTION,6,"2019/05/16 06:05:00",0,"2019/05/16 06:25:00",T>T_NIL_BL_5C,11132.77546,0,0,"2019/05/16 06:00:26",,"2017/07/17 00:00:00",1,489.99142
D,P5MIN,CONSTRAINTSOLUTION,6,"2019/05/16 06:05:00",0,"2019/05/16 06:25:00",T>T_NIL_BL_5D,11373.66931,0,0,"2019/05/16 06:00:26",,"2017/07/17 00:00:00",1,381.50911
D,P5MIN,CONSTRAINTSOLUTION,6,"2019/05/16 06:05:00",0,"2019/05/16 06:25:00",T>T_NIL_BL_5E,11571.79138,0,0,"2019/05/16 06:00:26",,"2017/07/17 00:00:00",1,575.29405
D,P5MIN,CONSTRAINTSOLUTION,6,"2019/05/16 06:05:00",0,"2019/05/16 06:25:00",T>T_NIL_BL_6A,1450.40501,0,0,"2019/05/16 06:00:26",,"2019/01/11 00:00:00",1,643.09119
D,P5MIN,CONSTRAINTSOLUTION,6,"2019/05/16 06:05:00",0,"2019/05/16 06:25:00",T>T_NIL_BL_6B,1449.72909,0,0,"2019/05/16 06:00:26",,"2019/01/11 00:00:00",1,643.09119
D,P5MIN,CONSTRAINTSOLUTION,6,"2019/05/16 06:05:00",0,"2019/05/16 06:25:00",T>T_NIL_BL_6C,11080.21981,0,0,"2019/05/16 06:00:26",,"2017/07/17 00:00:00",1,361.09529
D,P5MIN,CONSTRAINTSOLUTION,6,"2019/05/16 06:05:00",0,"2019/05/16 06:25:00",T>T_NIL_BL_6D,11155.36267,0,0,"2019/05/16 06:00:26",,"2017/07/17 00:00:00",1,245
D,P5MIN,CONSTRAINTSOLUTION,6,"2019/05/16 06:05:00",0,"2019/05/16 06:25:00",T>T_NIL_BL_IMP_2B,915.71839,0,0,"2019/05/16 06:00:26",,"2019/01/11 00:00:00",1,214.52912
D,P5MIN,CONSTRAINTSOLUTION,6,"2019/05/16 06:05:00",0,"2019/05/16 06:25:00",T>T_NIL_BL_IMP_3F,1207.12764,0,0,"2019/05/16 06:00:26",,"2019/01/11 00:00:00",1,453.93109
D,P5MIN,CONSTRAINTSOLUTION,6,"2019/05/16 06:05:00",0,"2019/05/16 06:25:00",T>T_NIL_BL_IMP_3FF,1206.62552,0,0,"2019/05/16 06:00:26",,"2019/01/11 00:00:00",1,453.93109
D,P5MIN,CONSTRAINTSOLUTION,6,"2019/05/16 06:05:00",0,"2019/05/16 06:25:00",T>T_NIL_BL_IMP_3G,1379.32604,0,0,"2019/05/16 06:00:26",,"2019/01/11 00:00:00",1,318.54765
D,P5MIN,CONSTRAINTSOLUTION,6,"2019/05/16 06:05:00",0,"2019/05/16 06:25:00",T>T_NIL_BL_IMP_3H,1715.82133,0,0,"2019/05/16 06:00:26",,"2019/01/11 00:00:00",1,540.13914
D,P5MIN,CONSTRAINTSOLUTION,6,"2019/05/16 06:05:00",0,"2019/05/16 06:25:00",T>T_NIL_BL_IMP_4E,497.84294,0,0,"2019/05/16 06:00:26",,"2019/01/11 00:00:00",1,93.94282
D,P5MIN,CONSTRAINTSOLUTION,6,"2019/05/16 06:05:00",0,"2019/05/16 06:25:00",T>T_NIL_BL_IMP_4EE,498.04593,0,0,"2019/05/16 06:00:26",,"2019/01/11 00:00:00",1,93.94282
D,P5MIN,CONSTRAINTSOLUTION,6,"2019/05/16 06:05:00",0,"2019/05/16 06:25:00",T>T_NIL_BL_IMP_4F,451.8293,0,0,"2019/05/16 06:00:26",,"2019/01/11 00:00:00",1,85.82553
D,P5MIN,CONSTRAINTSOLUTION,6,"2019/05/16 06:05:00",0,"2019/05/16 06:25:00",T>T_NIL_BL_IMP_5F,1152.72458,0,0,"2019/05/16 06:00:26",,"2019/01/11 00:00:00",1,489.99142
D,P5MIN,CONSTRAINTSOLUTION,6,"2019/05/16 06:05:00",0,"2019/05/16 06:25:00",T>T_NIL_BL_IMP_5FF,1152.32021,0,0,"2019/05/16 06:00:26",,"2019/01/11 00:00:00",1,489.99142
D,P5MIN,CONSTRAINTSOLUTION,6,"2019/05/16 06:05:00",0,"2019/05/16 06:25:00",T>T_NIL_BL_IMP_5G,1383.41435,0,0,"2019/05/16 06:00:26",,"2019/01/11 00:00:00",1,381.50911
D,P5MIN,CONSTRAINTSOLUTION,6,"2019/05/16 06:05:00",0,"2019/05/16 06:25:00",T>T_NIL_BL_IMP_5H,1599.73816,0,0,"2019/05/16 06:00:26",,"2019/01/11 00:00:00",1,575.52631
D,P5MIN,CONSTRAINTSOLUTION,6,"2019/05/16 06:05:00",0,"2019/05/16 06:25:00",T>T_NIL_BL_IMP_6E,1081.88371,0,0,"2019/05/16 06:00:26",,"2019/01/11 00:00:00",1,643.09529
D,P5MIN,CONSTRAINTSOLUTION,6,"2019/05/16 06:05:00",0,"2019/05/16 06:25:00",T>T_NIL_BL_IMP_6EE,1081.88371,0,0,"2019/05/16 06:00:26",,"2019/01/11 00:00:00",1,643.09529
D,P5MIN,CONSTRAINTSOLUTION,6,"2019/05/16 06:05:00",0,"2019/05/16 06:25:00",T>T_NIL_BL_IMP_6F,1169.80434,0,0,"2019/05/16 06:00:26",,"2019/01/11 00:00:00",1,527
D,P5MIN,CONSTRAINTSOLUTION,6,"2019/05/16 06:05:00",0,"2019/05/16 06:25:00",T>T_NIL_BL_IMP_7C,629.63759,0,0,"2019/05/16 06:00:26",,"2019/01/11 00:00:00",1,354
D,P5MIN,CONSTRAINTSOLUTION,6,"2019/05/16 06:05:00",0,"2019/05/16 06:25:00",T>T_NIL_BL_IMP_7CC,629.13772,0,0,"2019/05/16 06:00:26",,"2019/01/11 00:00:00",1,354
D,P5MIN,CONSTRAINTSOLUTION,6,"2019/05/16 06:05:00",0,"2019/05/16 06:25:00",T>T_NIL_BL_IMP_8B,975.13906,0,0,"2019/05/16 06:00:26",,"2019/01/11 00:00:00",1,283.5006
D,P5MIN,CONSTRAINTSOLUTION,6,"2019/05/16 06:05:00",0,"2019/05/16 06:25:00",T>T_NIL_BL_IMP_8C,87.472,0,0,"2019/05/16 06:00:26",,"2019/01/11 00:00:00",1,-283.5006
D,P5MIN,CONSTRAINTSOLUTION,6,"2019/05/16 06:05:00",0,"2019/05/16 06:25:00",T>T_NIL_NCSPS5_3F,11207.81228,0,0,"2019/05/16 06:00:26",,"2019/01/11 00:00:00",1,453.93109
D,P5MIN,CONSTRAINTSOLUTION,6,"2019/05/16 06:05:00",0,"2019/05/16 06:25:00",T>T_NIL_NCSPS5_3FF,11207.81228,0,0,"2019/05/16 06:00:26",,"2019/01/11 00:00:00",1,453.93109
D,P5MIN,CONSTRAINTSOLUTION,6,"2019/05/16 06:05:00",0,"2019/05/16 06:25:00",T>T_NIL_NCSPS5_3G,11380.19805,0,0,"2019/05/16 06:00:26",,"2019/01/11 00:00:00",1,318.54765
D,P5MIN,CONSTRAINTSOLUTION,6,"2019/05/16 06:05:00",0,"2019/05/16 06:25:00",T>T_NIL_NCSPS5_3H,11716.92826,0,0,"2019/05/16 06:00:26",,"2019/01/11 00:00:00",1,540.13914
D,P5MIN,CONSTRAINTSOLUTION,6,"2019/05/16 06:05:00",0,"2019/05/16 06:25:00",T>T_NIL_NCSPS5_7C,10658.9539,0,0,"2019/05/16 06:00:26",,"2019/01/11 00:00:00",1,354
D,P5MIN,CONSTRAINTSOLUTION,6,"2019/05/16 06:05:00",0,"2019/05/16 06:25:00",T>T_NIL_TOV_5F,11405.41176,0,0,"2019/05/16 06:00:26",,"2019/01/11 00:00:00",1,489.99142
D,P5MIN,CONSTRAINTSOLUTION,6,"2019/05/16 06:05:00",0,"2019/05/16 06:25:00",T>T_NIL_TOV_5FF,11405.41176,0,0,"2019/05/16 06:00:26",,"2019/01/11 00:00:00",1,489.99142
D,P5MIN,CONSTRAINTSOLUTION,6,"2019/05/16 06:05:00",0,"2019/05/16 06:25:00",TVBL_ROC,50.75942,0,0,"2019/05/16 06:00:26",,"2014/01/15 00:00:00",1,-135.74387
D,P5MIN,CONSTRAINTSOLUTION,6,"2019/05/16 06:05:00",0,"2019/05/16 06:25:00",T^T_LIPM_1,-139.24196,0,0,"2019/05/16 06:00:26",,"2017/07/05 00:00:00",1,-184.30998
D,P5MIN,CONSTRAINTSOLUTION,6,"2019/05/16 06:05:00",0,"2019/05/16 06:25:00",T^T_NIL_BL_1,1695.54609,0,0,"2019/05/16 06:00:26",,"2017/07/05 00:00:00",1,43.35478
D,P5MIN,CONSTRAINTSOLUTION,6,"2019/05/16 06:05:00",0,"2019/05/16 06:25:00",T^T_NIL_BL_2,12701.01168,0,0,"2019/05/16 06:00:26",,"2017/07/05 00:00:00",1,-146.16398
D,P5MIN,CONSTRAINTSOLUTION,6,"2019/05/16 06:05:00",0,"2019/05/16 06:25:00",T^T_NIL_BL_4,1885.07051,0,0,"2019/05/16 06:00:26",,"2017/07/05 00:00:00",1,-131.11515
D,P5MIN,CONSTRAINTSOLUTION,6,"2019/05/16 06:05:00",0,"2019/05/16 06:25:00",T^T_NIL_BL_5,763.03582,0,0,"2019/05/16 06:00:26",,"2017/07/05 00:00:00",1,-113.82949
D,P5MIN,CONSTRAINTSOLUTION,6,"2019/05/16 06:05:00",0,"2019/05/16 06:25:00",T^T_NIL_BL_6,136.98055,0,0,"2019/05/16 06:00:26",,"2017/07/05 00:00:00",1,-127.17585
D,P5MIN,CONSTRAINTSOLUTION,6,"2019/05/16 06:05:00",0,"2019/05/16 06:25:00",T^T_NIL_BL_7,989.89566,0,0,"2019/05/16 06:00:26",,"2017/07/05 00:00:00",1,-107.75578
D,P5MIN,CONSTRAINTSOLUTION,6,"2019/05/16 06:05:00",0,"2019/05/16 06:25:00",T^V_LIPM_BL_6,591.42173,0,0,"2019/05/16 06:00:26",,"2013/08/21 00:00:00",1,-135.74387
D,P5MIN,CONSTRAINTSOLUTION,6,"2019/05/16 06:05:00",0,"2019/05/16 06:25:00",T^V_NIL_10,10688.86472,0,0,"2019/05/16 06:00:26",,"2017/10/10 00:00:00",1,-135.74387
D,P5MIN,CONSTRAINTSOLUTION,6,"2019/05/16 06:05:00",0,"2019/05/16 06:25:00",T^V_NIL_11,10510.75797,0,0,"2019/05/16 06:00:26",,"2019/01/25 00:00:00",1,-118.86497
D,P5MIN,CONSTRAINTSOLUTION,6,"2019/05/16 06:05:00",0,"2019/05/16 06:25:00",T^V_NIL_8,10318.33891,0,0,"2019/05/16 06:00:26",,"2018/05/31 00:00:00",1,-160.75337
D,P5MIN,CONSTRAINTSOLUTION,6,"2019/05/16 06:05:00",0,"2019/05/16 06:25:00",T^V_NIL_9,594,0,0,"2019/05/16 06:00:26",,"2015/09/29 00:00:00",1,-135.74387
D,P5MIN,CONSTRAINTSOLUTION,6,"2019/05/16 06:05:00",0,"2019/05/16 06:25:00",T^V_NIL_BL_6,604.96299,0,0,"2019/05/16 06:00:26",,"2013/08/21 00:00:00",1,-135.74387
D,P5MIN,CONSTRAINTSOLUTION,6,"2019/05/16 06:05:00",0,"2019/05/16 06:25:00",T_LIPM1_SLOAD_1_N-2,473.73865,0,0,"2019/05/16 06:00:26",,"2019/05/10 00:00:00",1,333.54711
D,P5MIN,CONSTRAINTSOLUTION,6,"2019/05/16 06:05:00",0,"2019/05/16 06:25:00",T_ROCOF_1,710.1959,0,0,"2019/05/16 06:00:26",,"2014/07/31 00:00:00",1,187.01438
D,P5MIN,CONSTRAINTSOLUTION,6,"2019/05/16 06:05:00",0,"2019/05/16 06:25:00",T_ROCOF_2,10747.91025,0,0,"2019/05/16 06:00:26",,"2014/07/31 00:00:00",1,150.07675
D,P5MIN,CONSTRAINTSOLUTION,6,"2019/05/16 06:05:00",0,"2019/05/16 06:25:00",T_ROCOF_3,11279.64898,0,0,"2019/05/16 06:00:26",,"2014/01/09 00:00:00",1,158.70587
D,P5MIN,CONSTRAINTSOLUTION,6,"2019/05/16 06:05:00",0,"2019/05/16 06:25:00",T_V_NIL_BL1,-50,0,0,"2019/05/16 06:00:26",,"2008/05/26 00:00:00",1,-135.74387
D,P5MIN,CONSTRAINTSOLUTION,6,"2019/05/16 06:05:00",0,"2019/05/16 06:25:00",T_V_NIL_FCSPS,371.75995,0,0,"2019/05/16 06:00:26",,"2013/08/21 00:00:00",1,-135.74387
D,P5MIN,CONSTRAINTSOLUTION,6,"2019/05/16 06:05:00",0,"2019/05/16 06:25:00",V::N_NIL_Q1,20245.27129,0,0,"2019/05/16 06:00:26",,"2019/05/01 00:00:00",1,-1057.51249
D,P5MIN,CONSTRAINTSOLUTION,6,"2019/05/16 06:05:00",0,"2019/05/16 06:25:00",V::N_NIL_Q2,10245.27129,0,0,"2019/05/16 06:00:26",,"2019/05/01 00:00:00",1,-895.36649
D,P5MIN,CONSTRAINTSOLUTION,6,"2019/05/16 06:05:00",0,"2019/05/16 06:25:00",V::N_NIL_S,858.97938,0,0,"2019/05/16 06:00:26",,"2019/05/01 00:00:00",1,-322.6397
D,P5MIN,CONSTRAINTSOLUTION,6,"2019/05/16 06:05:00",0,"2019/05/16 06:25:00",V::N_NIL_SD,10777.05553,0,0,"2019/05/16 06:00:26",,"2019/05/01 00:00:00",1,-340.02897
D,P5MIN,CONSTRAINTSOLUTION,6,"2019/05/16 06:05:00",0,"2019/05/16 06:25:00",V::N_NIL_V,771.16176,0,0,"2019/05/16 06:00:26",,"2019/05/01 00:00:00",1,-339.20395
D,P5MIN,CONSTRAINTSOLUTION,6,"2019/05/16 06:05:00",0,"2019/05/16 06:25:00",V::S_NIL_MAXG_1,669.42094,0,0,"2019/05/16 06:00:26",,"2019/02/05 00:00:00",1,-188.58466
D,P5MIN,CONSTRAINTSOLUTION,6,"2019/05/16 06:05:00",0,"2019/05/16 06:25:00",V::S_NIL_MAXG_2,10000,0,0,"2019/05/16 06:00:26",,"2019/02/05 00:00:00",1,-188.35401
D,P5MIN,CONSTRAINTSOLUTION,6,"2019/05/16 06:05:00",0,"2019/05/16 06:25:00",V::S_NIL_MAXG_3,10000,0,0,"2019/05/16 06:00:26",,"2019/02/05 00:00:00",1,-188.88121
D,P5MIN,CONSTRAINTSOLUTION,6,"2019/05/16 06:05:00",0,"2019/05/16 06:25:00",V::S_NIL_MAXG_SECP_1,10000,0,0,"2019/05/16 06:00:26",,"2019/02/11 00:00:00",1,-188.02451
D,P5MIN,CONSTRAINTSOLUTION,6,"2019/05/16 06:05:00",0,"2019/05/16 06:25:00",V::S_NIL_MAXG_SECP_2,10000,0,0,"2019/05/16 06:00:26",,"2019/02/11 00:00:00",1,-188.35401
D,P5MIN,CONSTRAINTSOLUTION,6,"2019/05/16 06:05:00",0,"2019/05/16 06:25:00",V::S_NIL_SETB_SECP_1,10000,0,0,"2019/05/16 06:00:26",,"2019/02/11 00:00:00",1,-187.72796
D,P5MIN,CONSTRAINTSOLUTION,6,"2019/05/16 06:05:00",0,"2019/05/16 06:25:00",V::S_NIL_SETB_SECP_2,10000,0,0,"2019/05/16 06:00:26",,"2019/02/11 00:00:00",1,-187.82681
D,P5MIN,CONSTRAINTSOLUTION,6,"2019/05/16 06:05:00",0,"2019/05/16 06:25:00",V::S_NIL_TBSE_1,776.51438,0,0,"2019/05/16 06:00:26",,"2019/02/04 00:00:00",1,-187.72796
D,P5MIN,CONSTRAINTSOLUTION,6,"2019/05/16 06:05:00",0,"2019/05/16 06:25:00",V::S_NIL_TBSE_2,10000,0,0,"2019/05/16 06:00:26",,"2019/02/04 00:00:00",1,-187.82681
D,P5MIN,CONSTRAINTSOLUTION,6,"2019/05/16 06:05:00",0,"2019/05/16 06:25:00",V::S_TBTX_MAXG,663.27881,0,0,"2019/05/16 06:00:26",,"2019/02/21 00:00:00",1,-188.51876
D,P5MIN,CONSTRAINTSOLUTION,6,"2019/05/16 06:05:00",0,"2019/05/16 06:25:00",V::S_TBTX_MAXG_2-DS,10000,0,0,"2019/05/16 06:00:26",,"2019/02/21 00:00:00",1,-187.56321
D,P5MIN,CONSTRAINTSOLUTION,6,"2019/05/16 06:05:00",0,"2019/05/16 06:25:00",V::S_TBTX_SETB,769.93653,0,0,"2019/05/16 06:00:26",,"2019/02/21 00:00:00",1,-187.10191
D,P5MIN,CONSTRAINTSOLUTION,6,"2019/05/16 06:05:00",0,"2019/05/16 06:25:00",V::S_TBTX_SETB_2-DS,10000,0,0,"2019/05/16 06:00:26",,"2019/02/21 00:00:00",1,-187.56321
D,P5MIN,CONSTRAINTSOLUTION,6,"2019/05/16 06:05:00",0,"2019/05/16 06:25:00",V::V_1900,1968.10001,0,0,"2019/05/16 06:00:26",,"2018/08/24 00:00:00",1,319.67116
D,P5MIN,CONSTRAINTSOLUTION,6,"2019/05/16 06:05:00",0,"2019/05/16 06:25:00",V:SS_680_OSC_AUTO,10000,0,0,"2019/05/16 06:00:26",,"2016/06/30 00:00:00",1,-209.05591
D,P5MIN,CONSTRAINTSOLUTION,6,"2019/05/16 06:05:00",0,"2019/05/16 06:25:00",V:SS_790_1,10000,0,0,"2019/05/16 06:00:26",,"2016/08/16 00:00:00",1,-209.05591
D,P5MIN,CONSTRAINTSOLUTION,6,"2019/05/16 06:05:00",0,"2019/05/16 06:25:00",V:SS_790_OSC_AUTO,10790,0,0,"2019/05/16 06:00:26",,"2016/06/30 00:00:00",1,-209.05591
D,P5MIN,CONSTRAINTSOLUTION,6,"2019/05/16 06:05:00",0,"2019/05/16 06:25:00",V:SS_820_HY_TEST,820,0,0,"2019/05/16 06:00:26",,"2018/08/07 00:00:00",1,-209.05591
D,P5MIN,CONSTRAINTSOLUTION,6,"2019/05/16 06:05:00",0,"2019/05/16 06:25:00",V:SS_820_HY_TEST_DYN,820,0,0,"2019/05/16 06:00:26",,"2016/11/21 00:00:00",1,-209.05591
D,P5MIN,CONSTRAINTSOLUTION,6,"2019/05/16 06:05:00",0,"2019/05/16 06:25:00",V:SS_870_HY_TEST,870,0,0,"2019/05/16 06:00:26",,"2018/08/07 00:00:00",1,-209.05591
D,P5MIN,CONSTRAINTSOLUTION,6,"2019/05/16 06:05:00",0,"2019/05/16 06:25:00",V:SS_870_HY_TEST_DYN,870,0,0,"2019/05/16 06:00:26",,"2016/11/21 00:00:00",1,-209.05591
D,P5MIN,CONSTRAINTSOLUTION,6,"2019/05/16 06:05:00",0,"2019/05/16 06:25:00",V:SS_920,920,0,0,"2019/05/16 06:00:26",,"2018/08/07 00:00:00",1,-209.05591
D,P5MIN,CONSTRAINTSOLUTION,6,"2019/05/16 06:05:00",0,"2019/05/16 06:25:00",V:S_460_OSC_AUTO,10000,0,0,"2019/05/16 06:00:26",,"2016/06/30 00:00:00",1,-191.05591
D,P5MIN,CONSTRAINTSOLUTION,6,"2019/05/16 06:05:00",0,"2019/05/16 06:25:00",V:S_570_1,10000,0,0,"2019/05/16 06:00:26",,"2016/08/16 00:00:00",1,-191.05591
D,P5MIN,CONSTRAINTSOLUTION,6,"2019/05/16 06:05:00",0,"2019/05/16 06:25:00",V:S_570_OSC_AUTO,10570,0,0,"2019/05/16 06:00:26",,"2016/06/30 00:00:00",1,-191.05591
D,P5MIN,CONSTRAINTSOLUTION,6,"2019/05/16 06:05:00",0,"2019/05/16 06:25:00",V:S_600_HY_TEST,600,0,0,"2019/05/16 06:00:26",,"2018/08/07 00:00:00",1,-191.05591
D,P5MIN,CONSTRAINTSOLUTION,6,"2019/05/16 06:05:00",0,"2019/05/16 06:25:00",V:S_600_HY_TEST_DYN,600,0,0,"2019/05/16 06:00:26",,"2016/11/21 00:00:00",1,-191.05591
D,P5MIN,CONSTRAINTSOLUTION,6,"2019/05/16 06:05:00",0,"2019/05/16 06:25:00",V:S_650_HY_TEST,650,0,0,"2019/05/16 06:00:26",,"2018/08/07 00:00:00",1,-191.05591
D,P5MIN,CONSTRAINTSOLUTION,6,"2019/05/16 06:05:00",0,"2019/05/16 06:25:00",V:S_650_HY_TEST_DYN,650,0,0,"2019/05/16 06:00:26",,"2016/11/21 00:00:00",1,-191.05591
D,P5MIN,CONSTRAINTSOLUTION,6,"2019/05/16 06:05:00",0,"2019/05/16 06:25:00",V:S_700,700,0,0,"2019/05/16 06:00:26",,"2018/08/07 00:00:00",1,-191.05591
D,P5MIN,CONSTRAINTSOLUTION,6,"2019/05/16 06:05:00",0,"2019/05/16 06:25:00",V:T_NIL_BL_1,889.41518,0,0,"2019/05/16 06:00:26",,"2013/08/21 00:00:00",1,135.74387
D,P5MIN,CONSTRAINTSOLUTION,6,"2019/05/16 06:05:00",0,"2019/05/16 06:25:00",V>>N-NIL_HA,1551.94741,0,0,"2019/05/16 06:00:26",,"2019/05/06 00:00:00",1,-145.39862
D,P5MIN,CONSTRAINTSOLUTION,6,"2019/05/16 06:05:00",0,"2019/05/16 06:25:00",V>>N-NIL_HB,1609.29207,0,0,"2019/05/16 06:00:26",,"2019/05/06 00:00:00",1,-119.65743
D,P5MIN,CONSTRAINTSOLUTION,6,"2019/05/16 06:05:00",0,"2019/05/16 06:25:00",V>>N-NIL_HG,1641.40896,0,0,"2019/05/16 06:00:26",,"2019/05/06 00:00:00",1,-210.075
D,P5MIN,CONSTRAINTSOLUTION,6,"2019/05/16 06:05:00",0,"2019/05/16 06:25:00",V>>N-NIL_HH,2170.79007,0,0,"2019/05/16 06:00:26",,"2019/05/06 00:00:00",1,-21.93448
D,P5MIN,CONSTRAINTSOLUTION,6,"2019/05/16 06:05:00",0,"2019/05/16 06:25:00",V>>SML_NIL_5,719.10798,0,0,"2019/05/16 06:00:26",,"2019/05/06 00:00:00",1,-94.70517
D,P5MIN,CONSTRAINTSOLUTION,6,"2019/05/16 06:05:00",0,"2019/05/16 06:25:00",V>>SML_NIL_6,733.02456,0,0,"2019/05/16 06:00:26",,"2019/05/06 00:00:00",1,51.95368
D,P5MIN,CONSTRAINTSOLUTION,6,"2019/05/16 06:05:00",0,"2019/05/16 06:25:00",V>>SML_NIL_7A,10138.88075,0,0,"2019/05/16 06:00:26",,"2019/04/23 00:00:00",1,-41.40845
D,P5MIN,CONSTRAINTSOLUTION,6,"2019/05/16 06:05:00",0,"2019/05/16 06:25:00",V>>SML_NIL_7B,10172.74095,0,0,"2019/05/16 06:00:26",,"2019/05/06 00:00:00",1,-42.83441
D,P5MIN,CONSTRAINTSOLUTION,6,"2019/05/16 06:05:00",0,"2019/05/16 06:25:00",V>>SML_NIL_7C,10179.82073,0,0,"2019/05/16 06:00:26",,"2019/04/23 00:00:00",1,-42.65214
D,P5MIN,CONSTRAINTSOLUTION,6,"2019/05/16 06:05:00",0,"2019/05/16 06:25:00",V>>SML_NIL_8,395.34658,0,0,"2019/05/16 06:00:26",,"2019/05/06 00:00:00",1,-59.28968
D,P5MIN,CONSTRAINTSOLUTION,6,"2019/05/16 06:05:00",0,"2019/05/16 06:25:00",V>>SML_NIL_8_5M,395.34658,0,0,"2019/05/16 06:00:26",,"2019/05/06 00:00:00",1,-59.28968
D,P5MIN,CONSTRAINTSOLUTION,6,"2019/05/16 06:05:00",0,"2019/05/16 06:25:00",V>>SML_NSWRB_11,605.42783,0,0,"2019/05/16 06:00:26",,"2019/05/06 00:00:00",1,-128.55178
D,P5MIN,CONSTRAINTSOLUTION,6,"2019/05/16 06:05:00",0,"2019/05/16 06:25:00",V>>S_NIL_DVBG_DVBR,1261.08388,0,0,"2019/05/16 06:00:26",,"2019/05/14 00:00:00",1,214.33013
D,P5MIN,CONSTRAINTSOLUTION,6,"2019/05/16 06:05:00",0,"2019/05/16 06:25:00",V>>V_NIL1A_R,1284.36874,0,0,"2019/05/16 06:00:26",,"2019/05/06 00:00:00",1,-274.28838
D,P5MIN,CONSTRAINTSOLUTION,6,"2019/05/16 06:05:00",0,"2019/05/16 06:25:00",V>>V_NIL_1A,1994.7063,0,0,"2019/05/16 06:00:26",,"2019/05/06 00:00:00",1,246.88122
D,P5MIN,CONSTRAINTSOLUTION,6,"2019/05/16 06:05:00",0,"2019/05/16 06:25:00",V>>V_NIL_1B,1998.73037,0,0,"2019/05/16 06:00:26",,"2019/05/06 00:00:00",1,246.88122
D,P5MIN,CONSTRAINTSOLUTION,6,"2019/05/16 06:05:00",0,"2019/05/16 06:25:00",V>>V_NIL_2A_R,4913.06396,0,0,"2019/05/16 06:00:26",,"2019/05/06 00:00:00",1,2859.64117
D,P5MIN,CONSTRAINTSOLUTION,6,"2019/05/16 06:05:00",0,"2019/05/16 06:25:00",V>>V_NIL_2B_R,14913.06396,0,0,"2019/05/16 06:00:26",,"2019/05/06 00:00:00",1,2679.86317
D,P5MIN,CONSTRAINTSOLUTION,6,"2019/05/16 06:05:00",0,"2019/05/16 06:25:00",V>>V_NIL_3,2217.85671,0,0,"2019/05/16 06:00:26",,"2019/05/06 00:00:00",1,274.26457
D,P5MIN,CONSTRAINTSOLUTION,6,"2019/05/16 06:05:00",0,"2019/05/16 06:25:00",V>>V_NIL_4A,1310.16296,0,0,"2019/05/16 06:00:26",,"2019/05/06 00:00:00",1,60.42094
D,P5MIN,CONSTRAINTSOLUTION,6,"2019/05/16 06:05:00",0,"2019/05/16 06:25:00",V>>V_NIL_4B,1219.20311,0,0,"2019/05/16 06:00:26",,"2019/05/06 00:00:00",1,60.39897
D,P5MIN,CONSTRAINTSOLUTION,6,"2019/05/16 06:05:00",0,"2019/05/16 06:25:00",V>>V_NIL_4C,841.98687,0,0,"2019/05/16 06:00:26",,"2019/05/06 00:00:00",1,60.45319
D,P5MIN,CONSTRAINTSOLUTION,6,"2019/05/16 06:05:00",0,"2019/05/16 06:25:00",V>>V_NIL_5,902.5344,0,0,"2019/05/16 06:00:26",,"2019/05/06 00:00:00",1,-67.22285
D,P5MIN,CONSTRAINTSOLUTION,6,"2019/05/16 06:05:00",0,"2019/05/16 06:25:00",V>>V_NIL_6,423.38589,0,0,"2019/05/16 06:00:26",,"2019/05/06 00:00:00",1,-58.94671
D,P5MIN,CONSTRAINTSOLUTION,6,"2019/05/16 06:05:00",0,"2019/05/16 06:25:00",V>>V_NIL_6A_R,6371.69,0,0,"2019/05/16 06:00:26",,"2019/05/06 00:00:00",1,3705.33367
D,P5MIN,CONSTRAINTSOLUTION,6,"2019/05/16 06:05:00",0,"2019/05/16 06:25:00",V>>V_NIL_6B_R,16371.69,0,0,"2019/05/16 06:00:26",,"2019/05/06 00:00:00",1,3409.08567
D,P5MIN,CONSTRAINTSOLUTION,6,"2019/05/16 06:05:00",0,"2019/05/16 06:25:00",V>SML_NSWRB_10,504.40543,0,0,"2019/05/16 06:00:26",,"2019/05/06 00:00:00",1,-115.43803
D,P5MIN,CONSTRAINTSOLUTION,6,"2019/05/16 06:05:00",0,"2019/05/16 06:25:00",V>SML_NSWRB_9,351.07181,0,0,"2019/05/16 06:00:26",,"2019/05/06 00:00:00",1,-87.34842
D,P5MIN,CONSTRAINTSOLUTION,6,"2019/05/16 06:05:00",0,"2019/05/16 06:25:00",V>S_NIL_HYSE,742,0,0,"2019/05/16 06:00:26",,"2015/07/02 00:00:00",1,-191.05591
D,P5MIN,CONSTRAINTSOLUTION,6,"2019/05/16 06:05:00",0,"2019/05/16 06:25:00",V>S_NIL_SETX_SETX,124.0081,0,0,"2019/05/16 06:00:26",,"2019/03/14 00:00:00",2,-3.295
D,P5MIN,CONSTRAINTSOLUTION,6,"2019/05/16 06:05:00",0,"2019/05/16 06:25:00",V>V_NIL_13,467.37151,0,0,"2019/05/16 06:00:26",,"2019/01/11 00:00:00",1,0.2361
D,P5MIN,CONSTRAINTSOLUTION,6,"2019/05/16 06:05:00",0,"2019/05/16 06:25:00",V>V_NIL_14,312.52319,0,0,"2019/05/16 06:00:26",,"2019/01/11 00:00:00",1,0.2361
D,P5MIN,CONSTRAINTSOLUTION,6,"2019/05/16 06:05:00",0,"2019/05/16 06:25:00",V>V_NIL_16,10280.21119,0,0,"2019/05/16 06:00:26",,"2019/01/11 00:00:00",1,0.2361
D,P5MIN,CONSTRAINTSOLUTION,6,"2019/05/16 06:05:00",0,"2019/05/16 06:25:00",V>V_NIL_17,10138.13,0,0,"2019/05/16 06:00:26",,"2019/02/28 00:00:00",1,0
D,P5MIN,CONSTRAINTSOLUTION,6,"2019/05/16 06:05:00",0,"2019/05/16 06:25:00",V>V_NIL_6,648.0762,0,0,"2019/05/16 06:00:26",,"2019/04/23 00:00:00",1,6.31222
D,P5MIN,CONSTRAINTSOLUTION,6,"2019/05/16 06:05:00",0,"2019/05/16 06:25:00",V>V_NIL_7,1018.49978,0,0,"2019/05/16 06:00:26",,"2019/01/29 00:00:00",1,0
D,P5MIN,CONSTRAINTSOLUTION,6,"2019/05/16 06:05:00",0,"2019/05/16 06:25:00",V>V_NIL_9,580.02963,0,0,"2019/05/16 06:00:26",,"2019/03/05 00:00:00",1,5.964
D,P5MIN,CONSTRAINTSOLUTION,6,"2019/05/16 06:05:00",0,"2019/05/16 06:25:00",V>V_NIL_RADIAL_10,12366.65977,0,0,"2019/05/16 06:00:26",,"2019/05/06 00:00:00",1,1456
D,P5MIN,CONSTRAINTSOLUTION,6,"2019/05/16 06:05:00",0,"2019/05/16 06:25:00",V>V_NIL_RADIAL_11,2161.48628,0,0,"2019/05/16 06:00:26",,"2019/01/11 00:00:00",1,1076
D,P5MIN,CONSTRAINTSOLUTION,6,"2019/05/16 06:05:00",0,"2019/05/16 06:25:00",VSML_220,220,0,0,"2019/05/16 06:00:26",,"2012/07/04 00:00:00",1,-18
D,P5MIN,CONSTRAINTSOLUTION,6,"2019/05/16 06:05:00",0,"2019/05/16 06:25:00",VSML_ROC_80,62,0,0,"2019/05/16 06:00:26",,"2016/08/23 00:00:00",1,-18
D,P5MIN,CONSTRAINTSOLUTION,6,"2019/05/16 06:05:00",0,"2019/05/16 06:25:00",VSML_VFRB_OFF,240,0,0,"2019/05/16 06:00:26",,"2013/08/21 00:00:00",1,-18
D,P5MIN,CONSTRAINTSOLUTION,6,"2019/05/16 06:05:00",0,"2019/05/16 06:25:00",VTBL_ROC,349.24058,0,0,"2019/05/16 06:00:26",,"2014/01/15 00:00:00",1,135.74387
D,P5MIN,CONSTRAINTSOLUTION,6,"2019/05/16 06:05:00",0,"2019/05/16 06:25:00",V^SML_NIL_3,192.55296,0,0,"2019/05/16 06:00:26",,"2017/04/18 00:00:00",1,-18
D,P5MIN,CONSTRAINTSOLUTION,6,"2019/05/16 06:05:00",0,"2019/05/16 06:25:00",V^SML_NSWRB_2,242.22497,0,0,"2019/05/16 06:00:26",,"2018/08/06 00:00:00",1,-18
D,P5MIN,CONSTRAINTSOLUTION,6,"2019/05/16 06:05:00",0,"2019/05/16 06:25:00",V^S_HYCP,684.04844,0,0,"2019/05/16 06:00:26",,"2016/07/25 00:00:00",1,-191.05591
D,P5MIN,CONSTRAINTSOLUTION,6,"2019/05/16 06:05:00",0,"2019/05/16 06:25:00",V^^N_NIL_1,573.13324,0,0,"2019/05/16 06:00:26",,"2019/05/15 00:00:00",1,-105.08343
D,P5MIN,CONSTRAINTSOLUTION,6,"2019/05/16 06:05:00",0,"2019/05/16 06:25:00",V^^S_NIL_MAXG_1,640.06811,0,0,"2019/05/16 06:00:26",,"2019/02/05 00:00:00",1,-188.45286
D,P5MIN,CONSTRAINTSOLUTION,6,"2019/05/16 06:05:00",0,"2019/05/16 06:25:00",V^^S_NIL_MAXG_2,10000,0,0,"2019/05/16 06:00:26",,"2019/02/05 00:00:00",1,-187.99156
D,P5MIN,CONSTRAINTSOLUTION,6,"2019/05/16 06:05:00",0,"2019/05/16 06:25:00",V^^S_NIL_MAXG_3,10000,0,0,"2019/05/16 06:00:26",,"2019/02/05 00:00:00",1,-188.25516
D,P5MIN,CONSTRAINTSOLUTION,6,"2019/05/16 06:05:00",0,"2019/05/16 06:25:00",V^^S_NIL_MAXG_SECP_1,10000,0,0,"2019/05/16 06:00:26",,"2019/02/11 00:00:00",1,-188.58466
D,P5MIN,CONSTRAINTSOLUTION,6,"2019/05/16 06:05:00",0,"2019/05/16 06:25:00",V^^S_NIL_MAXG_SECP_2,10000,0,0,"2019/05/16 06:00:26",,"2019/02/11 00:00:00",1,-187.99156
D,P5MIN,CONSTRAINTSOLUTION,6,"2019/05/16 06:05:00",0,"2019/05/16 06:25:00",V^^S_NIL_SETB_SECP_1,10000,0,0,"2019/05/16 06:00:26",,"2019/02/11 00:00:00",1,-188.02451
D,P5MIN,CONSTRAINTSOLUTION,6,"2019/05/16 06:05:00",0,"2019/05/16 06:25:00",V^^S_NIL_SETB_SECP_2,10000,0,0,"2019/05/16 06:00:26",,"2019/02/11 00:00:00",1,-187.85976
D,P5MIN,CONSTRAINTSOLUTION,6,"2019/05/16 06:05:00",0,"2019/05/16 06:25:00",V^^S_NIL_TBSE_1,789.40572,0,0,"2019/05/16 06:00:26",,"2019/02/04 00:00:00",1,-188.02451
D,P5MIN,CONSTRAINTSOLUTION,6,"2019/05/16 06:05:00",0,"2019/05/16 06:25:00",V^^S_NIL_TBSE_2,10000,0,0,"2019/05/16 06:00:26",,"2019/02/04 00:00:00",1,-187.85976
D,P5MIN,CONSTRAINTSOLUTION,6,"2019/05/16 06:05:00",0,"2019/05/16 06:25:00",V^^S_TBTX_MAXG,633.69518,0,0,"2019/05/16 06:00:26",,"2019/02/21 00:00:00",1,-188.32106
D,P5MIN,CONSTRAINTSOLUTION,6,"2019/05/16 06:05:00",0,"2019/05/16 06:25:00",V^^S_TBTX_MAXG_2-DS,10000,0,0,"2019/05/16 06:00:26",,"2019/02/21 00:00:00",1,-187.62911
D,P5MIN,CONSTRAINTSOLUTION,6,"2019/05/16 06:05:00",0,"2019/05/16 06:25:00",V^^S_TBTX_SETB,799.40097,0,0,"2019/05/16 06:00:26",,"2019/02/21 00:00:00",1,-187.79386
D,P5MIN,CONSTRAINTSOLUTION,6,"2019/05/16 06:05:00",0,"2019/05/16 06:25:00",V^^S_TBTX_SETB_2-DS,10000,0,0,"2019/05/16 06:00:26",,"2019/02/21 00:00:00",1,-187.59616
D,P5MIN,CONSTRAINTSOLUTION,6,"2019/05/16 06:05:00",0,"2019/05/16 06:25:00",V_GANWR_SF_BAT_50,50.001,0,0,"2019/05/16 06:00:26",,"2019/01/24 00:00:00",1,0
D,P5MIN,CONSTRAINTSOLUTION,6,"2019/05/16 06:05:00",0,"2019/05/16 06:25:00",V_S_NIL_ROCOF,1273.80002,0,0,"2019/05/16 06:00:26",,"2019/01/03 00:00:00",1,-191.05591
D,P5MIN,CONSTRAINTSOLUTION,6,"2019/05/16 06:05:00",0,"2019/05/16 06:25:00",V_T_NIL_BL1,478,0,0,"2019/05/16 06:00:26",,"2014/11/11 00:00:00",1,135.74387
D,P5MIN,CONSTRAINTSOLUTION,6,"2019/05/16 06:05:00",0,"2019/05/16 06:25:00",V_T_NIL_FCSPS,443.3606,0,0,"2019/05/16 06:00:26",,"2016/12/20 00:00:00",1,135.74387
D,P5MIN,CONSTRAINTSOLUTION,6,"2019/05/16 06:05:00",0,"2019/05/16 06:30:00",#R018834_001_RAMP_F,82.24933,0,0,"2019/05/16 06:00:26",,"2019/05/16 00:00:00",1,74.0245
D,P5MIN,CONSTRAINTSOLUTION,6,"2019/05/16 06:05:00",0,"2019/05/16 06:30:00",#R018834_001_RAMP_V,74.0245,-94.92885,0,"2019/05/16 06:00:26",,"2019/05/16 00:00:00",1,74.0245
D,P5MIN,CONSTRAINTSOLUTION,6,"2019/05/16 06:05:00",0,"2019/05/16 06:30:00",#R018836_001_RAMP_F,92,0,0,"2019/05/16 06:00:26",,"2019/05/16 00:00:00",1,-57
D,P5MIN,CONSTRAINTSOLUTION,6,"2019/05/16 06:05:00",0,"2019/05/16 06:30:00",#R018836_001_RAMP_V,92,0,0,"2019/05/16 06:00:26",,"2019/05/16 00:00:00",1,-57
D,P5MIN,CONSTRAINTSOLUTION,6,"2019/05/16 06:05:00",0,"2019/05/16 06:30:00",#R018836_002_RAMP_F,145,0,0,"2019/05/16 06:00:26",,"2019/05/16 00:00:00",1,57
D,P5MIN,CONSTRAINTSOLUTION,6,"2019/05/16 06:05:00",0,"2019/05/16 06:30:00",#R018836_002_RAMP_V,145,0,0,"2019/05/16 06:00:26",,"2019/05/16 00:00:00",1,57
D,P5MIN,CONSTRAINTSOLUTION,6,"2019/05/16 06:05:00",0,"2019/05/16 06:30:00",DATASNAP,10075.237,0,0,"2019/05/16 06:00:26",,"2018/04/13 00:00:00",1,-57
D,P5MIN,CONSTRAINTSOLUTION,6,"2019/05/16 06:05:00",0,"2019/05/16 06:30:00",DATASNAP_DFS_LS,10040.54472,0,0,"2019/05/16 06:00:26",,"2018/04/13 00:00:00",1,-57
D,P5MIN,CONSTRAINTSOLUTION,6,"2019/05/16 06:05:00",0,"2019/05/16 06:30:00",DATASNAP_DFS_NCAN,10422.86758,0,0,"2019/05/16 06:00:26",,"2013/08/21 00:00:00",1,-57
D,P5MIN,CONSTRAINTSOLUTION,6,"2019/05/16 06:05:00",0,"2019/05/16 06:30:00",DATASNAP_DFS_NCWEST,10491.93262,0,0,"2019/05/16 06:00:26",,"2013/08/21 00:00:00",1,-57
D,P5MIN,CONSTRAINTSOLUTION,6,"2019/05/16 06:05:00",0,"2019/05/16 06:30:00",DATASNAP_DFS_NNTH,10429.49515,0,0,"2019/05/16 06:00:26",,"2013/08/21 00:00:00",1,-57
D,P5MIN,CONSTRAINTSOLUTION,6,"2019/05/16 06:05:00",0,"2019/05/16 06:30:00",DATASNAP_DFS_NSYD,13053.99756,0,0,"2019/05/16 06:00:26",,"2013/08/21 00:00:00",1,-57
D,P5MIN,CONSTRAINTSOLUTION,6,"2019/05/16 06:05:00",0,"2019/05/16 06:30:00",DATASNAP_DFS_NTE,10016.5,0,0,"2019/05/16 06:00:26",,"2018/04/13 00:00:00",1,-57
D,P5MIN,CONSTRAINTSOLUTION,6,"2019/05/16 06:05:00",0,"2019/05/16 06:30:00",DATASNAP_DFS_QCEN,10719.8429,0,0,"2019/05/16 06:00:26",,"2013/08/21 00:00:00",1,-57
D,P5MIN,CONSTRAINTSOLUTION,6,"2019/05/16 06:05:00",0,"2019/05/16 06:30:00",DATASNAP_DFS_QCIND,10858.3009,0,0,"2019/05/16 06:00:26",,"2013/08/21 00:00:00",1,-57
D,P5MIN,CONSTRAINTSOLUTION,6,"2019/05/16 06:05:00",0,"2019/05/16 06:30:00",DATASNAP_DFS_QFNQ,10167.22055,0,0,"2019/05/16 06:00:26",,"2013/08/21 00:00:00",1,-57
D,P5MIN,CONSTRAINTSOLUTION,6,"2019/05/16 06:05:00",0,"2019/05/16 06:30:00",DATASNAP_DFS_QNTH,10612.99072,0,0,"2019/05/16 06:00:26",,"2013/08/21 00:00:00",1,-57
D,P5MIN,CONSTRAINTSOLUTION,6,"2019/05/16 06:05:00",0,"2019/05/16 06:30:00",DATASNAP_DFS_QSTHE,11788.17114,0,0,"2019/05/16 06:00:26",,"2013/08/21 00:00:00",1,-57
D,P5MIN,CONSTRAINTSOLUTION,6,"2019/05/16 06:05:00",0,"2019/05/16 06:30:00",DATASNAP_DFS_QSTHW,11721.88648,0,0,"2019/05/16 06:00:26",,"2013/08/21 00:00:00",1,-57
D,P5MIN,CONSTRAINTSOLUTION,6,"2019/05/16 06:05:00",0,"2019/05/16 06:30:00",DATASNAP_DFS_Q_BCCP,10733.14429,0,0,"2019/05/16 06:00:26",,"2015/12/16 00:00:00",1,-57
D,P5MIN,CONSTRAINTSOLUTION,6,"2019/05/16 06:05:00",0,"2019/05/16 06:30:00",DATASNAP_DFS_Q_BCRG,10781.61249,0,0,"2019/05/16 06:00:26",,"2015/12/16 00:00:00",1,-57
D,P5MIN,CONSTRAINTSOLUTION,6,"2019/05/16 06:05:00",0,"2019/05/16 06:30:00",DATASNAP_DFS_Q_CLST,10863.02783,0,0,"2019/05/16 06:00:26",,"2013/08/21 00:00:00",1,-57
D,P5MIN,CONSTRAINTSOLUTION,6,"2019/05/16 06:05:00",0,"2019/05/16 06:30:00",DATASNAP_DFS_Q_CLWU,10862.10803,0,0,"2019/05/16 06:00:26",,"2013/08/21 00:00:00",1,-57
D,P5MIN,CONSTRAINTSOLUTION,6,"2019/05/16 06:05:00",0,"2019/05/16 06:30:00",DATASNAP_DFS_Q_LCCP,10764.94641,0,0,"2019/05/16 06:00:26",,"2015/12/16 00:00:00",1,-57
D,P5MIN,CONSTRAINTSOLUTION,6,"2019/05/16 06:05:00",0,"2019/05/16 06:30:00",DATASNAP_DFS_Q_RGLC,10742.92328,0,0,"2019/05/16 06:00:26",,"2017/10/19 00:00:00",1,-57
D,P5MIN,CONSTRAINTSOLUTION,6,"2019/05/16 06:05:00",0,"2019/05/16 06:30:00",DATASNAP_DFS_Q_TAMR,10315.4393,0,0,"2019/05/16 06:00:26",,"2013/08/21 00:00:00",1,-57
D,P5MIN,CONSTRAINTSOLUTION,6,"2019/05/16 06:05:00",0,"2019/05/16 06:30:00",DATASNAP_DFS_Q_TAMR2,10315.4393,0,0,"2019/05/16 06:00:26",,"2017/10/19 00:00:00",1,-57
D,P5MIN,CONSTRAINTSOLUTION,6,"2019/05/16 06:05:00",0,"2019/05/16 06:30:00",DATASNAP_DFS_SADL,10645.47986,0,0,"2019/05/16 06:00:26",,"2013/08/21 00:00:00",1,-57
D,P5MIN,CONSTRAINTSOLUTION,6,"2019/05/16 06:05:00",0,"2019/05/16 06:30:00",DATASNAP_DFS_SNTH,10222.45367,0,0,"2019/05/16 06:00:26",,"2013/08/21 00:00:00",1,-57
D,P5MIN,CONSTRAINTSOLUTION,6,"2019/05/16 06:05:00",0,"2019/05/16 06:30:00",DATASNAP_DFS_SRIV,10036.63096,0,0,"2019/05/16 06:00:26",,"2013/08/21 00:00:00",1,-57
D,P5MIN,CONSTRAINTSOLUTION,6,"2019/05/16 06:05:00",0,"2019/05/16 06:30:00",DATASNAP_DFS_SSE,10072.76515,0,0,"2019/05/16 06:00:26",,"2013/08/21 00:00:00",1,-57
D,P5MIN,CONSTRAINTSOLUTION,6,"2019/05/16 06:05:00",0,"2019/05/16 06:30:00",DATASNAP_DFS_SWNSW,10683.52637,0,0,"2019/05/16 06:00:26",,"2018/04/13 00:00:00",1,-57
D,P5MIN,CONSTRAINTSOLUTION,6,"2019/05/16 06:05:00",0,"2019/05/16 06:30:00",DATASNAP_DFS_TNTH,10115.55936,0,0,"2019/05/16 06:00:26",,"2013/08/21 00:00:00",1,-57
D,P5MIN,CONSTRAINTSOLUTION,6,"2019/05/16 06:05:00",0,"2019/05/16 06:30:00",DATASNAP_DFS_TNWEST,10136.63858,0,0,"2019/05/16 06:00:26",,"2013/08/21 00:00:00",1,-57
D,P5MIN,CONSTRAINTSOLUTION,6,"2019/05/16 06:05:00",0,"2019/05/16 06:30:00",DATASNAP_DFS_TWCST,10062.04958,0,0,"2019/05/16 06:00:26",,"2013/08/21 00:00:00",1,-57
D,P5MIN,CONSTRAINTSOLUTION,6,"2019/05/16 06:05:00",0,"2019/05/16 06:30:00",DATASNAP_DFS_T_FASH1,10603.84314,0,0,"2019/05/16 06:00:26",,"2016/03/17 00:00:00",1,-57
D,P5MIN,CONSTRAINTSOLUTION,6,"2019/05/16 06:05:00",0,"2019/05/16 06:30:00",DATASNAP_DFS_T_GOCS1,10475.63501,0,0,"2019/05/16 06:00:26",,"2016/03/17 00:00:00",1,-57
D,P5MIN,CONSTRAINTSOLUTION,6,"2019/05/16 06:05:00",0,"2019/05/16 06:30:00",DATASNAP_DFS_T_HAGT1,10460.06867,0,0,"2019/05/16 06:00:26",,"2016/03/17 00:00:00",1,-57
D,P5MIN,CONSTRAINTSOLUTION,6,"2019/05/16 06:05:00",0,"2019/05/16 06:30:00",DATASNAP_DFS_T_PMHA1,10476.4953,0,0,"2019/05/16 06:00:26",,"2016/03/17 00:00:00",1,-57
D,P5MIN,CONSTRAINTSOLUTION,6,"2019/05/16 06:05:00",0,"2019/05/16 06:30:00",DATASNAP_DFS_T_PMHA3,10145.60226,0,0,"2019/05/16 06:00:26",,"2016/03/17 00:00:00",1,-57
D,P5MIN,CONSTRAINTSOLUTION,6,"2019/05/16 06:05:00",0,"2019/05/16 06:30:00",DATASNAP_DFS_T_SHGT,10517.61713,0,0,"2019/05/16 06:00:26",,"2013/08/21 00:00:00",1,-57
D,P5MIN,CONSTRAINTSOLUTION,6,"2019/05/16 06:05:00",0,"2019/05/16 06:30:00",DATASNAP_DFS_T_SHPM,10394.73419,0,0,"2019/05/16 06:00:26",,"2016/03/17 00:00:00",1,-57
D,P5MIN,CONSTRAINTSOLUTION,6,"2019/05/16 06:05:00",0,"2019/05/16 06:30:00",DATASNAP_DFS_T_TATU,10119.94269,0,0,"2019/05/16 06:00:26",,"2013/08/21 00:00:00",1,-57
D,P5MIN,CONSTRAINTSOLUTION,6,"2019/05/16 06:05:00",0,"2019/05/16 06:30:00",DATASNAP_DFS_T_WALE,10145.79652,0,0,"2019/05/16 06:00:26",,"2016/03/17 00:00:00",1,-57
D,P5MIN,CONSTRAINTSOLUTION,6,"2019/05/16 06:05:00",0,"2019/05/16 06:30:00",DATASNAP_DFS_VIC_SG,10717.1673,0,0,"2019/05/16 06:00:26",,"2018/04/13 00:00:00",1,-57
D,P5MIN,CONSTRAINTSOLUTION,6,"2019/05/16 06:05:00",0,"2019/05/16 06:30:00",DATASNAP_DFS_VMEL,13086.47705,0,0,"2019/05/16 06:00:26",,"2013/08/21 00:00:00",1,-57
D,P5MIN,CONSTRAINTSOLUTION,6,"2019/05/16 06:05:00",0,"2019/05/16 06:30:00",DATASNAP_DFS_V_BABE,10437.45743,0,0,"2019/05/16 06:00:26",,"2013/08/21 00:00:00",1,-57
D,P5MIN,CONSTRAINTSOLUTION,6,"2019/05/16 06:05:00",0,"2019/05/16 06:30:00",DATASNAP_PDID_1,10020,0,0,"2019/05/16 06:00:26",,"2018/04/13 00:00:00",1,-57
D,P5MIN,CONSTRAINTSOLUTION,6,"2019/05/16 06:05:00",0,"2019/05/16 06:30:00",DATASNAP_Q::NIL_CS,14327.18566,0,0,"2019/05/16 06:00:26",,"2018/09/17 00:00:00",2,3495.592
D,P5MIN,CONSTRAINTSOLUTION,6,"2019/05/16 06:05:00",0,"2019/05/16 06:30:00",DATASNAP_Q>NIL_BI_FB,10534.11083,0,0,"2019/05/16 06:00:26",,"2018/10/16 00:00:00",1,-57
D,P5MIN,CONSTRAINTSOLUTION,6,"2019/05/16 06:05:00",0,"2019/05/16 06:30:00",DATASNAP_TE_967_1,10016.5,0,0,"2019/05/16 06:00:26",,"2018/04/13 00:00:00",1,-57
D,P5MIN,CONSTRAINTSOLUTION,6,"2019/05/16 06:05:00",0,"2019/05/16 06:30:00",DATASNAP_T_PD_INER,10075.237,0,0,"2019/05/16 06:00:26",,"2018/04/13 00:00:00",1,-57
D,P5MIN,CONSTRAINTSOLUTION,6,"2019/05/16 06:05:00",0,"2019/05/16 06:30:00",DATASNAP_T_PD_INER2,10075.237,0,0,"2019/05/16 06:00:26",,"2018/04/13 00:00:00",1,-57
D,P5MIN,CONSTRAINTSOLUTION,6,"2019/05/16 06:05:00",0,"2019/05/16 06:30:00",DATA_MMS_ALERT1,10274,0,0,"2019/05/16 06:00:26",,"2013/08/21 00:00:00",1,-57
D,P5MIN,CONSTRAINTSOLUTION,6,"2019/05/16 06:05:00",0,"2019/05/16 06:30:00",DSANP_Q^^NIL_TR_CLHA,16660.23696,0,0,"2019/05/16 06:00:26",,"2018/01/10 00:00:00",1,3768.98423
D,P5MIN,CONSTRAINTSOLUTION,6,"2019/05/16 06:05:00",0,"2019/05/16 06:30:00",DSNAP_DFS_V_BABE_5M,10437.45743,0,0,"2019/05/16 06:00:26",,"2014/05/19 00:00:00",1,-57
D,P5MIN,CONSTRAINTSOLUTION,6,"2019/05/16 06:05:00",0,"2019/05/16 06:30:00",DSNAP_DFS_V_BAML,10547.03973,0,0,"2019/05/16 06:00:26",,"2014/05/19 00:00:00",1,-57
D,P5MIN,CONSTRAINTSOLUTION,6,"2019/05/16 06:05:00",0,"2019/05/16 06:30:00",DSNAP_DFS_V_BAML_5M,10612.92407,0,0,"2019/05/16 06:00:26",,"2014/05/19 00:00:00",1,-57
D,P5MIN,CONSTRAINTSOLUTION,6,"2019/05/16 06:05:00",0,"2019/05/16 06:30:00",DSNAP_DFS_V_DDMB,10596.1756,0,0,"2019/05/16 06:00:26",,"2014/05/19 00:00:00",1,-57
D,P5MIN,CONSTRAINTSOLUTION,6,"2019/05/16 06:05:00",0,"2019/05/16 06:30:00",DSNAP_DFS_V_DDMS,11405.73242,0,0,"2019/05/16 06:00:26",,"2019/01/29 00:00:00",1,-57
D,P5MIN,CONSTRAINTSOLUTION,6,"2019/05/16 06:05:00",0,"2019/05/16 06:30:00",DSNAP_DFS_V_DDSM,11177.79468,0,0,"2019/05/16 06:00:26",,"2014/05/19 00:00:00",1,-57
D,P5MIN,CONSTRAINTSOLUTION,6,"2019/05/16 06:05:00",0,"2019/05/16 06:30:00",DSNAP_DFS_V_NIL_3,12185.50633,0,0,"2019/05/16 06:00:26",,"2018/09/03 00:00:00",1,381.41497
D,P5MIN,CONSTRAINTSOLUTION,6,"2019/05/16 06:05:00",0,"2019/05/16 06:30:00",DSNAP_DFS_V_NIL_8,10738.30669,0,0,"2019/05/16 06:00:26",,"2018/09/03 00:00:00",1,-45.76725
D,P5MIN,CONSTRAINTSOLUTION,6,"2019/05/16 06:05:00",0,"2019/05/16 06:30:00",DSNAP_DFS_V_ROYP,10550.91681,0,0,"2019/05/16 06:00:26",,"2014/05/19 00:00:00",1,-57
D,P5MIN,CONSTRAINTSOLUTION,6,"2019/05/16 06:05:00",0,"2019/05/16 06:30:00",DSNAP_Q>>CPGG1_OUT,14080.05938,0,0,"2019/05/16 06:00:26",,"2018/08/24 00:00:00",1,-57
D,P5MIN,CONSTRAINTSOLUTION,6,"2019/05/16 06:05:00",0,"2019/05/16 06:30:00",DSNAP_Q>>GGWU_OUT_1,13036.50807,0,0,"2019/05/16 06:00:26",,"2018/06/27 00:00:00",1,-57
D,P5MIN,CONSTRAINTSOLUTION,6,"2019/05/16 06:05:00",0,"2019/05/16 06:30:00",DSNAP_Q>>GGWU_OUT_2,14059.59442,0,0,"2019/05/16 06:00:26",,"2018/07/19 00:00:00",1,-57
D,P5MIN,CONSTRAINTSOLUTION,6,"2019/05/16 06:05:00",0,"2019/05/16 06:30:00",DSNAP_Q>NIL_TV66,10410.96679,0,0,"2019/05/16 06:00:26",,"2018/08/17 00:00:00",2,0
D,P5MIN,CONSTRAINTSOLUTION,6,"2019/05/16 06:05:00",0,"2019/05/16 06:30:00",DSNAP_QNI_1100_DYN,11100,0,0,"2019/05/16 06:00:26",,"2019/03/11 00:00:00",1,409.81937
D,P5MIN,CONSTRAINTSOLUTION,6,"2019/05/16 06:05:00",0,"2019/05/16 06:30:00",DSNAP_QNI_1150_DYN,11150,0,0,"2019/05/16 06:00:26",,"2019/03/11 00:00:00",1,409.81937
D,P5MIN,CONSTRAINTSOLUTION,6,"2019/05/16 06:05:00",0,"2019/05/16 06:30:00",DSNAP_Q^CN_FDR-180,-10674.29447,0,0,"2019/05/16 06:00:26",,"2018/11/30 00:00:00",2,46.224
D,P5MIN,CONSTRAINTSOLUTION,6,"2019/05/16 06:05:00",0,"2019/05/16 06:30:00",DSNAP_Q^CN_FDR_CO_OP,-10390.35647,0,0,"2019/05/16 06:00:26",,"2018/11/30 00:00:00",2,374.62086
D,P5MIN,CONSTRAINTSOLUTION,6,"2019/05/16 06:05:00",0,"2019/05/16 06:30:00",DSNAP_Q^WOPW_WOSP_O,14070.07281,0,0,"2019/05/16 06:00:26",,"2019/05/01 00:00:00",1,3495.592
D,P5MIN,CONSTRAINTSOLUTION,6,"2019/05/16 06:05:00",0,"2019/05/16 06:30:00",DSNAP_Q^^NIL_SRAR,10973.86409,0,0,"2019/05/16 06:00:26",,"2019/03/29 00:00:00",1,652.22569
D,P5MIN,CONSTRAINTSOLUTION,6,"2019/05/16 06:05:00",0,"2019/05/16 06:30:00",DSNAP_Q^^TR_CLHA,15171.71233,0,0,"2019/05/16 06:00:26",,"2018/01/12 00:00:00",1,2174.88783
D,P5MIN,CONSTRAINTSOLUTION,6,"2019/05/16 06:05:00",0,"2019/05/16 06:30:00",DSNAP_Q^^TR_TRBK,15480.6656,0,0,"2019/05/16 06:00:26",,"2018/01/12 00:00:00",1,2896.86411
D,P5MIN,CONSTRAINTSOLUTION,6,"2019/05/16 06:05:00",0,"2019/05/16 06:30:00",DSNAP_Q^^TR_TRBK_2,16005.87744,0,0,"2019/05/16 06:00:26",,"2018/12/12 00:00:00",1,3814.92368
D,P5MIN,CONSTRAINTSOLUTION,6,"2019/05/16 06:05:00",0,"2019/05/16 06:30:00",DSNAP_Q_TR_2000,14477.1315,0,0,"2019/05/16 06:00:26",,"2018/12/24 00:00:00",1,4520.53034
D,P5MIN,CONSTRAINTSOLUTION,6,"2019/05/16 06:05:00",0,"2019/05/16 06:30:00",DSNAP_S:VS_650_DYN,10650,0,0,"2019/05/16 06:00:26",,"2019/03/11 00:00:00",1,184.84699
D,P5MIN,CONSTRAINTSOLUTION,6,"2019/05/16 06:05:00",0,"2019/05/16 06:30:00",DSNAP_S:VS_700_DYN,10700,0,0,"2019/05/16 06:00:26",,"2019/03/11 00:00:00",1,184.84699
D,P5MIN,CONSTRAINTSOLUTION,6,"2019/05/16 06:05:00",0,"2019/05/16 06:30:00",DSNAP_S:V_500_DYN,10500,0,0,"2019/05/16 06:00:26",,"2019/03/11 00:00:00",1,166.84699
D,P5MIN,CONSTRAINTSOLUTION,6,"2019/05/16 06:05:00",0,"2019/05/16 06:30:00",DSNAP_S:V_550_DYN,10550,0,0,"2019/05/16 06:00:26",,"2019/03/11 00:00:00",1,166.84699
D,P5MIN,CONSTRAINTSOLUTION,6,"2019/05/16 06:05:00",0,"2019/05/16 06:30:00",DSNAP_S>V_460_DYN,10460,0,0,"2019/05/16 06:00:26",,"2019/03/11 00:00:00",1,166.84699
D,P5MIN,CONSTRAINTSOLUTION,6,"2019/05/16 06:05:00",0,"2019/05/16 06:30:00",DSNAP_SA_UNITS_ON,10010,0,0,"2019/05/16 06:00:26",,"2016/05/16 00:00:00",1,-57
D,P5MIN,CONSTRAINTSOLUTION,6,"2019/05/16 06:05:00",0,"2019/05/16 06:30:00",DSNAP_SNIL_1,10660.07794,0,0,"2019/05/16 06:00:26",,"2016/04/11 00:00:00",1,164.55667
D,P5MIN,CONSTRAINTSOLUTION,6,"2019/05/16 06:05:00",0,"2019/05/16 06:30:00",DSNAP_SNIL_2,10669.33769,0,0,"2019/05/16 06:00:26",,"2016/04/11 00:00:00",1,-164.46124
D,P5MIN,CONSTRAINTSOLUTION,6,"2019/05/16 06:05:00",0,"2019/05/16 06:30:00",DSNAP_SNIL_3,20642.37727,0,0,"2019/05/16 06:00:26",,"2016/04/11 00:00:00",1,-163.92047
D,P5MIN,CONSTRAINTSOLUTION,6,"2019/05/16 06:05:00",0,"2019/05/16 06:30:00",DSNAP_SNIL_4,20725.30827,0,0,"2019/05/16 06:00:26",,"2016/04/11 00:00:00",1,-163.63418
D,P5MIN,CONSTRAINTSOLUTION,6,"2019/05/16 06:05:00",0,"2019/05/16 06:30:00",DSNAP_SNIL_5,10639.99873,0,0,"2019/05/16 06:00:26",,"2016/04/11 00:00:00",1,-164.334
D,P5MIN,CONSTRAINTSOLUTION,6,"2019/05/16 06:05:00",0,"2019/05/16 06:30:00",DSNAP_SNIL_6,10776.51438,0,0,"2019/05/16 06:00:26",,"2016/04/11 00:00:00",1,-163.63418
D,P5MIN,CONSTRAINTSOLUTION,6,"2019/05/16 06:05:00",0,"2019/05/16 06:30:00",DSNAP_SNIL_7,20580.56813,0,0,"2019/05/16 06:00:26",,"2016/04/11 00:00:00",1,-164.46124
D,P5MIN,CONSTRAINTSOLUTION,6,"2019/05/16 06:05:00",0,"2019/05/16 06:30:00",DSNAP_SNIL_8,20764.30753,0,0,"2019/05/16 06:00:26",,"2016/04/11 00:00:00",1,-163.92047
D,P5MIN,CONSTRAINTSOLUTION,6,"2019/05/16 06:05:00",0,"2019/05/16 06:30:00",DSNAP_SNIL_9,10789.40572,0,0,"2019/05/16 06:00:26",,"2016/04/11 00:00:00",1,-163.92047
D,P5MIN,CONSTRAINTSOLUTION,6,"2019/05/16 06:05:00",0,"2019/05/16 06:30:00",DSNAP_SNIL_TBTU_TBMO,10230.34592,0,0,"2019/05/16 06:00:26",,"2015/06/29 00:00:00",2,-57
D,P5MIN,CONSTRAINTSOLUTION,6,"2019/05/16 06:05:00",0,"2019/05/16 06:30:00",DSNAP_SV_250_DYN,10250,0,0,"2019/05/16 06:00:26",,"2019/03/11 00:00:00",1,166.84699
D,P5MIN,CONSTRAINTSOLUTION,6,"2019/05/16 06:05:00",0,"2019/05/16 06:30:00",DSNAP_S_NOTI_NOTI_3,10139.494,0,0,"2019/05/16 06:00:26",,"2014/02/24 00:00:00",1,-57
D,P5MIN,CONSTRAINTSOLUTION,6,"2019/05/16 06:05:00",0,"2019/05/16 06:30:00",DSNAP_S_SETX_SETX,10293.83596,0,0,"2019/05/16 06:00:26",,"2014/02/17 00:00:00",1,-57
D,P5MIN,CONSTRAINTSOLUTION,6,"2019/05/16 06:05:00",0,"2019/05/16 06:30:00",DSNAP_S_V_000_DYN,9975,0,0,"2019/05/16 06:00:26",,"2019/03/11 00:00:00",1,166.84699
D,P5MIN,CONSTRAINTSOLUTION,6,"2019/05/16 06:05:00",0,"2019/05/16 06:30:00",DSNAP_T_NIL_BL_6,10136.98055,0,0,"2019/05/16 06:00:26",,"2017/07/21 00:00:00",1,-128.73892
D,P5MIN,CONSTRAINTSOLUTION,6,"2019/05/16 06:05:00",0,"2019/05/16 06:30:00",DSNAP_V:SS_650_DYN,10650,0,0,"2019/05/16 06:00:26",,"2019/03/11 00:00:00",1,-184.84699
D,P5MIN,CONSTRAINTSOLUTION,6,"2019/05/16 06:05:00",0,"2019/05/16 06:30:00",DSNAP_V:SS_720_DYN,10720,0,0,"2019/05/16 06:00:26",,"2019/03/11 00:00:00",1,-184.84699
D,P5MIN,CONSTRAINTSOLUTION,6,"2019/05/16 06:05:00",0,"2019/05/16 06:30:00",DSNAP_V:SS_790_DYN,10790,0,0,"2019/05/16 06:00:26",,"2019/03/11 00:00:00",1,-184.84699
D,P5MIN,CONSTRAINTSOLUTION,6,"2019/05/16 06:05:00",0,"2019/05/16 06:30:00",DSNAP_V:SS_820_DYN,10820,0,0,"2019/05/16 06:00:26",,"2019/03/11 00:00:00",1,-184.84699
D,P5MIN,CONSTRAINTSOLUTION,6,"2019/05/16 06:05:00",0,"2019/05/16 06:30:00",DSNAP_V:SS_850_DYN,10850,0,0,"2019/05/16 06:00:26",,"2019/03/11 00:00:00",1,-184.84699
D,P5MIN,CONSTRAINTSOLUTION,6,"2019/05/16 06:05:00",0,"2019/05/16 06:30:00",DSNAP_V:SS_870_DYN,10870,0,0,"2019/05/16 06:00:26",,"2019/03/11 00:00:00",1,-184.84699
D,P5MIN,CONSTRAINTSOLUTION,6,"2019/05/16 06:05:00",0,"2019/05/16 06:30:00",DSNAP_V:S_500_DYN,10500,0,0,"2019/05/16 06:00:26",,"2019/03/11 00:00:00",1,-166.84699
D,P5MIN,CONSTRAINTSOLUTION,6,"2019/05/16 06:05:00",0,"2019/05/16 06:30:00",DSNAP_V:S_570_DYN,10570,0,0,"2019/05/16 06:00:26",,"2019/03/11 00:00:00",1,-166.84699
D,P5MIN,CONSTRAINTSOLUTION,6,"2019/05/16 06:05:00",0,"2019/05/16 06:30:00",DSNAP_V:S_600_DYN,10600,0,0,"2019/05/16 06:00:26",,"2019/03/11 00:00:00",1,-166.84699
D,P5MIN,CONSTRAINTSOLUTION,6,"2019/05/16 06:05:00",0,"2019/05/16 06:30:00",DSNAP_V:S_650_DYN,10650,0,0,"2019/05/16 06:00:26",,"2019/03/11 00:00:00",1,-166.84699
D,P5MIN,CONSTRAINTSOLUTION,6,"2019/05/16 06:05:00",0,"2019/05/16 06:30:00",DSNAP_V>>V_NIL_1A,11995.52917,0,0,"2019/05/16 06:00:26",,"2019/01/29 00:00:00",1,310.5256
D,P5MIN,CONSTRAINTSOLUTION,6,"2019/05/16 06:05:00",0,"2019/05/16 06:30:00",DSNAP_V>>V_NIL_1C,11951.49717,0,0,"2019/05/16 06:00:26",,"2019/01/23 00:00:00",1,310.5256
D,P5MIN,CONSTRAINTSOLUTION,6,"2019/05/16 06:05:00",0,"2019/05/16 06:30:00",DSNAP_V>>V_NIL_1D,11954.79918,0,0,"2019/05/16 06:00:26",,"2019/01/23 00:00:00",1,310.5256
D,P5MIN,CONSTRAINTSOLUTION,6,"2019/05/16 06:05:00",0,"2019/05/16 06:30:00",DSNAP_V>S_460_DYN,10460,0,0,"2019/05/16 06:00:26",,"2019/03/11 00:00:00",1,-166.84699
D,P5MIN,CONSTRAINTSOLUTION,6,"2019/05/16 06:05:00",0,"2019/05/16 06:30:00",DSNAP_V>V_NIL_7,11018.49978,0,0,"2019/05/16 06:00:26",,"2019/01/24 00:00:00",1,0
D,P5MIN,CONSTRAINTSOLUTION,6,"2019/05/16 06:05:00",0,"2019/05/16 06:30:00",DSNAP_VS_250_DYN,10250,0,0,"2019/05/16 06:00:26",,"2019/03/11 00:00:00",1,-166.84699
D,P5MIN,CONSTRAINTSOLUTION,6,"2019/05/16 06:05:00",0,"2019/05/16 06:30:00",F_I+LREG_0120,120,0,0,"2019/05/16 06:00:26",,"2013/08/21 00:00:00",1,190
D,P5MIN,CONSTRAINTSOLUTION,6,"2019/05/16 06:05:00",0,"2019/05/16 06:30:00",F_I+LREG_0190,190,12.31,0,"2019/05/16 06:00:26",,"2019/04/16 00:00:00",1,190
D,P5MIN,CONSTRAINTSOLUTION,6,"2019/05/16 06:05:00",0,"2019/05/16 06:30:00",F_I+ML_L5_0400,302.2668,0,0,"2019/05/16 06:00:26",,"2013/08/21 00:00:00",1,395.57
D,P5MIN,CONSTRAINTSOLUTION,6,"2019/05/16 06:05:00",0,"2019/05/16 06:30:00",F_I+ML_L60_0400,37.32,0,0,"2019/05/16 06:00:26",,"2013/08/21 00:00:00",1,130.62
D,P5MIN,CONSTRAINTSOLUTION,6,"2019/05/16 06:05:00",0,"2019/05/16 06:30:00",F_I+ML_L6_0400,37.32,0,0,"2019/05/16 06:00:26",,"2013/08/21 00:00:00",1,37.32
D,P5MIN,CONSTRAINTSOLUTION,6,"2019/05/16 06:05:00",0,"2019/05/16 06:30:00",F_I+NIL_APD_TL_L5,395.56679,0.19,0,"2019/05/16 06:00:26",,"2014/03/03 00:00:00",1,395.57
D,P5MIN,CONSTRAINTSOLUTION,6,"2019/05/16 06:05:00",0,"2019/05/16 06:30:00",F_I+NIL_APD_TL_L6,-182.85647,0,0,"2019/05/16 06:00:26",,"2014/03/03 00:00:00",1,37.32
D,P5MIN,CONSTRAINTSOLUTION,6,"2019/05/16 06:05:00",0,"2019/05/16 06:30:00",F_I+NIL_APD_TL_L60,130.61999,0.05,0,"2019/05/16 06:00:26",,"2014/03/03 00:00:00",1,130.62
D,P5MIN,CONSTRAINTSOLUTION,6,"2019/05/16 06:05:00",0,"2019/05/16 06:30:00",F_I+NIL_BB_TG_R5,-97.7332,0,0,"2019/05/16 06:00:26",,"2013/08/21 00:00:00",1,652.17
D,P5MIN,CONSTRAINTSOLUTION,6,"2019/05/16 06:05:00",0,"2019/05/16 06:30:00",F_I+NIL_BB_TG_R6,-676.15646,0,0,"2019/05/16 06:00:26",,"2013/08/21 00:00:00",1,408.51
D,P5MIN,CONSTRAINTSOLUTION,6,"2019/05/16 06:05:00",0,"2019/05/16 06:30:00",F_I+NIL_BB_TG_R60,-362.68,0,0,"2019/05/16 06:00:26",,"2013/08/21 00:00:00",1,423.93
D,P5MIN,CONSTRAINTSOLUTION,6,"2019/05/16 06:05:00",0,"2019/05/16 06:30:00",F_I+NIL_MG_R5,652.17227,1.98,0,"2019/05/16 06:00:26",,"2013/08/21 00:00:00",1,652.17
D,P5MIN,CONSTRAINTSOLUTION,6,"2019/05/16 06:05:00",0,"2019/05/16 06:30:00",F_I+NIL_MG_R6,387.32,0,0,"2019/05/16 06:00:26",,"2013/08/21 00:00:00",1,408.51
D,P5MIN,CONSTRAINTSOLUTION,6,"2019/05/16 06:05:00",0,"2019/05/16 06:30:00",F_I+NIL_MG_R60,387.32,0,0,"2019/05/16 06:00:26",,"2013/08/21 00:00:00",1,423.93
D,P5MIN,CONSTRAINTSOLUTION,6,"2019/05/16 06:05:00",0,"2019/05/16 06:30:00",F_I+NIL_RREG,130,0,0,"2019/05/16 06:00:26",,"2018/12/12 00:00:00",1,200
D,P5MIN,CONSTRAINTSOLUTION,6,"2019/05/16 06:05:00",0,"2019/05/16 06:30:00",F_I+NIL_WF_TG_R5,-78.34063,0,0,"2019/05/16 06:00:26",,"2013/08/21 00:00:00",1,652.17
D,P5MIN,CONSTRAINTSOLUTION,6,"2019/05/16 06:05:00",0,"2019/05/16 06:30:00",F_I+NIL_WF_TG_R6,-676.15646,0,0,"2019/05/16 06:00:26",,"2013/08/21 00:00:00",1,408.51
D,P5MIN,CONSTRAINTSOLUTION,6,"2019/05/16 06:05:00",0,"2019/05/16 06:30:00",F_I+NIL_WF_TG_R60,-362.68,0,0,"2019/05/16 06:00:26",,"2013/08/21 00:00:00",1,423.93
D,P5MIN,CONSTRAINTSOLUTION,6,"2019/05/16 06:05:00",0,"2019/05/16 06:30:00",F_I+RREG_0200,200,12.5,0,"2019/05/16 06:00:26",,"2013/08/21 00:00:00",1,200
D,P5MIN,CONSTRAINTSOLUTION,6,"2019/05/16 06:05:00",0,"2019/05/16 06:30:00",F_I+WIP_N-2_ML_L5,-97.7332,0,0,"2019/05/16 06:00:26",,"2017/05/16 00:00:00",1,395.57
D,P5MIN,CONSTRAINTSOLUTION,6,"2019/05/16 06:05:00",0,"2019/05/16 06:30:00",F_I+WIP_N-2_ML_L6,-362.68,0,0,"2019/05/16 06:00:26",,"2017/05/16 00:00:00",1,37.32
D,P5MIN,CONSTRAINTSOLUTION,6,"2019/05/16 06:05:00",0,"2019/05/16 06:30:00",F_I+WIP_N-2_ML_L60,-362.68,0,0,"2019/05/16 06:00:26",,"2017/05/16 00:00:00",1,130.62
D,P5MIN,CONSTRAINTSOLUTION,6,"2019/05/16 06:05:00",0,"2019/05/16 06:30:00",F_I+WIV_N-2_MG_R5,-97.82773,0,0,"2019/05/16 06:00:26",,"2017/05/16 00:00:00",1,652.17
D,P5MIN,CONSTRAINTSOLUTION,6,"2019/05/16 06:05:00",0,"2019/05/16 06:30:00",F_I+WIV_N-2_MG_R6,-362.68,0,0,"2019/05/16 06:00:26",,"2017/05/16 00:00:00",1,408.51
D,P5MIN,CONSTRAINTSOLUTION,6,"2019/05/16 06:05:00",0,"2019/05/16 06:30:00",F_I+WIV_N-2_MG_R60,-362.68,0,0,"2019/05/16 06:00:26",,"2017/05/16 00:00:00",1,423.93
D,P5MIN,CONSTRAINTSOLUTION,6,"2019/05/16 06:05:00",0,"2019/05/16 06:30:00",F_MAIN++APD_TL_L5,-78.74295,0,0,"2019/05/16 06:00:26",,"2014/03/03 00:00:00",1,175.88742
D,P5MIN,CONSTRAINTSOLUTION,6,"2019/05/16 06:05:00",0,"2019/05/16 06:30:00",F_MAIN++APD_TL_L6,-611.65292,0,0,"2019/05/16 06:00:26",,"2014/03/03 00:00:00",1,-102.36258
D,P5MIN,CONSTRAINTSOLUTION,6,"2019/05/16 06:05:00",0,"2019/05/16 06:30:00",F_MAIN++APD_TL_L60,-298.17647,0,0,"2019/05/16 06:00:26",,"2014/03/03 00:00:00",1,-25.14258
D,P5MIN,CONSTRAINTSOLUTION,6,"2019/05/16 06:05:00",0,"2019/05/16 06:30:00",F_MAIN++LREG_0120,-358,0,0,"2019/05/16 06:00:26",,"2013/08/21 00:00:00",1,0.31742
D,P5MIN,CONSTRAINTSOLUTION,6,"2019/05/16 06:05:00",0,"2019/05/16 06:30:00",F_MAIN++LREG_0190,-288,0,0,"2019/05/16 06:00:26",,"2019/04/16 00:00:00",1,0.31742
D,P5MIN,CONSTRAINTSOLUTION,6,"2019/05/16 06:05:00",0,"2019/05/16 06:30:00",F_MAIN++ML_L5_0400,-172.04294,0,0,"2019/05/16 06:00:26",,"2013/08/21 00:00:00",1,175.88742
D,P5MIN,CONSTRAINTSOLUTION,6,"2019/05/16 06:05:00",0,"2019/05/16 06:30:00",F_MAIN++ML_L60_0400,-391.47646,0,0,"2019/05/16 06:00:26",,"2013/08/21 00:00:00",1,-25.14258
D,P5MIN,CONSTRAINTSOLUTION,6,"2019/05/16 06:05:00",0,"2019/05/16 06:30:00",F_MAIN++ML_L6_0400,-391.47646,0,0,"2019/05/16 06:00:26",,"2013/08/21 00:00:00",1,-102.36258
D,P5MIN,CONSTRAINTSOLUTION,6,"2019/05/16 06:05:00",0,"2019/05/16 06:30:00",F_MAIN++NIL_BL_L5,-224.04294,0,0,"2019/05/16 06:00:26",,"2013/08/21 00:00:00",1,175.88742
D,P5MIN,CONSTRAINTSOLUTION,6,"2019/05/16 06:05:00",0,"2019/05/16 06:30:00",F_MAIN++NIL_BL_L6,-626.95291,0,0,"2019/05/16 06:00:26",,"2013/08/21 00:00:00",1,-102.36258
D,P5MIN,CONSTRAINTSOLUTION,6,"2019/05/16 06:05:00",0,"2019/05/16 06:30:00",F_MAIN++NIL_BL_L60,-313.47646,0,0,"2019/05/16 06:00:26",,"2013/08/21 00:00:00",1,-25.14258
D,P5MIN,CONSTRAINTSOLUTION,6,"2019/05/16 06:05:00",0,"2019/05/16 06:30:00",F_MAIN++NIL_BL_R5,-10224.04294,0,0,"2019/05/16 06:00:26",,"2013/08/21 00:00:00",1,728.28258
D,P5MIN,CONSTRAINTSOLUTION,6,"2019/05/16 06:05:00",0,"2019/05/16 06:30:00",F_MAIN++NIL_BL_R6,-10626.95291,0,0,"2019/05/16 06:00:26",,"2013/08/21 00:00:00",1,486.52258
D,P5MIN,CONSTRAINTSOLUTION,6,"2019/05/16 06:05:00",0,"2019/05/16 06:30:00",F_MAIN++NIL_BL_R60,-10313.47646,0,0,"2019/05/16 06:00:26",,"2013/08/21 00:00:00",1,486.52258
D,P5MIN,CONSTRAINTSOLUTION,6,"2019/05/16 06:05:00",0,"2019/05/16 06:30:00",F_MAIN++NIL_MG_R5,705.95706,0,0,"2019/05/16 06:00:26",,"2013/08/21 00:00:00",1,728.28258
D,P5MIN,CONSTRAINTSOLUTION,6,"2019/05/16 06:05:00",0,"2019/05/16 06:30:00",F_MAIN++NIL_MG_R6,486.52355,5,0,"2019/05/16 06:00:26",,"2013/08/21 00:00:00",1,486.52258
D,P5MIN,CONSTRAINTSOLUTION,6,"2019/05/16 06:05:00",0,"2019/05/16 06:30:00",F_MAIN++NIL_MG_R60,486.52355,5,0,"2019/05/16 06:00:26",,"2013/08/21 00:00:00",1,486.52258
D,P5MIN,CONSTRAINTSOLUTION,6,"2019/05/16 06:05:00",0,"2019/05/16 06:30:00",F_MAIN++NIL_RREG,180,0,0,"2019/05/16 06:00:26",,"2018/12/12 00:00:00",1,289.68258
D,P5MIN,CONSTRAINTSOLUTION,6,"2019/05/16 06:05:00",0,"2019/05/16 06:30:00",F_MAIN++RREG_0200,250,0,0,"2019/05/16 06:00:26",,"2013/08/21 00:00:00",1,289.68258
D,P5MIN,CONSTRAINTSOLUTION,6,"2019/05/16 06:05:00",0,"2019/05/16 06:30:00",F_MAIN++WIPN-2_MLL60,-791.47646,0,0,"2019/05/16 06:00:26",,"2017/05/16 00:00:00",1,-25.14258
D,P5MIN,CONSTRAINTSOLUTION,6,"2019/05/16 06:05:00",0,"2019/05/16 06:30:00",F_MAIN++WIP_N-2_MLL5,-572.04294,0,0,"2019/05/16 06:00:26",,"2017/05/16 00:00:00",1,175.88742
D,P5MIN,CONSTRAINTSOLUTION,6,"2019/05/16 06:05:00",0,"2019/05/16 06:30:00",F_MAIN++WIP_N-2_MLL6,-791.47646,0,0,"2019/05/16 06:00:26",,"2017/05/16 00:00:00",1,-102.36258
D,P5MIN,CONSTRAINTSOLUTION,6,"2019/05/16 06:05:00",0,"2019/05/16 06:30:00",F_MAIN++WIVN-2_MGR60,-263.47646,0,0,"2019/05/16 06:00:26",,"2017/05/16 00:00:00",1,486.52258
D,P5MIN,CONSTRAINTSOLUTION,6,"2019/05/16 06:05:00",0,"2019/05/16 06:30:00",F_MAIN++WIV_N-2_MGR5,-44.04294,0,0,"2019/05/16 06:00:26",,"2017/05/16 00:00:00",1,728.28258
D,P5MIN,CONSTRAINTSOLUTION,6,"2019/05/16 06:05:00",0,"2019/05/16 06:30:00",F_MAIN++WIV_N-2_MGR6,-263.47646,0,0,"2019/05/16 06:00:26",,"2017/05/16 00:00:00",1,486.52258
D,P5MIN,CONSTRAINTSOLUTION,6,"2019/05/16 06:05:00",0,"2019/05/16 06:30:00",F_MAIN+APD_TL_L5,-9600.74295,0,0,"2019/05/16 06:00:26",,"2014/03/03 00:00:00",1,315.57
D,P5MIN,CONSTRAINTSOLUTION,6,"2019/05/16 06:05:00",0,"2019/05/16 06:30:00",F_MAIN+APD_TL_L6,-10133.65292,0,0,"2019/05/16 06:00:26",,"2014/03/03 00:00:00",1,37.32
D,P5MIN,CONSTRAINTSOLUTION,6,"2019/05/16 06:05:00",0,"2019/05/16 06:30:00",F_MAIN+APD_TL_L60,-9820.17647,0,0,"2019/05/16 06:00:26",,"2014/03/03 00:00:00",1,114.54
D,P5MIN,CONSTRAINTSOLUTION,6,"2019/05/16 06:05:00",0,"2019/05/16 06:30:00",F_MAIN+BLFCTRL_L5,-25.44784,0,0,"2019/05/16 06:00:26",,"2014/07/01 00:00:00",1,315.57
D,P5MIN,CONSTRAINTSOLUTION,6,"2019/05/16 06:05:00",0,"2019/05/16 06:30:00",F_MAIN+BLFCTRL_L6,-244.88136,0,0,"2019/05/16 06:00:26",,"2014/07/01 00:00:00",1,37.32
D,P5MIN,CONSTRAINTSOLUTION,6,"2019/05/16 06:05:00",0,"2019/05/16 06:30:00",F_MAIN+BLFCTRL_L60,-244.88136,0,0,"2019/05/16 06:00:26",,"2014/07/01 00:00:00",1,114.54
D,P5MIN,CONSTRAINTSOLUTION,6,"2019/05/16 06:05:00",0,"2019/05/16 06:30:00",F_MAIN+BLFCTRL_R5,55.95706,0,0,"2019/05/16 06:00:26",,"2014/07/01 00:00:00",1,588.6
D,P5MIN,CONSTRAINTSOLUTION,6,"2019/05/16 06:05:00",0,"2019/05/16 06:30:00",F_MAIN+BLFCTRL_R6,-163.47646,0,0,"2019/05/16 06:00:26",,"2014/07/01 00:00:00",1,346.84
D,P5MIN,CONSTRAINTSOLUTION,6,"2019/05/16 06:05:00",0,"2019/05/16 06:30:00",F_MAIN+BLFCTRL_R60,-163.47646,0,0,"2019/05/16 06:00:26",,"2014/07/01 00:00:00",1,346.84
D,P5MIN,CONSTRAINTSOLUTION,6,"2019/05/16 06:05:00",0,"2019/05/16 06:30:00",F_MAIN+LREG_0120,-9880,0,0,"2019/05/16 06:00:26",,"2013/08/21 00:00:00",1,140
D,P5MIN,CONSTRAINTSOLUTION,6,"2019/05/16 06:05:00",0,"2019/05/16 06:30:00",F_MAIN+LREG_0190,-9810,0,0,"2019/05/16 06:00:26",,"2019/04/16 00:00:00",1,140
D,P5MIN,CONSTRAINTSOLUTION,6,"2019/05/16 06:05:00",0,"2019/05/16 06:30:00",F_MAIN+ML_L5_0400,-9694.04294,0,0,"2019/05/16 06:00:26",,"2013/08/21 00:00:00",1,315.57
D,P5MIN,CONSTRAINTSOLUTION,6,"2019/05/16 06:05:00",0,"2019/05/16 06:30:00",F_MAIN+ML_L60_0400,-9913.47646,0,0,"2019/05/16 06:00:26",,"2013/08/21 00:00:00",1,114.54
D,P5MIN,CONSTRAINTSOLUTION,6,"2019/05/16 06:05:00",0,"2019/05/16 06:30:00",F_MAIN+ML_L6_0400,-9913.47646,0,0,"2019/05/16 06:00:26",,"2013/08/21 00:00:00",1,37.32
D,P5MIN,CONSTRAINTSOLUTION,6,"2019/05/16 06:05:00",0,"2019/05/16 06:30:00",F_MAIN+NIL_DYN_LREG,0,0,0,"2019/05/16 06:00:26",,"2019/03/22 00:00:00",2,140
D,P5MIN,CONSTRAINTSOLUTION,6,"2019/05/16 06:05:00",0,"2019/05/16 06:30:00",F_MAIN+NIL_DYN_RREG,0,0,0,"2019/05/16 06:00:26",,"2019/03/22 00:00:00",2,150
D,P5MIN,CONSTRAINTSOLUTION,6,"2019/05/16 06:05:00",0,"2019/05/16 06:30:00",F_MAIN+NIL_MG_R5,-9344.04294,0,0,"2019/05/16 06:00:26",,"2013/08/21 00:00:00",1,588.6
D,P5MIN,CONSTRAINTSOLUTION,6,"2019/05/16 06:05:00",0,"2019/05/16 06:30:00",F_MAIN+NIL_MG_R6,-9563.47646,0,0,"2019/05/16 06:00:26",,"2013/08/21 00:00:00",1,346.84
D,P5MIN,CONSTRAINTSOLUTION,6,"2019/05/16 06:05:00",0,"2019/05/16 06:30:00",F_MAIN+NIL_MG_R60,-9563.47646,0,0,"2019/05/16 06:00:26",,"2013/08/21 00:00:00",1,346.84
D,P5MIN,CONSTRAINTSOLUTION,6,"2019/05/16 06:05:00",0,"2019/05/16 06:30:00",F_MAIN+NIL_RREG,-9870,0,0,"2019/05/16 06:00:26",,"2018/12/12 00:00:00",1,150
D,P5MIN,CONSTRAINTSOLUTION,6,"2019/05/16 06:05:00",0,"2019/05/16 06:30:00",F_MAIN+RREG_0200,-9800,0,0,"2019/05/16 06:00:26",,"2013/08/21 00:00:00",1,150
D,P5MIN,CONSTRAINTSOLUTION,6,"2019/05/16 06:05:00",0,"2019/05/16 06:30:00",F_MAIN+TASCAP_LREG,70,0,0,"2019/05/16 06:00:26",,"2019/01/11 00:00:00",1,140
D,P5MIN,CONSTRAINTSOLUTION,6,"2019/05/16 06:05:00",0,"2019/05/16 06:30:00",F_MAIN+TASCAP_RREG,80,0,0,"2019/05/16 06:00:26",,"2019/01/11 00:00:00",1,150
D,P5MIN,CONSTRAINTSOLUTION,6,"2019/05/16 06:05:00",0,"2019/05/16 06:30:00",F_MAIN+WIP_N-2_MLL60,-10313.47646,0,0,"2019/05/16 06:00:26",,"2017/05/16 00:00:00",1,114.54
D,P5MIN,CONSTRAINTSOLUTION,6,"2019/05/16 06:05:00",0,"2019/05/16 06:30:00",F_MAIN+WIP_N-2_ML_L5,-10094.04294,0,0,"2019/05/16 06:00:26",,"2017/05/16 00:00:00",1,315.57
D,P5MIN,CONSTRAINTSOLUTION,6,"2019/05/16 06:05:00",0,"2019/05/16 06:30:00",F_MAIN+WIP_N-2_ML_L6,-10313.47646,0,0,"2019/05/16 06:00:26",,"2017/05/16 00:00:00",1,37.32
D,P5MIN,CONSTRAINTSOLUTION,6,"2019/05/16 06:05:00",0,"2019/05/16 06:30:00",F_MAIN+WIV_N-2_MGR60,-10313.47646,0,0,"2019/05/16 06:00:26",,"2017/05/16 00:00:00",1,346.84
D,P5MIN,CONSTRAINTSOLUTION,6,"2019/05/16 06:05:00",0,"2019/05/16 06:30:00",F_MAIN+WIV_N-2_MG_R5,-10094.04294,0,0,"2019/05/16 06:00:26",,"2017/05/16 00:00:00",1,588.6
D,P5MIN,CONSTRAINTSOLUTION,6,"2019/05/16 06:05:00",0,"2019/05/16 06:30:00",F_MAIN+WIV_N-2_MG_R6,-10313.47646,0,0,"2019/05/16 06:00:26",,"2017/05/16 00:00:00",1,346.84
D,P5MIN,CONSTRAINTSOLUTION,6,"2019/05/16 06:05:00",0,"2019/05/16 06:30:00",F_Q++NIL_R5,1360,0,0,"2019/05/16 06:00:26",,"2013/10/02 00:00:00",1,535.81937
D,P5MIN,CONSTRAINTSOLUTION,6,"2019/05/16 06:05:00",0,"2019/05/16 06:30:00",F_Q++NIL_R6,1360,0,0,"2019/05/16 06:00:26",,"2013/10/02 00:00:00",1,458.81937
D,P5MIN,CONSTRAINTSOLUTION,6,"2019/05/16 06:05:00",0,"2019/05/16 06:30:00",F_Q++NIL_R60,1360,0,0,"2019/05/16 06:00:26",,"2013/10/02 00:00:00",1,457.81937
D,P5MIN,CONSTRAINTSOLUTION,6,"2019/05/16 06:05:00",0,"2019/05/16 06:30:00",F_Q_W/HOE_R5,10000,0,0,"2019/05/16 06:00:26",,"2017/05/17 00:00:00",1,60
D,P5MIN,CONSTRAINTSOLUTION,6,"2019/05/16 06:05:00",0,"2019/05/16 06:30:00",F_Q_W/HOE_R60,10000,0,0,"2019/05/16 06:00:26",,"2017/05/17 00:00:00",1,0
D,P5MIN,CONSTRAINTSOLUTION,6,"2019/05/16 06:05:00",0,"2019/05/16 06:30:00",F_S+NIL_HPR_G+L_LREG,300000,0,0,"2019/05/16 06:00:26",,"2017/11/13 00:00:00",1,40
D,P5MIN,CONSTRAINTSOLUTION,6,"2019/05/16 06:05:00",0,"2019/05/16 06:30:00",F_S+NIL_HPR_G+L_RREG,300000,0,0,"2019/05/16 06:00:26",,"2017/11/13 00:00:00",1,25
D,P5MIN,CONSTRAINTSOLUTION,6,"2019/05/16 06:05:00",0,"2019/05/16 06:30:00",F_T++LREG_0050,100,0,0,"2019/05/16 06:00:26",,"2015/01/29 00:00:00",1,189.68258
D,P5MIN,CONSTRAINTSOLUTION,6,"2019/05/16 06:05:00",0,"2019/05/16 06:30:00",F_T++NIL_BB_TG_R5,-10053.81454,0,0,"2019/05/16 06:00:26",,"2016/04/12 00:00:00",1,-76.11258
D,P5MIN,CONSTRAINTSOLUTION,6,"2019/05/16 06:05:00",0,"2019/05/16 06:30:00",F_T++NIL_BB_TG_R6,-10162.69746,0,0,"2019/05/16 06:00:26",,"2016/04/12 00:00:00",1,-78.01258
D,P5MIN,CONSTRAINTSOLUTION,6,"2019/05/16 06:05:00",0,"2019/05/16 06:30:00",F_T++NIL_BB_TG_R60,-9984.62608,0,0,"2019/05/16 06:00:26",,"2016/04/12 00:00:00",1,-62.59258
D,P5MIN,CONSTRAINTSOLUTION,6,"2019/05/16 06:05:00",0,"2019/05/16 06:30:00",F_T++NIL_BLSPS_L5,-20000.0001,0,0,"2019/05/16 06:00:26",,"2013/08/21 00:00:00",1,212.08105
D,P5MIN,CONSTRAINTSOLUTION,6,"2019/05/16 06:05:00",0,"2019/05/16 06:30:00",F_T++NIL_BLSPS_L60_1,-20000.0001,0,0,"2019/05/16 06:00:26",,"2013/08/21 00:00:00",1,181.77567
D,P5MIN,CONSTRAINTSOLUTION,6,"2019/05/16 06:05:00",0,"2019/05/16 06:30:00",F_T++NIL_BLSPS_L60_2,-20000.0001,0,0,"2019/05/16 06:00:26",,"2013/08/21 00:00:00",1,430.32825
D,P5MIN,CONSTRAINTSOLUTION,6,"2019/05/16 06:05:00",0,"2019/05/16 06:30:00",F_T++NIL_BLSPS_L60_3,-20000.0001,0,0,"2019/05/16 06:00:26",,"2013/08/21 00:00:00",1,732.42675
D,P5MIN,CONSTRAINTSOLUTION,6,"2019/05/16 06:05:00",0,"2019/05/16 06:30:00",F_T++NIL_BLSPS_L60_4,-20000.0001,0,0,"2019/05/16 06:00:26",,"2013/08/21 00:00:00",1,1160.44909
D,P5MIN,CONSTRAINTSOLUTION,6,"2019/05/16 06:05:00",0,"2019/05/16 06:30:00",F_T++NIL_BLSPS_L6_1,-20000.0001,0,0,"2019/05/16 06:00:26",,"2013/08/21 00:00:00",1,120.59915
D,P5MIN,CONSTRAINTSOLUTION,6,"2019/05/16 06:05:00",0,"2019/05/16 06:30:00",F_T++NIL_BLSPS_L6_2,-20000.0001,0,0,"2019/05/16 06:00:26",,"2013/08/21 00:00:00",1,292.21456
D,P5MIN,CONSTRAINTSOLUTION,6,"2019/05/16 06:05:00",0,"2019/05/16 06:30:00",F_T++NIL_BLSPS_L6_3,-20000.0001,0,0,"2019/05/16 06:00:26",,"2013/08/21 00:00:00",1,524.94948
D,P5MIN,CONSTRAINTSOLUTION,6,"2019/05/16 06:05:00",0,"2019/05/16 06:30:00",F_T++NIL_BLSPS_L6_4,-20000.0001,0,0,"2019/05/16 06:00:26",,"2013/08/21 00:00:00",1,865.20787
D,P5MIN,CONSTRAINTSOLUTION,6,"2019/05/16 06:05:00",0,"2019/05/16 06:30:00",F_T++NIL_BLSPS_R5,-10000.0001,0,0,"2019/05/16 06:00:26",,"2013/08/21 00:00:00",1,-60.36756
D,P5MIN,CONSTRAINTSOLUTION,6,"2019/05/16 06:05:00",0,"2019/05/16 06:30:00",F_T++NIL_BLSPS_R60_1,-10000.0001,0,0,"2019/05/16 06:00:26",,"2013/08/21 00:00:00",1,-92.67602
D,P5MIN,CONSTRAINTSOLUTION,6,"2019/05/16 06:05:00",0,"2019/05/16 06:30:00",F_T++NIL_BLSPS_R60_2,-10000.0001,0,0,"2019/05/16 06:00:26",,"2013/08/21 00:00:00",1,-203.69434
D,P5MIN,CONSTRAINTSOLUTION,6,"2019/05/16 06:05:00",0,"2019/05/16 06:30:00",F_T++NIL_BLSPS_R60_3,-10000.0001,0,0,"2019/05/16 06:00:26",,"2013/08/21 00:00:00",1,-314.37741
D,P5MIN,CONSTRAINTSOLUTION,6,"2019/05/16 06:05:00",0,"2019/05/16 06:30:00",F_T++NIL_BLSPS_R60_4,-10000.0001,0,0,"2019/05/16 06:00:26",,"2013/08/21 00:00:00",1,-482.11384
D,P5MIN,CONSTRAINTSOLUTION,6,"2019/05/16 06:05:00",0,"2019/05/16 06:30:00",F_T++NIL_BLSPS_R6_1,-10000.0001,0,0,"2019/05/16 06:00:26",,"2013/08/21 00:00:00",1,-76.80433
D,P5MIN,CONSTRAINTSOLUTION,6,"2019/05/16 06:05:00",0,"2019/05/16 06:30:00",F_T++NIL_BLSPS_R6_2,-10000.0001,0,0,"2019/05/16 06:00:26",,"2013/08/21 00:00:00",1,-187.68715
D,P5MIN,CONSTRAINTSOLUTION,6,"2019/05/16 06:05:00",0,"2019/05/16 06:30:00",F_T++NIL_BLSPS_R6_3,-10000.0001,0,0,"2019/05/16 06:00:26",,"2013/08/21 00:00:00",1,-291.7828
D,P5MIN,CONSTRAINTSOLUTION,6,"2019/05/16 06:05:00",0,"2019/05/16 06:30:00",F_T++NIL_BLSPS_R6_4,-10000.0001,0,0,"2019/05/16 06:00:26",,"2013/08/21 00:00:00",1,-385.82968
D,P5MIN,CONSTRAINTSOLUTION,6,"2019/05/16 06:05:00",0,"2019/05/16 06:30:00",F_T++NIL_MG_R5,-9937.29422,0,0,"2019/05/16 06:00:26",,"2016/04/12 00:00:00",1,-76.11258
D,P5MIN,CONSTRAINTSOLUTION,6,"2019/05/16 06:05:00",0,"2019/05/16 06:30:00",F_T++NIL_MG_R6,-9988.03388,0,0,"2019/05/16 06:00:26",,"2016/04/12 00:00:00",1,-78.01258
D,P5MIN,CONSTRAINTSOLUTION,6,"2019/05/16 06:05:00",0,"2019/05/16 06:30:00",F_T++NIL_MG_R60,-9896.76079,0,0,"2019/05/16 06:00:26",,"2016/04/12 00:00:00",1,-62.59258
D,P5MIN,CONSTRAINTSOLUTION,6,"2019/05/16 06:05:00",0,"2019/05/16 06:30:00",F_T++NIL_MG_RECL_R5,-9949.73279,0,0,"2019/05/16 06:00:26",,"2016/12/02 00:00:00",1,-76.11258
D,P5MIN,CONSTRAINTSOLUTION,6,"2019/05/16 06:05:00",0,"2019/05/16 06:30:00",F_T++NIL_MG_RECL_R6,-10005.00723,0,0,"2019/05/16 06:00:26",,"2016/12/02 00:00:00",1,-78.01258
D,P5MIN,CONSTRAINTSOLUTION,6,"2019/05/16 06:05:00",0,"2019/05/16 06:30:00",F_T++NIL_MG_RECL_R60,-9906.58902,0,0,"2019/05/16 06:00:26",,"2016/12/02 00:00:00",1,-62.59258
D,P5MIN,CONSTRAINTSOLUTION,6,"2019/05/16 06:05:00",0,"2019/05/16 06:30:00",F_T++NIL_ML_L5,99.97081,0,0,"2019/05/16 06:00:26",,"2016/04/12 00:00:00",1,219.68258
D,P5MIN,CONSTRAINTSOLUTION,6,"2019/05/16 06:05:00",0,"2019/05/16 06:30:00",F_T++NIL_ML_L6,72.4747,0,0,"2019/05/16 06:00:26",,"2016/04/12 00:00:00",1,139.68258
D,P5MIN,CONSTRAINTSOLUTION,6,"2019/05/16 06:05:00",0,"2019/05/16 06:30:00",F_T++NIL_ML_L60,107.8381,0,0,"2019/05/16 06:00:26",,"2016/04/12 00:00:00",1,155.76258
D,P5MIN,CONSTRAINTSOLUTION,6,"2019/05/16 06:05:00",0,"2019/05/16 06:30:00",F_T++NIL_TL_L5_DS,-9833.20289,0,0,"2019/05/16 06:00:26",,"2016/10/25 00:00:00",1,219.68258
D,P5MIN,CONSTRAINTSOLUTION,6,"2019/05/16 06:05:00",0,"2019/05/16 06:30:00",F_T++NIL_TL_L60_DS,-9830.13166,0,0,"2019/05/16 06:00:26",,"2016/10/25 00:00:00",1,155.76258
D,P5MIN,CONSTRAINTSOLUTION,6,"2019/05/16 06:05:00",0,"2019/05/16 06:30:00",F_T++NIL_TL_L6_DS,-9837.34895,0,0,"2019/05/16 06:00:26",,"2016/10/25 00:00:00",1,139.68258
D,P5MIN,CONSTRAINTSOLUTION,6,"2019/05/16 06:05:00",0,"2019/05/16 06:30:00",F_T++NIL_WF_TG_R5,-10030.68032,0,0,"2019/05/16 06:00:26",,"2016/04/12 00:00:00",1,-76.11258
D,P5MIN,CONSTRAINTSOLUTION,6,"2019/05/16 06:05:00",0,"2019/05/16 06:30:00",F_T++NIL_WF_TG_R6,-10131.88705,0,0,"2019/05/16 06:00:26",,"2016/04/12 00:00:00",1,-78.01258
D,P5MIN,CONSTRAINTSOLUTION,6,"2019/05/16 06:05:00",0,"2019/05/16 06:30:00",F_T++NIL_WF_TG_R60,-9965.77658,0,0,"2019/05/16 06:00:26",,"2016/04/12 00:00:00",1,-62.59258
D,P5MIN,CONSTRAINTSOLUTION,6,"2019/05/16 06:05:00",0,"2019/05/16 06:30:00",F_T++RREG_0050,-428,0,0,"2019/05/16 06:00:26",,"2015/01/29 00:00:00",1,-89.68258
D,P5MIN,CONSTRAINTSOLUTION,6,"2019/05/16 06:05:00",0,"2019/05/16 06:30:00",F_T+LREG_0050,-9950,0,0,"2019/05/16 06:00:26",,"2015/01/29 00:00:00",1,50
D,P5MIN,CONSTRAINTSOLUTION,6,"2019/05/16 06:05:00",0,"2019/05/16 06:30:00",F_T+NIL_BB_TG_R5,-49.9999,0,0,"2019/05/16 06:00:26",,"2016/04/12 00:00:00",1,63.57
D,P5MIN,CONSTRAINTSOLUTION,6,"2019/05/16 06:05:00",0,"2019/05/16 06:30:00",F_T+NIL_BB_TG_R6,0.0001,0,0,"2019/05/16 06:00:26",,"2016/04/12 00:00:00",1,61.67
D,P5MIN,CONSTRAINTSOLUTION,6,"2019/05/16 06:05:00",0,"2019/05/16 06:30:00",F_T+NIL_BB_TG_R60,0.0001,0,0,"2019/05/16 06:00:26",,"2016/04/12 00:00:00",1,77.09
D,P5MIN,CONSTRAINTSOLUTION,6,"2019/05/16 06:05:00",0,"2019/05/16 06:30:00",F_T+NIL_MG_R5,63.57223,0.02,0,"2019/05/16 06:00:26",,"2016/04/12 00:00:00",1,63.57
D,P5MIN,CONSTRAINTSOLUTION,6,"2019/05/16 06:05:00",0,"2019/05/16 06:30:00",F_T+NIL_MG_R6,61.66973,0.49,0,"2019/05/16 06:00:26",,"2016/04/12 00:00:00",1,61.67
D,P5MIN,CONSTRAINTSOLUTION,6,"2019/05/16 06:05:00",0,"2019/05/16 06:30:00",F_T+NIL_MG_R60,77.08714,4,0,"2019/05/16 06:00:26",,"2016/04/12 00:00:00",1,77.09
D,P5MIN,CONSTRAINTSOLUTION,6,"2019/05/16 06:05:00",0,"2019/05/16 06:30:00",F_T+NIL_MG_RECL_R5,51.85029,0,0,"2019/05/16 06:00:26",,"2016/12/02 00:00:00",1,63.57
D,P5MIN,CONSTRAINTSOLUTION,6,"2019/05/16 06:05:00",0,"2019/05/16 06:30:00",F_T+NIL_MG_RECL_R6,48.66846,0,0,"2019/05/16 06:00:26",,"2016/12/02 00:00:00",1,61.67
D,P5MIN,CONSTRAINTSOLUTION,6,"2019/05/16 06:05:00",0,"2019/05/16 06:30:00",F_T+NIL_MG_RECL_R60,60.83555,0,0,"2019/05/16 06:00:26",,"2016/12/02 00:00:00",1,77.09
D,P5MIN,CONSTRAINTSOLUTION,6,"2019/05/16 06:05:00",0,"2019/05/16 06:30:00",F_T+NIL_ML_L5,-9935.535,0,0,"2019/05/16 06:00:26",,"2016/04/12 00:00:00",1,80
D,P5MIN,CONSTRAINTSOLUTION,6,"2019/05/16 06:05:00",0,"2019/05/16 06:30:00",F_T+NIL_ML_L6,-9939.87486,0,0,"2019/05/16 06:00:26",,"2016/04/12 00:00:00",1,0
D,P5MIN,CONSTRAINTSOLUTION,6,"2019/05/16 06:05:00",0,"2019/05/16 06:30:00",F_T+NIL_ML_L60,-9924.84357,0,0,"2019/05/16 06:00:26",,"2016/04/12 00:00:00",1,16.08
D,P5MIN,CONSTRAINTSOLUTION,6,"2019/05/16 06:05:00",0,"2019/05/16 06:30:00",F_T+NIL_TL_L5_DS,-19883.99803,0,0,"2019/05/16 06:00:26",,"2016/10/25 00:00:00",1,80
D,P5MIN,CONSTRAINTSOLUTION,6,"2019/05/16 06:05:00",0,"2019/05/16 06:30:00",F_T+NIL_TL_L60_DS,-19859.5363,0,0,"2019/05/16 06:00:26",,"2016/10/25 00:00:00",1,16.08
D,P5MIN,CONSTRAINTSOLUTION,6,"2019/05/16 06:05:00",0,"2019/05/16 06:30:00",F_T+NIL_TL_L6_DS,-19887.62904,0,0,"2019/05/16 06:00:26",,"2016/10/25 00:00:00",1,0
D,P5MIN,CONSTRAINTSOLUTION,6,"2019/05/16 06:05:00",0,"2019/05/16 06:30:00",F_T+NIL_WF_TG_R5,-30.60733,0,0,"2019/05/16 06:00:26",,"2016/04/12 00:00:00",1,63.57
D,P5MIN,CONSTRAINTSOLUTION,6,"2019/05/16 06:05:00",0,"2019/05/16 06:30:00",F_T+NIL_WF_TG_R6,0.0001,0,0,"2019/05/16 06:00:26",,"2016/04/12 00:00:00",1,61.67
D,P5MIN,CONSTRAINTSOLUTION,6,"2019/05/16 06:05:00",0,"2019/05/16 06:30:00",F_T+NIL_WF_TG_R60,0.0001,0,0,"2019/05/16 06:00:26",,"2016/04/12 00:00:00",1,77.09
D,P5MIN,CONSTRAINTSOLUTION,6,"2019/05/16 06:05:00",0,"2019/05/16 06:30:00",F_T+RREG_0050,-9950,0,0,"2019/05/16 06:00:26",,"2015/01/29 00:00:00",1,50
D,P5MIN,CONSTRAINTSOLUTION,6,"2019/05/16 06:05:00",0,"2019/05/16 06:30:00",F_TASCAP_LREG_0190,140,1.5,0,"2019/05/16 06:00:26",,"2019/04/16 00:00:00",1,140
D,P5MIN,CONSTRAINTSOLUTION,6,"2019/05/16 06:05:00",0,"2019/05/16 06:30:00",F_TASCAP_RREG_0200,150,9.52,0,"2019/05/16 06:00:26",,"2019/03/18 00:00:00",1,150
D,P5MIN,CONSTRAINTSOLUTION,6,"2019/05/16 06:05:00",0,"2019/05/16 06:30:00",F_T_NIL_MINP_R6,35,0.96,0,"2019/05/16 06:00:26",,"2018/04/30 00:00:00",1,35.00027
D,P5MIN,CONSTRAINTSOLUTION,6,"2019/05/16 06:05:00",0,"2019/05/16 06:30:00",N::Q_BWLD_KC,1277.6555,0,0,"2019/05/16 06:00:26",,"2018/01/19 00:00:00",1,464.46833
D,P5MIN,CONSTRAINTSOLUTION,6,"2019/05/16 06:05:00",0,"2019/05/16 06:30:00",N::Q_BWLD_LDMU,719.92371,0,0,"2019/05/16 06:00:26",,"2018/01/19 00:00:00",1,-575.19277
D,P5MIN,CONSTRAINTSOLUTION,6,"2019/05/16 06:05:00",0,"2019/05/16 06:30:00",N::Q_BWLD_LDTW,636.45619,0,0,"2019/05/16 06:00:26",,"2018/01/19 00:00:00",1,-578.21377
D,P5MIN,CONSTRAINTSOLUTION,6,"2019/05/16 06:05:00",0,"2019/05/16 06:30:00",N::Q_BWLD_TNT,1314.83946,0,0,"2019/05/16 06:00:26",,"2018/01/19 00:00:00",1,70.34673
D,P5MIN,CONSTRAINTSOLUTION,6,"2019/05/16 06:05:00",0,"2019/05/16 06:30:00",N::Q_NIL_KC,1357.6555,0,0,"2019/05/16 06:00:26",,"2017/12/06 00:00:00",1,464.46833
D,P5MIN,CONSTRAINTSOLUTION,6,"2019/05/16 06:05:00",0,"2019/05/16 06:30:00",N::Q_NIL_LDMU,799.92371,0,0,"2019/05/16 06:00:26",,"2017/12/06 00:00:00",1,-575.19277
D,P5MIN,CONSTRAINTSOLUTION,6,"2019/05/16 06:05:00",0,"2019/05/16 06:30:00",N::Q_NIL_LDTW,716.45619,0,0,"2019/05/16 06:00:26",,"2017/12/06 00:00:00",1,-578.21377
D,P5MIN,CONSTRAINTSOLUTION,6,"2019/05/16 06:05:00",0,"2019/05/16 06:30:00",N::Q_NIL_TNT,1394.83946,0,0,"2019/05/16 06:00:26",,"2017/12/06 00:00:00",1,70.34673
D,P5MIN,CONSTRAINTSOLUTION,6,"2019/05/16 06:05:00",0,"2019/05/16 06:30:00",N::V_NIL_BWSW,1510.59418,0,0,"2019/05/16 06:00:26",,"2018/06/26 00:00:00",1,33.18181
D,P5MIN,CONSTRAINTSOLUTION,6,"2019/05/16 06:05:00",0,"2019/05/16 06:30:00",N::V_NIL_MSDD,1462.35786,0,0,"2019/05/16 06:00:26",,"2018/06/26 00:00:00",1,72.31061
D,P5MIN,CONSTRAINTSOLUTION,6,"2019/05/16 06:05:00",0,"2019/05/16 06:30:00",N::V_NIL_UTMS,1633.54588,0,0,"2019/05/16 06:00:26",,"2018/06/26 00:00:00",1,33.18181
D,P5MIN,CONSTRAINTSOLUTION,6,"2019/05/16 06:05:00",0,"2019/05/16 06:30:00",N:V_NIL_BWRG,1222.92259,0,0,"2019/05/16 06:00:26",,"2018/06/26 00:00:00",1,33.18181
D,P5MIN,CONSTRAINTSOLUTION,6,"2019/05/16 06:05:00",0,"2019/05/16 06:30:00",N:V_NIL_BYYS,1622.73354,0,0,"2019/05/16 06:00:26",,"2018/06/26 00:00:00",1,33.18181
D,P5MIN,CONSTRAINTSOLUTION,6,"2019/05/16 06:05:00",0,"2019/05/16 06:30:00",N>>N-BWLD_ONE_A,1227.21826,0,0,"2019/05/16 06:00:26",,"2019/03/04 00:00:00",1,-1291.99082
D,P5MIN,CONSTRAINTSOLUTION,6,"2019/05/16 06:05:00",0,"2019/05/16 06:30:00",N>>N-BWLD_ONE_B,2844.91842,0,0,"2019/05/16 06:00:26",,"2019/03/04 00:00:00",1,1291.99082
D,P5MIN,CONSTRAINTSOLUTION,6,"2019/05/16 06:05:00",0,"2019/05/16 06:30:00",N>>N-BWLD_ONE_C,1876.96655,0,0,"2019/05/16 06:00:26",,"2019/03/04 00:00:00",1,-831.83095
D,P5MIN,CONSTRAINTSOLUTION,6,"2019/05/16 06:05:00",0,"2019/05/16 06:30:00",N>>N-BWLD_ONE_D,2609.75903,0,0,"2019/05/16 06:00:26",,"2019/03/04 00:00:00",1,1347.9134
D,P5MIN,CONSTRAINTSOLUTION,6,"2019/05/16 06:05:00",0,"2019/05/16 06:30:00",N>>N-BWLD_ONE_E,2664.32865,0,0,"2019/05/16 06:00:26",,"2019/03/04 00:00:00",1,1337.65458
D,P5MIN,CONSTRAINTSOLUTION,6,"2019/05/16 06:05:00",0,"2019/05/16 06:30:00",N>>N-BYSW_A1_15M,3670.58795,0,0,"2019/05/16 06:00:26",,"2019/03/04 00:00:00",1,377.18314
D,P5MIN,CONSTRAINTSOLUTION,6,"2019/05/16 06:05:00",0,"2019/05/16 06:30:00",N>>N-BYSW_A2_15M,1282.02419,0,0,"2019/05/16 06:00:26",,"2019/03/04 00:00:00",1,-377.18314
D,P5MIN,CONSTRAINTSOLUTION,6,"2019/05/16 06:05:00",0,"2019/05/16 06:30:00",N>>N-BYSW_B,3677.34839,0,0,"2019/05/16 06:00:26",,"2019/03/04 00:00:00",1,1283.75048
D,P5MIN,CONSTRAINTSOLUTION,6,"2019/05/16 06:05:00",0,"2019/05/16 06:30:00",N>>N-BYSW_C,3888.51185,0,0,"2019/05/16 06:00:26",,"2019/03/04 00:00:00",1,2044.11006
D,P5MIN,CONSTRAINTSOLUTION,6,"2019/05/16 06:05:00",0,"2019/05/16 06:30:00",N>>N-BYSW_G1_15M,3869.90704,0,0,"2019/05/16 06:00:26",,"2019/03/04 00:00:00",1,377.80584
D,P5MIN,CONSTRAINTSOLUTION,6,"2019/05/16 06:05:00",0,"2019/05/16 06:30:00",N>>N-BYSW_G2_15M,1566.54305,0,0,"2019/05/16 06:00:26",,"2019/03/04 00:00:00",1,-377.80584
D,P5MIN,CONSTRAINTSOLUTION,6,"2019/05/16 06:05:00",0,"2019/05/16 06:30:00",N>>N-BYSW_H_15M,3869.68341,0,0,"2019/05/16 06:00:26",,"2019/03/04 00:00:00",1,377.80584
D,P5MIN,CONSTRAINTSOLUTION,6,"2019/05/16 06:05:00",0,"2019/05/16 06:30:00",N>>N-BYSW_J,3723.99266,0,0,"2019/05/16 06:00:26",,"2019/03/04 00:00:00",1,1289.78829
D,P5MIN,CONSTRAINTSOLUTION,6,"2019/05/16 06:05:00",0,"2019/05/16 06:30:00",N>>N-BYSW_K,3564.60832,0,0,"2019/05/16 06:00:26",,"2019/03/04 00:00:00",1,1039.96938
D,P5MIN,CONSTRAINTSOLUTION,6,"2019/05/16 06:05:00",0,"2019/05/16 06:30:00",N>>N-KC_TX_01,2973.02884,0,0,"2019/05/16 06:00:26",,"2019/03/04 00:00:00",1,2584.93078
D,P5MIN,CONSTRAINTSOLUTION,6,"2019/05/16 06:05:00",0,"2019/05/16 06:30:00",N>>N-KC_TX_02,3894.04316,0,0,"2019/05/16 06:00:26",,"2019/03/04 00:00:00",1,2880.5342
D,P5MIN,CONSTRAINTSOLUTION,6,"2019/05/16 06:05:00",0,"2019/05/16 06:30:00",N>>N-KC_TX_03,3875.11965,0,0,"2019/05/16 06:00:26",,"2019/03/04 00:00:00",1,2908.19379
D,P5MIN,CONSTRAINTSOLUTION,6,"2019/05/16 06:05:00",0,"2019/05/16 06:30:00",N>>N-KC_TX_05,3909.95961,0,0,"2019/05/16 06:00:26",,"2019/03/04 00:00:00",1,2771.64039
D,P5MIN,CONSTRAINTSOLUTION,6,"2019/05/16 06:05:00",0,"2019/05/16 06:30:00",N>>N-KC_TX_06,3829.13271,0,0,"2019/05/16 06:00:26",,"2019/03/04 00:00:00",1,3160.47018
D,P5MIN,CONSTRAINTSOLUTION,6,"2019/05/16 06:05:00",0,"2019/05/16 06:30:00",N>>N-NIL_01N,2195.02601,0,0,"2019/05/16 06:00:26",,"2019/03/01 00:00:00",1,185.26795
D,P5MIN,CONSTRAINTSOLUTION,6,"2019/05/16 06:05:00",0,"2019/05/16 06:30:00",N>>N-NIL_01S,573.85207,0,0,"2019/05/16 06:00:26",,"2019/03/01 00:00:00",1,-185.26795
D,P5MIN,CONSTRAINTSOLUTION,6,"2019/05/16 06:05:00",0,"2019/05/16 06:30:00",N>>N-NIL_03,573.05109,0,0,"2019/05/16 06:00:26",,"2019/03/01 00:00:00",1,-185.26795
D,P5MIN,CONSTRAINTSOLUTION,6,"2019/05/16 06:05:00",0,"2019/05/16 06:30:00",N>>N-NIL_17N,3936.40432,0,0,"2019/05/16 06:00:26",,"2019/03/01 00:00:00",1,373.85754
D,P5MIN,CONSTRAINTSOLUTION,6,"2019/05/16 06:05:00",0,"2019/05/16 06:30:00",N>>N-NIL_17S,1524.82743,0,0,"2019/05/16 06:00:26",,"2019/03/01 00:00:00",1,-373.85754
D,P5MIN,CONSTRAINTSOLUTION,6,"2019/05/16 06:05:00",0,"2019/05/16 06:30:00",N>>N-NIL_1A,1329.55885,0,0,"2019/05/16 06:00:26",,"2019/02/28 00:00:00",1,-1313.40412
D,P5MIN,CONSTRAINTSOLUTION,6,"2019/05/16 06:05:00",0,"2019/05/16 06:30:00",N>>N-NIL_1E_OPENED,5916.75488,0,0,"2019/05/16 06:00:26",,"2019/02/28 00:00:00",1,1466.03037
D,P5MIN,CONSTRAINTSOLUTION,6,"2019/05/16 06:05:00",0,"2019/05/16 06:30:00",N>>N-NIL_1G,4573.95224,0,0,"2019/05/16 06:00:26",,"2019/02/28 00:00:00",1,3459.729
D,P5MIN,CONSTRAINTSOLUTION,6,"2019/05/16 06:05:00",0,"2019/05/16 06:30:00",N>>N-NIL_1N_OPENED,6530.47835,0,0,"2019/05/16 06:00:26",,"2019/02/28 00:00:00",1,1461.07608
D,P5MIN,CONSTRAINTSOLUTION,6,"2019/05/16 06:05:00",0,"2019/05/16 06:30:00",N>>N-NIL_1O,7044.20434,0,0,"2019/05/16 06:00:26",,"2019/02/28 00:00:00",1,2052.59559
D,P5MIN,CONSTRAINTSOLUTION,6,"2019/05/16 06:05:00",0,"2019/05/16 06:30:00",N>>N-NIL_1R,4421.6212,0,0,"2019/05/16 06:00:26",,"2019/02/28 00:00:00",1,3186.13924
D,P5MIN,CONSTRAINTSOLUTION,6,"2019/05/16 06:05:00",0,"2019/05/16 06:30:00",N>>N-NIL_1S,6874.9073,0,0,"2019/05/16 06:00:26",,"2019/02/28 00:00:00",1,1469.13621
D,P5MIN,CONSTRAINTSOLUTION,6,"2019/05/16 06:05:00",0,"2019/05/16 06:30:00",N>>N-NIL_1T,8083.95124,0,0,"2019/05/16 06:00:26",,"2019/02/28 00:00:00",1,1457.451
D,P5MIN,CONSTRAINTSOLUTION,6,"2019/05/16 06:05:00",0,"2019/05/16 06:30:00",N>>N-NIL_1WN,3730.79219,0,0,"2019/05/16 06:00:26",,"2019/03/01 00:00:00",1,373.76164
D,P5MIN,CONSTRAINTSOLUTION,6,"2019/05/16 06:05:00",0,"2019/05/16 06:30:00",N>>N-NIL_1WS,1251.22819,0,0,"2019/05/16 06:00:26",,"2019/03/01 00:00:00",1,-373.76164
D,P5MIN,CONSTRAINTSOLUTION,6,"2019/05/16 06:05:00",0,"2019/05/16 06:30:00",N>>N-NIL_1XN,3678.40301,0,0,"2019/05/16 06:00:26",,"2019/03/01 00:00:00",1,373.76291
D,P5MIN,CONSTRAINTSOLUTION,6,"2019/05/16 06:05:00",0,"2019/05/16 06:30:00",N>>N-NIL_1XS,1198.31481,0,0,"2019/05/16 06:00:26",,"2019/03/01 00:00:00",1,-373.76291
D,P5MIN,CONSTRAINTSOLUTION,6,"2019/05/16 06:05:00",0,"2019/05/16 06:30:00",N>>N-NIL_1Y,3936.68968,0,0,"2019/05/16 06:00:26",,"2019/03/01 00:00:00",1,373.85563
D,P5MIN,CONSTRAINTSOLUTION,6,"2019/05/16 06:05:00",0,"2019/05/16 06:30:00",N>>N-NIL_1YS,1525.5802,0,0,"2019/05/16 06:00:26",,"2019/03/01 00:00:00",1,-373.85563
D,P5MIN,CONSTRAINTSOLUTION,6,"2019/05/16 06:05:00",0,"2019/05/16 06:30:00",N>>N-NIL_1Z,4041.66211,0,0,"2019/05/16 06:00:26",,"2019/03/01 00:00:00",1,373.85563
D,P5MIN,CONSTRAINTSOLUTION,6,"2019/05/16 06:05:00",0,"2019/05/16 06:30:00",N>>N-NIL_1ZS,1631.17383,0,0,"2019/05/16 06:00:26",,"2019/03/01 00:00:00",1,-373.85563
D,P5MIN,CONSTRAINTSOLUTION,6,"2019/05/16 06:05:00",0,"2019/05/16 06:30:00",N>>N-NIL_23N,4041.40573,0,0,"2019/05/16 06:00:26",,"2019/03/01 00:00:00",1,373.85563
D,P5MIN,CONSTRAINTSOLUTION,6,"2019/05/16 06:05:00",0,"2019/05/16 06:30:00",N>>N-NIL_23S,1671.7295,0,0,"2019/05/16 06:00:26",,"2019/01/11 00:00:00",1,-373.87477
D,P5MIN,CONSTRAINTSOLUTION,6,"2019/05/16 06:05:00",0,"2019/05/16 06:30:00",N>>N-NIL_28,4328.9579,0,0,"2019/05/16 06:00:26",,"2019/02/28 00:00:00",1,853.28278
D,P5MIN,CONSTRAINTSOLUTION,6,"2019/05/16 06:05:00",0,"2019/05/16 06:30:00",N>>N-NIL_29N,3732.16582,0,0,"2019/05/16 06:00:26",,"2019/03/01 00:00:00",1,342.71702
D,P5MIN,CONSTRAINTSOLUTION,6,"2019/05/16 06:05:00",0,"2019/05/16 06:30:00",N>>N-NIL_29S,1113.98524,0,0,"2019/05/16 06:00:26",,"2019/03/01 00:00:00",1,-394.66204
D,P5MIN,CONSTRAINTSOLUTION,6,"2019/05/16 06:05:00",0,"2019/05/16 06:30:00",N>>N-NIL_31N,3826.00715,0,0,"2019/05/16 06:00:26",,"2019/03/01 00:00:00",1,342.71702
D,P5MIN,CONSTRAINTSOLUTION,6,"2019/05/16 06:05:00",0,"2019/05/16 06:30:00",N>>N-NIL_31S,1203.38383,0,0,"2019/05/16 06:00:26",,"2019/03/01 00:00:00",1,-394.66204
D,P5MIN,CONSTRAINTSOLUTION,6,"2019/05/16 06:05:00",0,"2019/05/16 06:30:00",N>>N-NIL_36,2885.12014,0,0,"2019/05/16 06:00:26",,"2019/05/06 00:00:00",1,124.67558
D,P5MIN,CONSTRAINTSOLUTION,6,"2019/05/16 06:05:00",0,"2019/05/16 06:30:00",N>>N-NIL_45,1963.58253,0,0,"2019/05/16 06:00:26",,"2019/03/01 00:00:00",1,214.59291
D,P5MIN,CONSTRAINTSOLUTION,6,"2019/05/16 06:05:00",0,"2019/05/16 06:30:00",N>>N-NIL_46,973.19365,0,0,"2019/05/16 06:00:26",,"2019/03/01 00:00:00",1,-111.71551
D,P5MIN,CONSTRAINTSOLUTION,6,"2019/05/16 06:05:00",0,"2019/05/16 06:30:00",N>>N-NIL_47,1667.95738,0,0,"2019/05/16 06:00:26",,"2019/03/01 00:00:00",1,110.74183
D,P5MIN,CONSTRAINTSOLUTION,6,"2019/05/16 06:05:00",0,"2019/05/16 06:30:00",N>>N-NIL_48,1670.03897,0,0,"2019/05/16 06:00:26",,"2019/03/01 00:00:00",1,111.71551
D,P5MIN,CONSTRAINTSOLUTION,6,"2019/05/16 06:05:00",0,"2019/05/16 06:30:00",N>>N-NIL_49,977.514,0,0,"2019/05/16 06:00:26",,"2019/03/01 00:00:00",1,-110.74183
D,P5MIN,CONSTRAINTSOLUTION,6,"2019/05/16 06:05:00",0,"2019/05/16 06:30:00",N>>N-NIL_56,2008.84213,0,0,"2019/05/16 06:00:26",,"2019/03/01 00:00:00",1,229.51046
D,P5MIN,CONSTRAINTSOLUTION,6,"2019/05/16 06:05:00",0,"2019/05/16 06:30:00",N>>N-NIL_57,968.45091,0,0,"2019/05/16 06:00:26",,"2019/03/01 00:00:00",1,-118.95423
D,P5MIN,CONSTRAINTSOLUTION,6,"2019/05/16 06:05:00",0,"2019/05/16 06:30:00",N>>N-NIL_58,6119.51571,0,0,"2019/05/16 06:00:26",,"2019/02/28 00:00:00",1,1001.40701
D,P5MIN,CONSTRAINTSOLUTION,6,"2019/05/16 06:05:00",0,"2019/05/16 06:30:00",N>>N-NIL_59,6122.36879,0,0,"2019/05/16 06:00:26",,"2019/02/28 00:00:00",1,1001.40701
D,P5MIN,CONSTRAINTSOLUTION,6,"2019/05/16 06:05:00",0,"2019/05/16 06:30:00",N>>N-NIL_60,1963.43172,0,0,"2019/05/16 06:00:26",,"2019/03/01 00:00:00",1,214.58336
D,P5MIN,CONSTRAINTSOLUTION,6,"2019/05/16 06:05:00",0,"2019/05/16 06:30:00",N>>N-NIL_61,2004.70829,0,0,"2019/05/16 06:00:26",,"2019/03/01 00:00:00",1,227.49872
D,P5MIN,CONSTRAINTSOLUTION,6,"2019/05/16 06:05:00",0,"2019/05/16 06:30:00",N>>N-NIL_62,1645.00107,0,0,"2019/05/16 06:00:26",,"2019/03/01 00:00:00",1,101.61309
D,P5MIN,CONSTRAINTSOLUTION,6,"2019/05/16 06:05:00",0,"2019/05/16 06:30:00",N>>N-NIL_63,1658.83987,0,0,"2019/05/16 06:00:26",,"2019/03/01 00:00:00",1,103.18801
D,P5MIN,CONSTRAINTSOLUTION,6,"2019/05/16 06:05:00",0,"2019/05/16 06:30:00",N>>N-NIL_64,5849.85412,0,0,"2019/05/16 06:00:26",,"2019/02/28 00:00:00",1,2538.90118
D,P5MIN,CONSTRAINTSOLUTION,6,"2019/05/16 06:05:00",0,"2019/05/16 06:30:00",N>>N-NIL_65,5598.22097,0,0,"2019/05/16 06:00:26",,"2019/02/28 00:00:00",1,2388.31168
D,P5MIN,CONSTRAINTSOLUTION,6,"2019/05/16 06:05:00",0,"2019/05/16 06:30:00",N>>N-NIL_8E_8C,1322,0,0,"2019/05/16 06:00:26",,"2019/01/11 00:00:00",1,642.90237
D,P5MIN,CONSTRAINTSOLUTION,6,"2019/05/16 06:05:00",0,"2019/05/16 06:30:00",N>>N-NIL_996_IN,617.58939,0,0,"2019/05/16 06:00:26",,"2019/05/06 00:00:00",1,68.61459
D,P5MIN,CONSTRAINTSOLUTION,6,"2019/05/16 06:05:00",0,"2019/05/16 06:30:00",N>>N-NIL_DPTX,465.59117,0,0,"2019/05/16 06:00:26",,"2019/05/06 00:00:00",1,-80.8474
D,P5MIN,CONSTRAINTSOLUTION,6,"2019/05/16 06:05:00",0,"2019/05/16 06:30:00",N>>N-NIL_DPTX_2,847.31034,0,0,"2019/05/16 06:00:26",,"2019/05/06 00:00:00",1,80.8474
D,P5MIN,CONSTRAINTSOLUTION,6,"2019/05/16 06:05:00",0,"2019/05/16 06:30:00",N>>N-NIL_H01,3445.23714,0,0,"2019/05/16 06:00:26",,"2019/03/01 00:00:00",1,302.0718
D,P5MIN,CONSTRAINTSOLUTION,6,"2019/05/16 06:05:00",0,"2019/05/16 06:30:00",N>>N-NIL_H02,4071.66591,0,0,"2019/05/16 06:00:26",,"2019/01/11 00:00:00",1,309.67316
D,P5MIN,CONSTRAINTSOLUTION,6,"2019/05/16 06:05:00",0,"2019/05/16 06:30:00",N>>N-NIL_H03,3874.89347,0,0,"2019/05/16 06:00:26",,"2019/01/11 00:00:00",1,232.5659
D,P5MIN,CONSTRAINTSOLUTION,6,"2019/05/16 06:05:00",0,"2019/05/16 06:30:00",N>>N-NIL_H051,1247.61573,0,0,"2019/05/16 06:00:26",,"2019/05/06 00:00:00",1,40.68671
D,P5MIN,CONSTRAINTSOLUTION,6,"2019/05/16 06:05:00",0,"2019/05/16 06:30:00",N>>N-NIL_H060,1702.04741,0,0,"2019/05/16 06:00:26",,"2019/05/06 00:00:00",1,-105.11714
D,P5MIN,CONSTRAINTSOLUTION,6,"2019/05/16 06:05:00",0,"2019/05/16 06:30:00",N>>N-NIL_H07,3772.05328,0,0,"2019/05/16 06:00:26",,"2019/03/01 00:00:00",1,192.07832
D,P5MIN,CONSTRAINTSOLUTION,6,"2019/05/16 06:05:00",0,"2019/05/16 06:30:00",N>>N-NIL_HE,3318.38602,0,0,"2019/05/16 06:00:26",,"2019/01/11 00:00:00",1,-290.16713
D,P5MIN,CONSTRAINTSOLUTION,6,"2019/05/16 06:05:00",0,"2019/05/16 06:30:00",N>>N-NIL_HF,3148.42603,0,0,"2019/05/16 06:00:26",,"2019/05/06 00:00:00",1,356.8419
D,P5MIN,CONSTRAINTSOLUTION,6,"2019/05/16 06:05:00",0,"2019/05/16 06:30:00",N>>N-NIL_HI_15M,3574.40998,0,0,"2019/05/16 06:00:26",,"2019/05/06 00:00:00",1,295.65848
D,P5MIN,CONSTRAINTSOLUTION,6,"2019/05/16 06:05:00",0,"2019/05/16 06:30:00",N>>N-NIL_HK_15M,3731.88935,0,0,"2019/05/16 06:00:26",,"2019/03/01 00:00:00",1,307.46614
D,P5MIN,CONSTRAINTSOLUTION,6,"2019/05/16 06:05:00",0,"2019/05/16 06:30:00",N>>N-NIL_HL,3668.49597,0,0,"2019/05/16 06:00:26",,"2019/05/06 00:00:00",1,-331.61863
D,P5MIN,CONSTRAINTSOLUTION,6,"2019/05/16 06:05:00",0,"2019/05/16 06:30:00",N>>N-NIL_HM,3250.8804,0,0,"2019/05/16 06:00:26",,"2019/05/06 00:00:00",1,331.61863
D,P5MIN,CONSTRAINTSOLUTION,6,"2019/05/16 06:05:00",0,"2019/05/16 06:30:00",N>>N-NIL_HU_15M,3634.35612,0,0,"2019/05/16 06:00:26",,"2019/05/06 00:00:00",1,297.91991
D,P5MIN,CONSTRAINTSOLUTION,6,"2019/05/16 06:05:00",0,"2019/05/16 06:30:00",N>>N-NIL__2_OPENED,634.08752,0,0,"2019/05/16 06:00:26",,"2019/01/11 00:00:00",1,-767.74958
D,P5MIN,CONSTRAINTSOLUTION,6,"2019/05/16 06:05:00",0,"2019/05/16 06:30:00",N>>N-NIL__3_OPENED,631.62619,0,0,"2019/05/16 06:00:26",,"2019/01/11 00:00:00",1,-767.74958
D,P5MIN,CONSTRAINTSOLUTION,6,"2019/05/16 06:05:00",0,"2019/05/16 06:30:00",N>>N-NIL__A_15M,3402.70274,0,0,"2019/05/16 06:00:26",,"2019/05/06 00:00:00",1,261.64215
D,P5MIN,CONSTRAINTSOLUTION,6,"2019/05/16 06:05:00",0,"2019/05/16 06:30:00",N>>N-NIL__B_15M,3019.98968,0,0,"2019/05/16 06:00:26",,"2019/05/06 00:00:00",1,305.1888
D,P5MIN,CONSTRAINTSOLUTION,6,"2019/05/16 06:05:00",0,"2019/05/16 06:30:00",N>>N-NIL__C_15M,3285.31688,0,0,"2019/05/16 06:00:26",,"2019/01/11 00:00:00",1,222.84988
D,P5MIN,CONSTRAINTSOLUTION,6,"2019/05/16 06:05:00",0,"2019/05/16 06:30:00",N>>N-NIL__D_15M,3269.92569,0,0,"2019/05/16 06:00:26",,"2019/03/01 00:00:00",1,305.08423
D,P5MIN,CONSTRAINTSOLUTION,6,"2019/05/16 06:05:00",0,"2019/05/16 06:30:00",N>>N-NIL__E_15M,2867.13569,0,0,"2019/05/16 06:00:26",,"2019/03/01 00:00:00",1,304.04874
D,P5MIN,CONSTRAINTSOLUTION,6,"2019/05/16 06:05:00",0,"2019/05/16 06:30:00",N>>N-NIL__F_15M,3303.84889,0,0,"2019/05/16 06:00:26",,"2019/01/11 00:00:00",1,307.83588
D,P5MIN,CONSTRAINTSOLUTION,6,"2019/05/16 06:05:00",0,"2019/05/16 06:30:00",N>>N-NIL__G_15M,3630.02297,0,0,"2019/05/16 06:00:26",,"2019/01/11 00:00:00",1,312.28111
D,P5MIN,CONSTRAINTSOLUTION,6,"2019/05/16 06:05:00",0,"2019/05/16 06:30:00",N>>N-NIL__H_15M,3134.26102,0,0,"2019/05/16 06:00:26",,"2019/03/01 00:00:00",1,204.3661
D,P5MIN,CONSTRAINTSOLUTION,6,"2019/05/16 06:05:00",0,"2019/05/16 06:30:00",N>>N-NIL__K,5754.9865,0,0,"2019/05/16 06:00:26",,"2019/02/28 00:00:00",1,1896.43695
D,P5MIN,CONSTRAINTSOLUTION,6,"2019/05/16 06:05:00",0,"2019/05/16 06:30:00",N>>N-NIL__L,5783.06761,0,0,"2019/05/16 06:00:26",,"2019/02/28 00:00:00",1,1896.43787
D,P5MIN,CONSTRAINTSOLUTION,6,"2019/05/16 06:05:00",0,"2019/05/16 06:30:00",N>>N-NIL__M,4382.80388,0,0,"2019/05/16 06:00:26",,"2019/02/28 00:00:00",1,847.71915
D,P5MIN,CONSTRAINTSOLUTION,6,"2019/05/16 06:05:00",0,"2019/05/16 06:30:00",N>>N-NIL__N,6172.33654,0,0,"2019/05/16 06:00:26",,"2019/02/28 00:00:00",1,961.61018
D,P5MIN,CONSTRAINTSOLUTION,6,"2019/05/16 06:05:00",0,"2019/05/16 06:30:00",N>>N-NIL__O,6174.95698,0,0,"2019/05/16 06:00:26",,"2019/02/28 00:00:00",1,961.66709
D,P5MIN,CONSTRAINTSOLUTION,6,"2019/05/16 06:05:00",0,"2019/05/16 06:30:00",N>>N-NIL__P,5121.61205,0,0,"2019/05/16 06:00:26",,"2019/02/28 00:00:00",1,1289.61588
D,P5MIN,CONSTRAINTSOLUTION,6,"2019/05/16 06:05:00",0,"2019/05/16 06:30:00",N>>N-NIL__R,6039.27481,0,0,"2019/05/16 06:00:26",,"2019/02/28 00:00:00",1,1033.29614
D,P5MIN,CONSTRAINTSOLUTION,6,"2019/05/16 06:05:00",0,"2019/05/16 06:30:00",N>>N-NIL__S,3834.94335,0,0,"2019/05/16 06:00:26",,"2019/02/28 00:00:00",1,1813.302
D,P5MIN,CONSTRAINTSOLUTION,6,"2019/05/16 06:05:00",0,"2019/05/16 06:30:00",N>>Q-BWLD_ONE,379.12006,0,0,"2019/05/16 06:00:26",,"2019/03/06 00:00:00",1,-1291.99082
D,P5MIN,CONSTRAINTSOLUTION,6,"2019/05/16 06:05:00",0,"2019/05/16 06:30:00",N>>V-NIL_0X1,537.62578,0,0,"2019/05/16 06:00:26",,"2019/05/06 00:00:00",1,104.84242
D,P5MIN,CONSTRAINTSOLUTION,6,"2019/05/16 06:05:00",0,"2019/05/16 06:30:00",N>>V-NIL_HC,980.37714,0,0,"2019/05/16 06:00:26",,"2019/05/06 00:00:00",1,-29.2024
D,P5MIN,CONSTRAINTSOLUTION,6,"2019/05/16 06:05:00",0,"2019/05/16 06:30:00",N>>V-NIL_HD,1045.26329,0,0,"2019/05/16 06:00:26",,"2019/05/06 00:00:00",1,-57.8189
D,P5MIN,CONSTRAINTSOLUTION,6,"2019/05/16 06:05:00",0,"2019/05/16 06:30:00",N>>V-NIL_HJ,998.64355,0,0,"2019/05/16 06:00:26",,"2019/05/06 00:00:00",1,42.83666
D,P5MIN,CONSTRAINTSOLUTION,6,"2019/05/16 06:05:00",0,"2019/05/16 06:30:00",N>>V-NIL_HK,2735.49073,0,0,"2019/05/16 06:00:26",,"2019/05/06 00:00:00",1,-166.95808
D,P5MIN,CONSTRAINTSOLUTION,6,"2019/05/16 06:05:00",0,"2019/05/16 06:30:00",N>>V-NIL_N,1276.7069,0,0,"2019/05/16 06:00:26",,"2019/01/11 00:00:00",1,-89.52443
D,P5MIN,CONSTRAINTSOLUTION,6,"2019/05/16 06:05:00",0,"2019/05/16 06:30:00",N>>V-NIL_O,626.54322,0,0,"2019/05/16 06:00:26",,"2019/01/11 00:00:00",1,44.89722
D,P5MIN,CONSTRAINTSOLUTION,6,"2019/05/16 06:05:00",0,"2019/05/16 06:30:00",N>N-ARKK_CH_CB892A,9983.5,0,0,"2019/05/16 06:00:26",,"2016/01/11 00:00:00",1,-57
D,P5MIN,CONSTRAINTSOLUTION,6,"2019/05/16 06:05:00",0,"2019/05/16 06:30:00",N>N-ARKK_C_BYPASS,10611.72055,0,0,"2019/05/16 06:00:26",,"2018/09/14 00:00:00",1,116.65244
D,P5MIN,CONSTRAINTSOLUTION,6,"2019/05/16 06:05:00",0,"2019/05/16 06:30:00",N>N-ARKK_C_PSTMAN,10711.39121,0,0,"2019/05/16 06:00:26",,"2019/03/08 00:00:00",1,115.94074
D,P5MIN,CONSTRAINTSOLUTION,6,"2019/05/16 06:05:00",0,"2019/05/16 06:30:00",N>N-KC_TX_07,1766.96851,0,0,"2019/05/16 06:00:26",,"2019/03/08 00:00:00",1,1400
D,P5MIN,CONSTRAINTSOLUTION,6,"2019/05/16 06:05:00",0,"2019/05/16 06:30:00",N>N-NIL_8J_8C,1322,0,0,"2019/05/16 06:00:26",,"2019/01/11 00:00:00",1,409.81937
D,P5MIN,CONSTRAINTSOLUTION,6,"2019/05/16 06:05:00",0,"2019/05/16 06:30:00",N>N-NIL_DC,1494.27264,0,0,"2019/05/16 06:00:26",,"2019/01/21 00:00:00",1,759.07115
D,P5MIN,CONSTRAINTSOLUTION,6,"2019/05/16 06:05:00",0,"2019/05/16 06:30:00",N>N-NIL_F7_15M,810.95509,0,0,"2019/05/16 06:00:26",,"2019/01/11 00:00:00",1,-759.07115
D,P5MIN,CONSTRAINTSOLUTION,6,"2019/05/16 06:05:00",0,"2019/05/16 06:30:00",N>N-NIL_LSDU,86.78182,0,0,"2019/05/16 06:00:26",,"2019/01/11 00:00:00",1,-57
D,P5MIN,CONSTRAINTSOLUTION,6,"2019/05/16 06:05:00",0,"2019/05/16 06:30:00",N>N-NIL_MBDU,226.61226,0,0,"2019/05/16 06:00:26",,"2019/01/11 00:00:00",1,57
D,P5MIN,CONSTRAINTSOLUTION,6,"2019/05/16 06:05:00",0,"2019/05/16 06:30:00",N>N-NIL_TE_D2,260.62,0,0,"2019/05/16 06:00:26",,"2019/01/11 00:00:00",1,-57
D,P5MIN,CONSTRAINTSOLUTION,6,"2019/05/16 06:05:00",0,"2019/05/16 06:30:00",N>N-NIL_TE_E1,9982.5,0,0,"2019/05/16 06:00:26",,"2019/01/11 00:00:00",1,-57
D,P5MIN,CONSTRAINTSOLUTION,6,"2019/05/16 06:05:00",0,"2019/05/16 06:30:00",N>N-NIL_TE_E2,9982.5,0,0,"2019/05/16 06:00:26",,"2019/01/11 00:00:00",1,-57
D,P5MIN,CONSTRAINTSOLUTION,6,"2019/05/16 06:05:00",0,"2019/05/16 06:30:00",N>N-NIL_TE_LOAD,9999,0,0,"2019/05/16 06:00:26",,"2013/08/21 00:00:00",1,57
D,P5MIN,CONSTRAINTSOLUTION,6,"2019/05/16 06:05:00",0,"2019/05/16 06:30:00",N>N-NIL__4_15M,638.84686,0,0,"2019/05/16 06:00:26",,"2019/01/11 00:00:00",1,-767.36451
D,P5MIN,CONSTRAINTSOLUTION,6,"2019/05/16 06:05:00",0,"2019/05/16 06:30:00",N>N-NIL__7,1555.04407,0,0,"2019/05/16 06:00:26",,"2019/01/11 00:00:00",1,-759.07115
D,P5MIN,CONSTRAINTSOLUTION,6,"2019/05/16 06:05:00",0,"2019/05/16 06:30:00",NQTE_ROC,23,0,0,"2019/05/16 06:00:26",,"2010/11/08 00:00:00",2,-57
D,P5MIN,CONSTRAINTSOLUTION,6,"2019/05/16 06:05:00",0,"2019/05/16 06:30:00",NRM_NSW1_QLD1,10000,0,0,"2019/05/16 06:00:26",,"2012/06/12 00:00:00",1,-466.81937
D,P5MIN,CONSTRAINTSOLUTION,6,"2019/05/16 06:05:00",0,"2019/05/16 06:30:00",NRM_NSW1_VIC1,10224.67116,0,0,"2019/05/16 06:00:26",,"2012/06/12 00:00:00",1,95.45757
D,P5MIN,CONSTRAINTSOLUTION,6,"2019/05/16 06:05:00",0,"2019/05/16 06:30:00",NRM_QLD1_NSW1,10505.62152,0,0,"2019/05/16 06:00:26",,"2012/06/12 00:00:00",1,466.81937
D,P5MIN,CONSTRAINTSOLUTION,6,"2019/05/16 06:05:00",0,"2019/05/16 06:30:00",NRM_SA1_VIC1,10209.05591,0,0,"2019/05/16 06:00:26",,"2012/06/12 00:00:00",1,184.84699
D,P5MIN,CONSTRAINTSOLUTION,6,"2019/05/16 06:05:00",0,"2019/05/16 06:30:00",NRM_VIC1_NSW1,10000,0,0,"2019/05/16 06:00:26",,"2012/06/12 00:00:00",1,-95.45757
D,P5MIN,CONSTRAINTSOLUTION,6,"2019/05/16 06:05:00",0,"2019/05/16 06:30:00",NRM_VIC1_SA1,10000,0,0,"2019/05/16 06:00:26",,"2012/06/12 00:00:00",1,-184.84699
D,P5MIN,CONSTRAINTSOLUTION,6,"2019/05/16 06:05:00",0,"2019/05/16 06:30:00",N^^N_NIL_1,2752.23254,0,0,"2019/05/16 06:00:26",,"2018/05/02 00:00:00",1,312.09927
D,P5MIN,CONSTRAINTSOLUTION,6,"2019/05/16 06:05:00",0,"2019/05/16 06:30:00",N^^Q_NIL_A,443.63215,0,0,"2019/05/16 06:00:26",,"2017/12/06 00:00:00",1,-583.36087
D,P5MIN,CONSTRAINTSOLUTION,6,"2019/05/16 06:05:00",0,"2019/05/16 06:30:00",N^^Q_NIL_B,622.24474,0,0,"2019/05/16 06:00:26",,"2017/12/06 00:00:00",1,-562.27087
D,P5MIN,CONSTRAINTSOLUTION,6,"2019/05/16 06:05:00",0,"2019/05/16 06:30:00",N^^Q_NIL_B1,937.24474,0,0,"2019/05/16 06:00:26",,"2017/12/06 00:00:00",1,112.72913
D,P5MIN,CONSTRAINTSOLUTION,6,"2019/05/16 06:05:00",0,"2019/05/16 06:30:00",N^^Q_NIL_B2,937.24474,0,0,"2019/05/16 06:00:26",,"2017/12/06 00:00:00",1,-175.27087
D,P5MIN,CONSTRAINTSOLUTION,6,"2019/05/16 06:05:00",0,"2019/05/16 06:30:00",N^^Q_NIL_B3,937.24474,0,0,"2019/05/16 06:00:26",,"2017/12/06 00:00:00",1,-170.77087
D,P5MIN,CONSTRAINTSOLUTION,6,"2019/05/16 06:05:00",0,"2019/05/16 06:30:00",N^^Q_NIL_B4,897.24474,0,0,"2019/05/16 06:00:26",,"2017/12/06 00:00:00",1,-202.27087
D,P5MIN,CONSTRAINTSOLUTION,6,"2019/05/16 06:05:00",0,"2019/05/16 06:30:00",N^^Q_NIL_B5,907.24474,0,0,"2019/05/16 06:00:26",,"2017/12/06 00:00:00",1,-196.87087
D,P5MIN,CONSTRAINTSOLUTION,6,"2019/05/16 06:05:00",0,"2019/05/16 06:30:00",N^^Q_NIL_B6,907.24474,0,0,"2019/05/16 06:00:26",,"2017/12/06 00:00:00",1,-196.87087
D,P5MIN,CONSTRAINTSOLUTION,6,"2019/05/16 06:05:00",0,"2019/05/16 06:30:00",N^^Q_WIV_N-2,937.24474,0,0,"2019/05/16 06:00:26",,"2018/01/19 00:00:00",1,-562.27087
D,P5MIN,CONSTRAINTSOLUTION,6,"2019/05/16 06:05:00",0,"2019/05/16 06:30:00",N^^V_NIL_1,120.34791,0,0,"2019/05/16 06:00:26",,"2019/05/15 00:00:00",1,-37.12468
D,P5MIN,CONSTRAINTSOLUTION,6,"2019/05/16 06:05:00",0,"2019/05/16 06:30:00",N_NIL_TE_A,163.5,0,0,"2019/05/16 06:00:26",,"2012/07/04 00:00:00",1,-57
D,P5MIN,CONSTRAINTSOLUTION,6,"2019/05/16 06:05:00",0,"2019/05/16 06:30:00",N_NIL_TE_B,196.5,0,0,"2019/05/16 06:00:26",,"2012/07/04 00:00:00",1,57
D,P5MIN,CONSTRAINTSOLUTION,6,"2019/05/16 06:05:00",0,"2019/05/16 06:30:00",N_V_HV1700_OSC_AUTO,11768.10001,0,0,"2019/05/16 06:00:26",,"2013/07/19 00:00:00",1,374.96633
D,P5MIN,CONSTRAINTSOLUTION,6,"2019/05/16 06:05:00",0,"2019/05/16 06:30:00",Q::N_BI_POT_WIV_N-2,1209.34247,0,0,"2019/05/16 06:00:26",,"2018/01/16 00:00:00",1,503.05257
D,P5MIN,CONSTRAINTSOLUTION,6,"2019/05/16 06:05:00",0,"2019/05/16 06:30:00",Q::N_NIL_AR_2L-G,1111.64688,0,0,"2019/05/16 06:00:26",,"2018/01/15 00:00:00",2,625.88731
D,P5MIN,CONSTRAINTSOLUTION,6,"2019/05/16 06:05:00",0,"2019/05/16 06:30:00",Q::N_NIL_BI_POT,1209.33249,0,0,"2019/05/16 06:00:26",,"2018/01/15 00:00:00",2,503.05257
D,P5MIN,CONSTRAINTSOLUTION,6,"2019/05/16 06:05:00",0,"2019/05/16 06:30:00",Q:NIL_CS,4327.18566,0,0,"2019/05/16 06:00:26",,"2018/12/27 00:00:00",1,3495.592
D,P5MIN,CONSTRAINTSOLUTION,6,"2019/05/16 06:05:00",0,"2019/05/16 06:30:00",Q:N_NIL_BWRG,1421.95163,0,0,"2019/05/16 06:00:26",,"2013/10/23 00:00:00",1,409.81937
D,P5MIN,CONSTRAINTSOLUTION,6,"2019/05/16 06:05:00",0,"2019/05/16 06:30:00",Q:N_NIL_LDNC,1419.35276,0,0,"2019/05/16 06:00:26",,"2013/10/23 00:00:00",1,409.81937
D,P5MIN,CONSTRAINTSOLUTION,6,"2019/05/16 06:05:00",0,"2019/05/16 06:30:00",Q:N_NIL_OSC,1200,0,0,"2019/05/16 06:00:26",,"2013/07/25 00:00:00",1,409.81937
D,P5MIN,CONSTRAINTSOLUTION,6,"2019/05/16 06:05:00",0,"2019/05/16 06:30:00",Q>>LCCP_BCCP_CLWU_2,3038.63633,0,0,"2019/05/16 06:00:26",,"2018/12/27 00:00:00",1,1820.67436
D,P5MIN,CONSTRAINTSOLUTION,6,"2019/05/16 06:05:00",0,"2019/05/16 06:30:00",Q>>LCCP_CLWU_BCCP_2,2623.88145,0,0,"2019/05/16 06:00:26",,"2018/12/27 00:00:00",1,1672.60635
D,P5MIN,CONSTRAINTSOLUTION,6,"2019/05/16 06:05:00",0,"2019/05/16 06:30:00",Q>>NIL_MRGB_MRTX1,11015.66011,0,0,"2019/05/16 06:00:26",,"2019/01/11 00:00:00",1,1048.92907
D,P5MIN,CONSTRAINTSOLUTION,6,"2019/05/16 06:05:00",0,"2019/05/16 06:30:00",Q>>NIL_MRTX5_MRTX4,3038.1109,0,0,"2019/05/16 06:00:26",,"2019/01/11 00:00:00",1,1226.54589
D,P5MIN,CONSTRAINTSOLUTION,6,"2019/05/16 06:05:00",0,"2019/05/16 06:30:00",Q>>WOPW_WOSP_WOGP_1,2979.19875,0,0,"2019/05/16 06:00:26",,"2019/04/10 00:00:00",1,2480.32906
D,P5MIN,CONSTRAINTSOLUTION,6,"2019/05/16 06:05:00",0,"2019/05/16 06:30:00",Q>>WOPW_WOSP_WOGP_2,2831.98094,0,0,"2019/05/16 06:00:26",,"2019/04/10 00:00:00",1,2480.3744
D,P5MIN,CONSTRAINTSOLUTION,6,"2019/05/16 06:05:00",0,"2019/05/16 06:30:00",Q>N-NIL_8L_8M,1379,0,0,"2019/05/16 06:00:26",,"2013/08/21 00:00:00",1,409.81937
D,P5MIN,CONSTRAINTSOLUTION,6,"2019/05/16 06:05:00",0,"2019/05/16 06:30:00",Q>NIL_BI_CAGS_CALV_O,533.71033,0,0,"2019/05/16 06:00:26",,"2019/01/11 00:00:00",1,220
D,P5MIN,CONSTRAINTSOLUTION,6,"2019/05/16 06:05:00",0,"2019/05/16 06:30:00",Q>NIL_MRTA_A,9990,0,0,"2019/05/16 06:00:26",,"2019/01/11 00:00:00",1,0
D,P5MIN,CONSTRAINTSOLUTION,6,"2019/05/16 06:05:00",0,"2019/05/16 06:30:00",Q>NIL_MRTA_B,9990,0,0,"2019/05/16 06:00:26",,"2019/01/11 00:00:00",1,0
D,P5MIN,CONSTRAINTSOLUTION,6,"2019/05/16 06:05:00",0,"2019/05/16 06:30:00",Q>NIL_MRTA_C,371.25,0,0,"2019/05/16 06:00:26",,"2019/01/11 00:00:00",1,0
D,P5MIN,CONSTRAINTSOLUTION,6,"2019/05/16 06:05:00",0,"2019/05/16 06:30:00",Q>NIL_MUTE_757,201.6,0,0,"2019/05/16 06:00:26",,"2014/09/02 00:00:00",1,57
D,P5MIN,CONSTRAINTSOLUTION,6,"2019/05/16 06:05:00",0,"2019/05/16 06:30:00",Q>NIL_MUTE_758,201.6,0,0,"2019/05/16 06:00:26",,"2014/09/02 00:00:00",1,57
D,P5MIN,CONSTRAINTSOLUTION,6,"2019/05/16 06:05:00",0,"2019/05/16 06:30:00",Q>NIL_TV66,410.96679,0,0,"2019/05/16 06:00:26",,"2018/08/20 00:00:00",1,0
D,P5MIN,CONSTRAINTSOLUTION,6,"2019/05/16 06:05:00",0,"2019/05/16 06:30:00",QNI_SOUTH_1150_DYN,1150,0,0,"2019/05/16 06:00:26",,"2019/01/30 00:00:00",1,409.81937
D,P5MIN,CONSTRAINTSOLUTION,6,"2019/05/16 06:05:00",0,"2019/05/16 06:30:00",QNTE_ROC,137,0,0,"2019/05/16 06:00:26",,"2010/11/08 00:00:00",3,57
D,P5MIN,CONSTRAINTSOLUTION,6,"2019/05/16 06:05:00",0,"2019/05/16 06:30:00",QN_1078_OSC_AUTO,11078,0,0,"2019/05/16 06:00:26",,"2013/07/25 00:00:00",1,409.81937
D,P5MIN,CONSTRAINTSOLUTION,6,"2019/05/16 06:05:00",0,"2019/05/16 06:30:00",Q^NIL_CN_FDR,-570.35637,0,0,"2019/05/16 06:00:26",,"2018/08/28 00:00:00",1,190.224
D,P5MIN,CONSTRAINTSOLUTION,6,"2019/05/16 06:05:00",0,"2019/05/16 06:30:00",Q^NIL_CN_GT,-716.83977,0,0,"2019/05/16 06:00:26",,"2018/08/28 00:00:00",1,144
D,P5MIN,CONSTRAINTSOLUTION,6,"2019/05/16 06:05:00",0,"2019/05/16 06:30:00",Q^NIL_FNQ,-328.66466,0,0,"2019/05/16 06:00:26",,"2018/08/28 00:00:00",1,144
D,P5MIN,CONSTRAINTSOLUTION,6,"2019/05/16 06:05:00",0,"2019/05/16 06:30:00",Q^NIL_GC,-5981.70342,0,0,"2019/05/16 06:00:26",,"2013/08/21 00:00:00",1,-57
D,P5MIN,CONSTRAINTSOLUTION,6,"2019/05/16 06:05:00",0,"2019/05/16 06:30:00",Q^^CS_-080,3362.16701,0,0,"2019/05/16 06:00:26",,"2018/08/30 00:00:00",1,2162.98126
D,P5MIN,CONSTRAINTSOLUTION,6,"2019/05/16 06:05:00",0,"2019/05/16 06:30:00",Q^^NIL_CS,3442.167,0,0,"2019/05/16 06:00:26",,"2018/08/30 00:00:00",1,2162.98126
D,P5MIN,CONSTRAINTSOLUTION,6,"2019/05/16 06:05:00",0,"2019/05/16 06:30:00",Q^^NIL_QNI_SRAR,973.86409,0,0,"2019/05/16 06:00:26",,"2019/04/11 00:00:00",1,652.22569
D,P5MIN,CONSTRAINTSOLUTION,6,"2019/05/16 06:05:00",0,"2019/05/16 06:30:00",Q^^NIL_TR_CLHA,5776.83113,0,0,"2019/05/16 06:00:26",,"2018/12/19 00:00:00",1,3501.40215
D,P5MIN,CONSTRAINTSOLUTION,6,"2019/05/16 06:05:00",0,"2019/05/16 06:30:00",Q^^NIL_TR_TRBK,6005.87744,0,0,"2019/05/16 06:00:26",,"2018/12/19 00:00:00",1,3814.92368
D,P5MIN,CONSTRAINTSOLUTION,6,"2019/05/16 06:05:00",0,"2019/05/16 06:30:00",Q^^TR_CLHA_-250,5287.34219,0,0,"2019/05/16 06:00:26",,"2018/12/19 00:00:00",1,3501.40215
D,P5MIN,CONSTRAINTSOLUTION,6,"2019/05/16 06:05:00",0,"2019/05/16 06:30:00",Q^^TR_TRBK_-150,5709.60111,0,0,"2019/05/16 06:00:26",,"2018/12/19 00:00:00",1,3814.92368
D,P5MIN,CONSTRAINTSOLUTION,6,"2019/05/16 06:05:00",0,"2019/05/16 06:30:00",Q_CS_2000,4642.5165,0,0,"2019/05/16 06:00:26",,"2019/01/15 00:00:00",1,3495.592
D,P5MIN,CONSTRAINTSOLUTION,6,"2019/05/16 06:05:00",0,"2019/05/16 06:30:00",S::V_NIL_TBSE_1,660.07794,0,0,"2019/05/16 06:00:26",,"2019/03/21 00:00:00",1,164.55667
D,P5MIN,CONSTRAINTSOLUTION,6,"2019/05/16 06:05:00",0,"2019/05/16 06:30:00",S::V_NIL_TBSE_2-DS,10000,0,0,"2019/05/16 06:00:26",,"2019/03/21 00:00:00",1,164.334
D,P5MIN,CONSTRAINTSOLUTION,6,"2019/05/16 06:05:00",0,"2019/05/16 06:30:00",S:VS_580_OSC_AUTO_1,10000,0,0,"2019/05/16 06:00:26",,"2016/06/30 00:00:00",1,184.84699
D,P5MIN,CONSTRAINTSOLUTION,6,"2019/05/16 06:05:00",0,"2019/05/16 06:30:00",S:VS_650_HY_TEST,650,0,0,"2019/05/16 06:00:26",,"2018/08/07 00:00:00",1,184.84699
D,P5MIN,CONSTRAINTSOLUTION,6,"2019/05/16 06:05:00",0,"2019/05/16 06:30:00",S:VS_650_HY_TEST_DYN,650,0,0,"2019/05/16 06:00:26",,"2015/11/25 00:00:00",1,184.84699
D,P5MIN,CONSTRAINTSOLUTION,6,"2019/05/16 06:05:00",0,"2019/05/16 06:30:00",S:VS_700_1,10000,0,0,"2019/05/16 06:00:26",,"2016/08/16 00:00:00",1,184.84699
D,P5MIN,CONSTRAINTSOLUTION,6,"2019/05/16 06:05:00",0,"2019/05/16 06:30:00",S:VS_700_OSC_AUTO,10700,0,0,"2019/05/16 06:00:26",,"2016/06/30 00:00:00",1,184.84699
D,P5MIN,CONSTRAINTSOLUTION,6,"2019/05/16 06:05:00",0,"2019/05/16 06:30:00",S:VS_800,800,0,0,"2019/05/16 06:00:26",,"2018/08/07 00:00:00",1,184.84699
D,P5MIN,CONSTRAINTSOLUTION,6,"2019/05/16 06:05:00",0,"2019/05/16 06:30:00",S:V_460_OSC_AUTO_1,10000,0,0,"2019/05/16 06:00:26",,"2016/06/30 00:00:00",1,166.84699
D,P5MIN,CONSTRAINTSOLUTION,6,"2019/05/16 06:05:00",0,"2019/05/16 06:30:00",S:V_500_HY_TEST,500,0,0,"2019/05/16 06:00:26",,"2018/08/07 00:00:00",1,166.84699
D,P5MIN,CONSTRAINTSOLUTION,6,"2019/05/16 06:05:00",0,"2019/05/16 06:30:00",S:V_500_HY_TEST_DYN,500,0,0,"2019/05/16 06:00:26",,"2015/11/25 00:00:00",1,166.84699
D,P5MIN,CONSTRAINTSOLUTION,6,"2019/05/16 06:05:00",0,"2019/05/16 06:30:00",S:V_550_1,10000,0,0,"2019/05/16 06:00:26",,"2016/08/16 00:00:00",1,166.84699
D,P5MIN,CONSTRAINTSOLUTION,6,"2019/05/16 06:05:00",0,"2019/05/16 06:30:00",S:V_550_OSC_AUTO,10550,0,0,"2019/05/16 06:00:26",,"2016/06/30 00:00:00",1,166.84699
D,P5MIN,CONSTRAINTSOLUTION,6,"2019/05/16 06:05:00",0,"2019/05/16 06:30:00",S:V_650,650,0,0,"2019/05/16 06:00:26",,"2018/08/07 00:00:00",1,166.84699
D,P5MIN,CONSTRAINTSOLUTION,6,"2019/05/16 06:05:00",0,"2019/05/16 06:30:00",S>>HUBG_AWHU_WEWT,325.66106,0,0,"2019/05/16 06:00:26",,"2019/05/15 00:00:00",1,52.56777
D,P5MIN,CONSTRAINTSOLUTION,6,"2019/05/16 06:05:00",0,"2019/05/16 06:30:00",S>>HUBG_BGDV_WEMWP4,257.37094,0,0,"2019/05/16 06:00:26",,"2019/05/15 00:00:00",1,-34.73806
D,P5MIN,CONSTRAINTSOLUTION,6,"2019/05/16 06:05:00",0,"2019/05/16 06:30:00",S>>HUBG_BGDV_WTWE,321.98442,0,0,"2019/05/16 06:00:26",,"2019/05/15 00:00:00",1,-65.69839
D,P5MIN,CONSTRAINTSOLUTION,6,"2019/05/16 06:05:00",0,"2019/05/16 06:30:00",S>>HUBG_BLDV_WEWT,327.58812,0,0,"2019/05/16 06:00:26",,"2019/05/15 00:00:00",1,63.914
D,P5MIN,CONSTRAINTSOLUTION,6,"2019/05/16 06:05:00",0,"2019/05/16 06:30:00",S>>HUBG_BLDV_WTTP,474.75562,0,0,"2019/05/16 06:00:26",,"2019/05/15 00:00:00",1,80.46897
D,P5MIN,CONSTRAINTSOLUTION,6,"2019/05/16 06:05:00",0,"2019/05/16 06:30:00",S>>HUBG_BWMP_WEWT,327.46542,0,0,"2019/05/16 06:00:26",,"2019/03/13 00:00:00",1,48.96609
D,P5MIN,CONSTRAINTSOLUTION,6,"2019/05/16 06:05:00",0,"2019/05/16 06:30:00",S>>HUBG_LKDV_WEWT,322.27366,0,0,"2019/05/16 06:00:26",,"2019/05/15 00:00:00",1,75.54057
D,P5MIN,CONSTRAINTSOLUTION,6,"2019/05/16 06:05:00",0,"2019/05/16 06:30:00",S>>HUBG_LKDV_WTTP,518.04196,0,0,"2019/05/16 06:00:26",,"2019/05/15 00:00:00",1,83.36145
D,P5MIN,CONSTRAINTSOLUTION,6,"2019/05/16 06:05:00",0,"2019/05/16 06:30:00",S>>HUBG_MNCLN_WEMWP4,205.50274,0,0,"2019/05/16 06:00:26",,"2019/05/15 00:00:00",1,-27.66584
D,P5MIN,CONSTRAINTSOLUTION,6,"2019/05/16 06:05:00",0,"2019/05/16 06:30:00",S>>HUBG_MNCLN_WTWE,273.36507,0,0,"2019/05/16 06:00:26",,"2019/05/15 00:00:00",1,-45.08981
D,P5MIN,CONSTRAINTSOLUTION,6,"2019/05/16 06:05:00",0,"2019/05/16 06:30:00",S>>HUBG_RBTU_WEWT,312.37576,0,0,"2019/05/16 06:00:26",,"2019/05/15 00:00:00",1,84.51164
D,P5MIN,CONSTRAINTSOLUTION,6,"2019/05/16 06:05:00",0,"2019/05/16 06:30:00",S>>HUBG_RBTU_WTTP,482.35613,0,0,"2019/05/16 06:00:26",,"2019/05/15 00:00:00",1,112.24222
D,P5MIN,CONSTRAINTSOLUTION,6,"2019/05/16 06:05:00",0,"2019/05/16 06:30:00",S>>HUBG_RBTX1_WEWT,306.41954,0,0,"2019/05/16 06:00:26",,"2019/05/15 00:00:00",1,41.27407
D,P5MIN,CONSTRAINTSOLUTION,6,"2019/05/16 06:05:00",0,"2019/05/16 06:30:00",S>>HUBG_WTTP_WEMWP4,223.55639,0,0,"2019/05/16 06:00:26",,"2019/05/15 00:00:00",1,9.6399
D,P5MIN,CONSTRAINTSOLUTION,6,"2019/05/16 06:05:00",0,"2019/05/16 06:30:00",S>>HUBG_WTTP_WTWE,287.80432,0,0,"2019/05/16 06:00:26",,"2019/05/15 00:00:00",1,-3.66081
D,P5MIN,CONSTRAINTSOLUTION,6,"2019/05/16 06:05:00",0,"2019/05/16 06:30:00",S>>NIL_BGBW_BRTW,1274.06222,0,0,"2019/05/16 06:00:26",,"2019/05/15 00:00:00",1,227.82684
D,P5MIN,CONSTRAINTSOLUTION,6,"2019/05/16 06:05:00",0,"2019/05/16 06:30:00",S>>NIL_BRTW_WEP4,367.65406,0,0,"2019/05/16 06:00:26",,"2019/05/15 00:00:00",1,1.33131
D,P5MIN,CONSTRAINTSOLUTION,6,"2019/05/16 06:05:00",0,"2019/05/16 06:30:00",S>>NIL_BRTW_WTTP,576.17024,0,0,"2019/05/16 06:00:26",,"2019/05/15 00:00:00",1,129.93994
D,P5MIN,CONSTRAINTSOLUTION,6,"2019/05/16 06:05:00",0,"2019/05/16 06:30:00",S>>NIL_BRTX_WEP4,327.03743,0,0,"2019/05/16 06:00:26",,"2019/05/15 00:00:00",1,-13.38588
D,P5MIN,CONSTRAINTSOLUTION,6,"2019/05/16 06:05:00",0,"2019/05/16 06:30:00",S>>NIL_BRTX_WTTP,532.3216,0,0,"2019/05/16 06:00:26",,"2019/05/15 00:00:00",1,91.48613
D,P5MIN,CONSTRAINTSOLUTION,6,"2019/05/16 06:05:00",0,"2019/05/16 06:30:00",S>>NIL_BWMP_BRTW,1273.33966,0,0,"2019/05/16 06:00:26",,"2019/05/15 00:00:00",1,273.93356
D,P5MIN,CONSTRAINTSOLUTION,6,"2019/05/16 06:05:00",0,"2019/05/16 06:30:00",S>>NIL_BWMP_TPRS,466.99809,0,0,"2019/05/16 06:00:26",,"2019/05/15 00:00:00",1,94.73189
D,P5MIN,CONSTRAINTSOLUTION,6,"2019/05/16 06:05:00",0,"2019/05/16 06:30:00",S>>NIL_BWMP_TWPA,1147.4551,0,0,"2019/05/16 06:00:26",,"2019/05/15 00:00:00",1,257.92533
D,P5MIN,CONSTRAINTSOLUTION,6,"2019/05/16 06:05:00",0,"2019/05/16 06:30:00",S>>NIL_BWMP_WEP4,285.87569,0,0,"2019/05/16 06:00:26",,"2019/05/15 00:00:00",1,-7.59197
D,P5MIN,CONSTRAINTSOLUTION,6,"2019/05/16 06:05:00",0,"2019/05/16 06:30:00",S>>NIL_BWMP_WTTP,587.11261,0,0,"2019/05/16 06:00:26",,"2019/05/15 00:00:00",1,129.24317
D,P5MIN,CONSTRAINTSOLUTION,6,"2019/05/16 06:05:00",0,"2019/05/16 06:30:00",S>>NIL_CGTB_TUTB_1,679.86859,0,0,"2019/05/16 06:00:26",,"2019/05/15 00:00:00",1,163.69462
D,P5MIN,CONSTRAINTSOLUTION,6,"2019/05/16 06:05:00",0,"2019/05/16 06:30:00",S>>NIL_CNRB_WEMWP4,387.00337,0,0,"2019/05/16 06:00:26",,"2019/05/15 00:00:00",1,32.75411
D,P5MIN,CONSTRAINTSOLUTION,6,"2019/05/16 06:05:00",0,"2019/05/16 06:30:00",S>>NIL_HUBG-T_WEWT,10000,0,0,"2019/05/16 06:00:26",,"2019/05/15 00:00:00",1,52.56777
D,P5MIN,CONSTRAINTSOLUTION,6,"2019/05/16 06:05:00",0,"2019/05/16 06:30:00",S>>NIL_HUBG-T_WEWT2,323.92157,0,0,"2019/05/16 06:00:26",,"2019/05/15 00:00:00",1,52.56777
D,P5MIN,CONSTRAINTSOLUTION,6,"2019/05/16 06:05:00",0,"2019/05/16 06:30:00",S>>NIL_LKDV_WEWT,294.70547,0,0,"2019/05/16 06:00:26",,"2019/05/15 00:00:00",1,67.63883
D,P5MIN,CONSTRAINTSOLUTION,6,"2019/05/16 06:05:00",0,"2019/05/16 06:30:00",S>>NIL_MKRB_WEMWP4,368.00907,0,0,"2019/05/16 06:00:26",,"2019/05/15 00:00:00",1,-2.73597
D,P5MIN,CONSTRAINTSOLUTION,6,"2019/05/16 06:05:00",0,"2019/05/16 06:30:00",S>>NIL_RBPA_RBTU,1191.97315,0,0,"2019/05/16 06:00:26",,"2019/05/15 00:00:00",1,315.78395
D,P5MIN,CONSTRAINTSOLUTION,6,"2019/05/16 06:05:00",0,"2019/05/16 06:30:00",S>>NIL_RBPA_WEWT,315.80798,0,0,"2019/05/16 06:00:26",,"2019/05/15 00:00:00",1,72.31584
D,P5MIN,CONSTRAINTSOLUTION,6,"2019/05/16 06:05:00",0,"2019/05/16 06:30:00",S>>NIL_RBTU_BRTW,1414.35081,0,0,"2019/05/16 06:00:26",,"2019/05/15 00:00:00",1,267.24763
D,P5MIN,CONSTRAINTSOLUTION,6,"2019/05/16 06:05:00",0,"2019/05/16 06:30:00",S>>NIL_RBTU_RBPA,1282.82351,0,0,"2019/05/16 06:00:26",,"2019/05/15 00:00:00",1,314.73582
D,P5MIN,CONSTRAINTSOLUTION,6,"2019/05/16 06:05:00",0,"2019/05/16 06:30:00",S>>NIL_RBTU_TWPA,1130.68012,0,0,"2019/05/16 06:00:26",,"2019/05/15 00:00:00",1,226.42701
D,P5MIN,CONSTRAINTSOLUTION,6,"2019/05/16 06:05:00",0,"2019/05/16 06:30:00",S>>NIL_RBTU_WEWT,307.11068,0,0,"2019/05/16 06:00:26",,"2019/05/15 00:00:00",1,80.00821
D,P5MIN,CONSTRAINTSOLUTION,6,"2019/05/16 06:05:00",0,"2019/05/16 06:30:00",S>>NIL_RBTU_WTTP,599.88632,0,0,"2019/05/16 06:00:26",,"2019/05/15 00:00:00",1,142.23664
D,P5MIN,CONSTRAINTSOLUTION,6,"2019/05/16 06:05:00",0,"2019/05/16 06:30:00",S>>NIL_RBTX1_WTWE,280.20831,0,0,"2019/05/16 06:00:26",,"2019/05/15 00:00:00",1,-32.20085
D,P5MIN,CONSTRAINTSOLUTION,6,"2019/05/16 06:05:00",0,"2019/05/16 06:30:00",S>>NIL_SETB_SETB_1,909.52707,0,0,"2019/05/16 06:00:26",,"2019/05/15 00:00:00",1,-163.80182
D,P5MIN,CONSTRAINTSOLUTION,6,"2019/05/16 06:05:00",0,"2019/05/16 06:30:00",S>>NIL_TBCG_TBTU_1,894.76543,0,0,"2019/05/16 06:00:26",,"2019/05/15 00:00:00",1,-163.69462
D,P5MIN,CONSTRAINTSOLUTION,6,"2019/05/16 06:05:00",0,"2019/05/16 06:30:00",S>>NIL_TBSE_PWSE_1,10000,0,0,"2019/05/16 06:00:26",,"2019/03/11 00:00:00",1,39.1052
D,P5MIN,CONSTRAINTSOLUTION,6,"2019/05/16 06:05:00",0,"2019/05/16 06:30:00",S>>NIL_TBSE_TBSE_1,754.52969,0,0,"2019/05/16 06:00:26",,"2019/05/15 00:00:00",1,163.80182
D,P5MIN,CONSTRAINTSOLUTION,6,"2019/05/16 06:05:00",0,"2019/05/16 06:30:00",S>>NIL_TBTU_TBCG_1,948.17195,0,0,"2019/05/16 06:00:26",,"2019/05/15 00:00:00",1,-163.69462
D,P5MIN,CONSTRAINTSOLUTION,6,"2019/05/16 06:05:00",0,"2019/05/16 06:30:00",S>>NIL_TBTU_TBMO_1,435.09917,0,0,"2019/05/16 06:00:26",,"2019/05/15 00:00:00",1,-82.30644
D,P5MIN,CONSTRAINTSOLUTION,6,"2019/05/16 06:05:00",0,"2019/05/16 06:30:00",S>>NIL_TUTB_CGTB_1,733.53365,0,0,"2019/05/16 06:00:26",,"2019/05/15 00:00:00",1,163.69462
D,P5MIN,CONSTRAINTSOLUTION,6,"2019/05/16 06:05:00",0,"2019/05/16 06:30:00",S>>NIL_TUTB_PAAC,765.10627,0,0,"2019/05/16 06:00:26",,"2019/05/15 00:00:00",1,94.10295
D,P5MIN,CONSTRAINTSOLUTION,6,"2019/05/16 06:05:00",0,"2019/05/16 06:30:00",S>>NIL_TWPA_BWMP,932.45446,0,0,"2019/05/16 06:00:26",,"2019/05/15 00:00:00",1,179.39929
D,P5MIN,CONSTRAINTSOLUTION,6,"2019/05/16 06:05:00",0,"2019/05/16 06:30:00",S>>NIL_TWPA_TPRS,384.25399,0,0,"2019/05/16 06:00:26",,"2019/05/15 00:00:00",1,104.9617
D,P5MIN,CONSTRAINTSOLUTION,6,"2019/05/16 06:05:00",0,"2019/05/16 06:30:00",S>>NIL_TWPA_WEMW4,304.28185,0,0,"2019/05/16 06:00:26",,"2019/05/15 00:00:00",1,15.43635
D,P5MIN,CONSTRAINTSOLUTION,6,"2019/05/16 06:05:00",0,"2019/05/16 06:30:00",S>>TBTX4_CGTB_TUTB,643.19351,0,0,"2019/05/16 06:00:26",,"2019/03/13 00:00:00",1,163.78114
D,P5MIN,CONSTRAINTSOLUTION,6,"2019/05/16 06:05:00",0,"2019/05/16 06:30:00",S>>TBTX4_TBCG_TBTU,805.05919,0,0,"2019/05/16 06:00:26",,"2019/03/13 00:00:00",1,-163.78114
D,P5MIN,CONSTRAINTSOLUTION,6,"2019/05/16 06:05:00",0,"2019/05/16 06:30:00",S>>TBTX4_TBTU_TBCG,803.09211,0,0,"2019/05/16 06:00:26",,"2019/03/13 00:00:00",1,-163.78114
D,P5MIN,CONSTRAINTSOLUTION,6,"2019/05/16 06:05:00",0,"2019/05/16 06:30:00",S>>TBTX4_TUTB_CGTB,649.92504,0,0,"2019/05/16 06:00:26",,"2019/03/13 00:00:00",1,163.78114
D,P5MIN,CONSTRAINTSOLUTION,6,"2019/05/16 06:05:00",0,"2019/05/16 06:30:00",S>>V_NIL_DVBG_STBG,185.71083,0,0,"2019/05/16 06:00:26",,"2019/05/14 00:00:00",1,-2.87831
D,P5MIN,CONSTRAINTSOLUTION,6,"2019/05/16 06:05:00",0,"2019/05/16 06:30:00",S>>V_NIL_NIL_HUWT,223.32559,0,0,"2019/05/16 06:00:26",,"2019/05/14 00:00:00",1,-1.90288
D,P5MIN,CONSTRAINTSOLUTION,6,"2019/05/16 06:05:00",0,"2019/05/16 06:30:00",S>>V_NIL_NIL_MNWT,302.12275,0,0,"2019/05/16 06:00:26",,"2019/05/14 00:00:00",1,0.27424
D,P5MIN,CONSTRAINTSOLUTION,6,"2019/05/16 06:05:00",0,"2019/05/16 06:30:00",S>>V_NIL_RBTX_MW4RB,324.20802,0,0,"2019/05/16 06:00:26",,"2019/05/14 00:00:00",1,-15.8299
D,P5MIN,CONSTRAINTSOLUTION,6,"2019/05/16 06:05:00",0,"2019/05/16 06:30:00",S>>V_NIL_WTTP_WEMW4,308.42866,0,0,"2019/05/16 06:00:26",,"2019/05/14 00:00:00",1,18.42357
D,P5MIN,CONSTRAINTSOLUTION,6,"2019/05/16 06:05:00",0,"2019/05/16 06:30:00",S>DVTX_NIL_DVTX,166.78132,0,0,"2019/05/16 06:00:26",,"2019/01/22 00:00:00",1,0
D,P5MIN,CONSTRAINTSOLUTION,6,"2019/05/16 06:05:00",0,"2019/05/16 06:30:00",S>NIL_BRTW_MNWT,323.88287,0,0,"2019/05/16 06:00:26",,"2019/05/14 00:00:00",1,29.73391
D,P5MIN,CONSTRAINTSOLUTION,6,"2019/05/16 06:05:00",0,"2019/05/16 06:30:00",S>NIL_BWMP_CNRB,739.0766,0,0,"2019/05/16 06:00:26",,"2019/05/14 00:00:00",1,242.93301
D,P5MIN,CONSTRAINTSOLUTION,6,"2019/05/16 06:05:00",0,"2019/05/16 06:30:00",S>NIL_BWMP_HUWT,223.36513,0,0,"2019/05/16 06:00:26",,"2019/05/14 00:00:00",1,7.18377
D,P5MIN,CONSTRAINTSOLUTION,6,"2019/05/16 06:05:00",0,"2019/05/16 06:30:00",S>NIL_BWMP_RHBR-T,310.82547,0,0,"2019/05/16 06:00:26",,"2019/05/14 00:00:00",1,57.28737
D,P5MIN,CONSTRAINTSOLUTION,6,"2019/05/16 06:05:00",0,"2019/05/16 06:30:00",S>NIL_DVBG_BRTW,1606.67228,0,0,"2019/05/16 06:00:26",,"2019/05/14 00:00:00",1,275.39025
D,P5MIN,CONSTRAINTSOLUTION,6,"2019/05/16 06:05:00",0,"2019/05/16 06:30:00",S>NIL_DVTX_DVTX,166.1986,0,0,"2019/05/16 06:00:26",,"2019/01/11 00:00:00",1,0
D,P5MIN,CONSTRAINTSOLUTION,6,"2019/05/16 06:05:00",0,"2019/05/16 06:30:00",S>NIL_HUWT_STBG,10000,0,0,"2019/05/16 06:00:26",,"2019/01/11 00:00:00",1,0
D,P5MIN,CONSTRAINTSOLUTION,6,"2019/05/16 06:05:00",0,"2019/05/16 06:30:00",S>NIL_HUWT_STBG2,126.1411,0,0,"2019/05/16 06:00:26",,"2019/01/11 00:00:00",1,0
D,P5MIN,CONSTRAINTSOLUTION,6,"2019/05/16 06:05:00",0,"2019/05/16 06:30:00",S>NIL_LKDV_CNRB,455.07,0,0,"2019/05/16 06:00:26",,"2019/01/11 00:00:00",1,219.572
D,P5MIN,CONSTRAINTSOLUTION,6,"2019/05/16 06:05:00",0,"2019/05/16 06:30:00",S>NIL_MHNW1_MHNW2,10000,0,0,"2019/05/16 06:00:26",,"2019/01/11 00:00:00",1,-18
D,P5MIN,CONSTRAINTSOLUTION,6,"2019/05/16 06:05:00",0,"2019/05/16 06:30:00",S>NIL_NIL_DLAW,116.37776,0,0,"2019/05/16 06:00:26",,"2019/01/11 00:00:00",1,0
D,P5MIN,CONSTRAINTSOLUTION,6,"2019/05/16 06:05:00",0,"2019/05/16 06:30:00",S>NIL_NIL_MHNW2,270.04282,0,0,"2019/05/16 06:00:26",,"2019/01/11 00:00:00",1,-18
D,P5MIN,CONSTRAINTSOLUTION,6,"2019/05/16 06:05:00",0,"2019/05/16 06:30:00",S>NIL_NIL_MYSG-T,275.99404,0,0,"2019/05/16 06:00:26",,"2019/03/14 00:00:00",2,3.181
D,P5MIN,CONSTRAINTSOLUTION,6,"2019/05/16 06:05:00",0,"2019/05/16 06:30:00",S>NIL_NIL_NWMH2,224.43235,0,0,"2019/05/16 06:00:26",,"2019/01/11 00:00:00",1,18
D,P5MIN,CONSTRAINTSOLUTION,6,"2019/05/16 06:05:00",0,"2019/05/16 06:30:00",S>NIL_NIL_SETX12,385.99099,0,0,"2019/05/16 06:00:26",,"2019/03/14 00:00:00",2,3.181
D,P5MIN,CONSTRAINTSOLUTION,6,"2019/05/16 06:05:00",0,"2019/05/16 06:30:00",S>NIL_NIL_SGBN,348.46087,0,0,"2019/05/16 06:00:26",,"2019/03/14 00:00:00",2,3.181
D,P5MIN,CONSTRAINTSOLUTION,6,"2019/05/16 06:05:00",0,"2019/05/16 06:30:00",S>NIL_NIL_SGMYSE-T2,406.28946,0,0,"2019/05/16 06:00:26",,"2019/03/14 00:00:00",2,3.181
D,P5MIN,CONSTRAINTSOLUTION,6,"2019/05/16 06:05:00",0,"2019/05/16 06:30:00",S>NIL_NWMH1_NWMH2,10000,0,0,"2019/05/16 06:00:26",,"2019/01/11 00:00:00",1,18
D,P5MIN,CONSTRAINTSOLUTION,6,"2019/05/16 06:05:00",0,"2019/05/16 06:30:00",S>NIL_PL_GENMAX,75.92805,0,0,"2019/05/16 06:00:26",,"2019/01/11 00:00:00",1,0
D,P5MIN,CONSTRAINTSOLUTION,6,"2019/05/16 06:05:00",0,"2019/05/16 06:30:00",S>NIL_PL_GENMAX_YDMD,104.09543,0,0,"2019/05/16 06:00:26",,"2019/01/11 00:00:00",1,0
D,P5MIN,CONSTRAINTSOLUTION,6,"2019/05/16 06:05:00",0,"2019/05/16 06:30:00",S>NIL_RBMWP3_RBNW1,10000,0,0,"2019/05/16 06:00:26",,"2019/01/11 00:00:00",1,18
D,P5MIN,CONSTRAINTSOLUTION,6,"2019/05/16 06:05:00",0,"2019/05/16 06:30:00",S>NIL_RBNW1_RBMWP3,10000,0,0,"2019/05/16 06:00:26",,"2019/01/11 00:00:00",1,18
D,P5MIN,CONSTRAINTSOLUTION,6,"2019/05/16 06:05:00",0,"2019/05/16 06:30:00",S>NIL_SGBN_SGSE-T2,10000,0,0,"2019/05/16 06:00:26",,"2019/03/14 00:00:00",2,3.181
D,P5MIN,CONSTRAINTSOLUTION,6,"2019/05/16 06:05:00",0,"2019/05/16 06:30:00",S>NIL_TINO3_TINO4,307.14399,0,0,"2019/05/16 06:00:26",,"2019/03/14 00:00:00",2,-186
D,P5MIN,CONSTRAINTSOLUTION,6,"2019/05/16 06:05:00",0,"2019/05/16 06:30:00",S>NIL_WEMW4_WTTP,385.45049,0,0,"2019/05/16 06:00:26",,"2019/05/14 00:00:00",1,50.637
D,P5MIN,CONSTRAINTSOLUTION,6,"2019/05/16 06:05:00",0,"2019/05/16 06:30:00",S>SETXH1_SETXL2,67.92571,0,0,"2019/05/16 06:00:26",,"2019/05/16 00:00:00",4,-15.19376
D,P5MIN,CONSTRAINTSOLUTION,6,"2019/05/16 06:05:00",0,"2019/05/16 06:30:00",S>V_NIL_NIL_RBNW,167.95875,0,0,"2019/05/16 06:00:26",,"2019/01/25 00:00:00",1,18
D,P5MIN,CONSTRAINTSOLUTION,6,"2019/05/16 06:05:00",0,"2019/05/16 06:30:00",S>V_NIL_SEHY,742,0,0,"2019/05/16 06:00:26",,"2016/09/13 00:00:00",1,166.84699
D,P5MIN,CONSTRAINTSOLUTION,6,"2019/05/16 06:05:00",0,"2019/05/16 06:30:00",S>V_NIL_SETX_SETX,10000,0,0,"2019/05/16 06:00:26",,"2019/05/08 00:00:00",2,0
D,P5MIN,CONSTRAINTSOLUTION,6,"2019/05/16 06:05:00",0,"2019/05/16 06:30:00",S>V_NIL_SETX_SETX1,178.64053,0,0,"2019/05/16 06:00:26",,"2019/05/08 00:00:00",2,3.181
D,P5MIN,CONSTRAINTSOLUTION,6,"2019/05/16 06:05:00",0,"2019/05/16 06:30:00",SVML_233,233,0,0,"2019/05/16 06:00:26",,"2014/10/01 00:00:00",1,18
D,P5MIN,CONSTRAINTSOLUTION,6,"2019/05/16 06:05:00",0,"2019/05/16 06:30:00",SVML_ROC_80,98,0,0,"2019/05/16 06:00:26",,"2016/08/23 00:00:00",1,18
D,P5MIN,CONSTRAINTSOLUTION,6,"2019/05/16 06:05:00",0,"2019/05/16 06:30:00",S^NIL_PL_MAX,44.79406,0,0,"2019/05/16 06:00:26",,"2017/07/11 00:00:00",1,0
D,P5MIN,CONSTRAINTSOLUTION,6,"2019/05/16 06:05:00",0,"2019/05/16 06:30:00",S_LB2WF_CONF,198,0,0,"2019/05/16 06:00:26",,"2015/08/07 00:00:00",1,3.181
D,P5MIN,CONSTRAINTSOLUTION,6,"2019/05/16 06:05:00",0,"2019/05/16 06:30:00",S_NIL_STRENGTH_1,10516,0,0,"2019/05/16 06:00:26",,"2018/12/05 00:00:00",1,446.483
D,P5MIN,CONSTRAINTSOLUTION,6,"2019/05/16 06:05:00",0,"2019/05/16 06:30:00",S_NIL_STRENGTH_2,1790.84049,0,0,"2019/05/16 06:00:26",,"2018/11/26 00:00:00",1,279.63601
D,P5MIN,CONSTRAINTSOLUTION,6,"2019/05/16 06:05:00",0,"2019/05/16 06:30:00",S_V_NIL_ROCOF,1273.80002,0,0,"2019/05/16 06:00:26",,"2019/01/03 00:00:00",1,166.84699
D,P5MIN,CONSTRAINTSOLUTION,6,"2019/05/16 06:05:00",0,"2019/05/16 06:30:00",T::T_NIL_1,727.91831,0,0,"2019/05/16 06:00:26",,"2014/07/31 00:00:00",1,416.42208
D,P5MIN,CONSTRAINTSOLUTION,6,"2019/05/16 06:05:00",0,"2019/05/16 06:30:00",T::T_NIL_2,10639.40635,0,0,"2019/05/16 06:00:26",,"2014/07/31 00:00:00",1,407.29856
D,P5MIN,CONSTRAINTSOLUTION,6,"2019/05/16 06:05:00",0,"2019/05/16 06:30:00",T::T_NIL_3,758.18363,0,0,"2019/05/16 06:00:26",,"2014/07/31 00:00:00",1,628.06957
D,P5MIN,CONSTRAINTSOLUTION,6,"2019/05/16 06:05:00",0,"2019/05/16 06:30:00",T::T_NIL_4,10889.08997,0,0,"2019/05/16 06:00:26",,"2014/07/31 00:00:00",1,628.58818
D,P5MIN,CONSTRAINTSOLUTION,6,"2019/05/16 06:05:00",0,"2019/05/16 06:30:00",T:T_LIPM_1,-344.29524,0,0,"2019/05/16 06:00:26",,"2013/08/21 00:00:00",1,-428.57027
D,P5MIN,CONSTRAINTSOLUTION,6,"2019/05/16 06:05:00",0,"2019/05/16 06:30:00",T:T_LIPM_2,489.12166,0,0,"2019/05/16 06:00:26",,"2013/08/21 00:00:00",1,271.93574
D,P5MIN,CONSTRAINTSOLUTION,6,"2019/05/16 06:05:00",0,"2019/05/16 06:30:00",T>>T_NIL_BL_EXP_3F,11137.81748,0,0,"2019/05/16 06:00:26",,"2017/07/17 00:00:00",1,590.87239
D,P5MIN,CONSTRAINTSOLUTION,6,"2019/05/16 06:05:00",0,"2019/05/16 06:30:00",T>>T_NIL_BL_EXP_3G,11314.60614,0,0,"2019/05/16 06:00:26",,"2017/07/17 00:00:00",1,456.9949
D,P5MIN,CONSTRAINTSOLUTION,6,"2019/05/16 06:05:00",0,"2019/05/16 06:30:00",T>>T_NIL_BL_EXP_3H,11631.82307,0,0,"2019/05/16 06:00:26",,"2017/07/17 00:00:00",1,677.45755
D,P5MIN,CONSTRAINTSOLUTION,6,"2019/05/16 06:05:00",0,"2019/05/16 06:30:00",T>>T_NIL_BL_EXP_4E,10427.10018,0,0,"2019/05/16 06:00:26",,"2016/07/26 00:00:00",1,230.66885
D,P5MIN,CONSTRAINTSOLUTION,6,"2019/05/16 06:05:00",0,"2019/05/16 06:30:00",T>>T_NIL_BL_EXP_4F,10381.83625,0,0,"2019/05/16 06:00:26",,"2016/06/16 00:00:00",1,221.84324
D,P5MIN,CONSTRAINTSOLUTION,6,"2019/05/16 06:05:00",0,"2019/05/16 06:30:00",T>>T_NIL_BL_EXP_5F,21087.67226,0,0,"2019/05/16 06:00:26",,"2017/07/17 00:00:00",1,622.04336
D,P5MIN,CONSTRAINTSOLUTION,6,"2019/05/16 06:05:00",0,"2019/05/16 06:30:00",T>>T_NIL_BL_EXP_5G,11323.66295,0,0,"2019/05/16 06:00:26",,"2017/07/17 00:00:00",1,526.59727
D,P5MIN,CONSTRAINTSOLUTION,6,"2019/05/16 06:05:00",0,"2019/05/16 06:30:00",T>>T_NIL_BL_EXP_5H,11525.13324,0,0,"2019/05/16 06:00:26",,"2017/07/17 00:00:00",1,709.97147
D,P5MIN,CONSTRAINTSOLUTION,6,"2019/05/16 06:05:00",0,"2019/05/16 06:30:00",T>>T_NIL_BL_EXP_6E,21030.20735,0,0,"2019/05/16 06:00:26",,"2017/07/17 00:00:00",1,784.46689
D,P5MIN,CONSTRAINTSOLUTION,6,"2019/05/16 06:05:00",0,"2019/05/16 06:30:00",T>>T_NIL_BL_EXP_6F,21104.73268,0,0,"2019/05/16 06:00:26",,"2017/07/17 00:00:00",1,666.68258
D,P5MIN,CONSTRAINTSOLUTION,6,"2019/05/16 06:05:00",0,"2019/05/16 06:30:00",T>>T_NIL_BL_EXP_7C,20569.57316,0,0,"2019/05/16 06:00:26",,"2017/07/17 00:00:00",1,493.68258
D,P5MIN,CONSTRAINTSOLUTION,6,"2019/05/16 06:05:00",0,"2019/05/16 06:30:00",T>T_LIPM_110_2A,-338.62369,-6.7827,0,"2019/05/16 06:00:26",,"2019/04/24 00:00:00",2,-338.62369
D,P5MIN,CONSTRAINTSOLUTION,6,"2019/05/16 06:05:00",0,"2019/05/16 06:30:00",T>T_LIPM_110_2B,494.09365,0,0,"2019/05/16 06:00:26",,"2019/04/24 00:00:00",2,338.62369
D,P5MIN,CONSTRAINTSOLUTION,6,"2019/05/16 06:05:00",0,"2019/05/16 06:30:00",T>T_LIPM_110_3_1,327.12271,0,0,"2019/05/16 06:00:26",,"2019/04/24 00:00:00",2,144.15644
D,P5MIN,CONSTRAINTSOLUTION,6,"2019/05/16 06:05:00",0,"2019/05/16 06:30:00",T>T_LIPM_110_5,-26.76675,0,0,"2019/05/16 06:00:26",,"2019/04/24 00:00:00",2,-233.37934
D,P5MIN,CONSTRAINTSOLUTION,6,"2019/05/16 06:05:00",0,"2019/05/16 06:30:00",T>T_NIL_110_4,241.7948,0,0,"2019/05/16 06:00:26",,"2019/01/11 00:00:00",1,-25.49737
D,P5MIN,CONSTRAINTSOLUTION,6,"2019/05/16 06:05:00",0,"2019/05/16 06:30:00",T>T_NIL_110_5,366.41386,0,0,"2019/05/16 06:00:26",,"2019/01/11 00:00:00",1,25.49737
D,P5MIN,CONSTRAINTSOLUTION,6,"2019/05/16 06:05:00",0,"2019/05/16 06:30:00",T>T_NIL_BL_110_18_1,316.73733,0,0,"2019/05/16 06:00:26",,"2019/01/11 00:00:00",1,134.2567
D,P5MIN,CONSTRAINTSOLUTION,6,"2019/05/16 06:05:00",0,"2019/05/16 06:30:00",T>T_NIL_BL_110_8,272.34457,0,0,"2019/05/16 06:00:26",,"2019/01/11 00:00:00",1,118.70729
D,P5MIN,CONSTRAINTSOLUTION,6,"2019/05/16 06:05:00",0,"2019/05/16 06:30:00",T>T_NIL_BL_220_6B,1006.24514,0,0,"2019/05/16 06:00:26",,"2019/01/11 00:00:00",1,305.22161
D,P5MIN,CONSTRAINTSOLUTION,6,"2019/05/16 06:05:00",0,"2019/05/16 06:30:00",T>T_NIL_BL_3A,1612.29628,0,0,"2019/05/16 06:00:26",,"2019/01/11 00:00:00",1,458.66299
D,P5MIN,CONSTRAINTSOLUTION,6,"2019/05/16 06:05:00",0,"2019/05/16 06:30:00",T>T_NIL_BL_3B,1611.53033,0,0,"2019/05/16 06:00:26",,"2019/01/11 00:00:00",1,458.66299
D,P5MIN,CONSTRAINTSOLUTION,6,"2019/05/16 06:05:00",0,"2019/05/16 06:30:00",T>T_NIL_BL_3C,11184.71704,0,0,"2019/05/16 06:00:26",,"2017/07/17 00:00:00",1,460.36695
D,P5MIN,CONSTRAINTSOLUTION,6,"2019/05/16 06:05:00",0,"2019/05/16 06:30:00",T>T_NIL_BL_3D,11361.91178,0,0,"2019/05/16 06:00:26",,"2017/07/17 00:00:00",1,324.86914
D,P5MIN,CONSTRAINTSOLUTION,6,"2019/05/16 06:05:00",0,"2019/05/16 06:30:00",T>T_NIL_BL_3E,11678.94713,0,0,"2019/05/16 06:00:26",,"2017/07/17 00:00:00",1,546.60291
D,P5MIN,CONSTRAINTSOLUTION,6,"2019/05/16 06:05:00",0,"2019/05/16 06:30:00",T>T_NIL_BL_4A,636.63757,0,0,"2019/05/16 06:00:26",,"2019/01/11 00:00:00",1,95.09167
D,P5MIN,CONSTRAINTSOLUTION,6,"2019/05/16 06:05:00",0,"2019/05/16 06:30:00",T>T_NIL_BL_4B,636.90791,0,0,"2019/05/16 06:00:26",,"2019/01/11 00:00:00",1,95.09167
D,P5MIN,CONSTRAINTSOLUTION,6,"2019/05/16 06:05:00",0,"2019/05/16 06:30:00",T>T_NIL_BL_4C,10813.55979,0,0,"2019/05/16 06:00:26",,"2016/07/26 00:00:00",1,155.14596
D,P5MIN,CONSTRAINTSOLUTION,6,"2019/05/16 06:05:00",0,"2019/05/16 06:30:00",T>T_NIL_BL_4D,10966.52675,0,0,"2019/05/16 06:00:26",,"2016/07/26 00:00:00",1,185.16906
D,P5MIN,CONSTRAINTSOLUTION,6,"2019/05/16 06:05:00",0,"2019/05/16 06:30:00",T>T_NIL_BL_5A,1486.85931,0,0,"2019/05/16 06:00:26",,"2019/01/11 00:00:00",1,494.98879
D,P5MIN,CONSTRAINTSOLUTION,6,"2019/05/16 06:05:00",0,"2019/05/16 06:30:00",T>T_NIL_BL_5B,1486.23758,0,0,"2019/05/16 06:00:26",,"2019/01/11 00:00:00",1,494.98879
D,P5MIN,CONSTRAINTSOLUTION,6,"2019/05/16 06:05:00",0,"2019/05/16 06:30:00",T>T_NIL_BL_5C,11132.77546,0,0,"2019/05/16 06:00:26",,"2017/07/17 00:00:00",1,494.97412
D,P5MIN,CONSTRAINTSOLUTION,6,"2019/05/16 06:05:00",0,"2019/05/16 06:30:00",T>T_NIL_BL_5D,11373.66931,0,0,"2019/05/16 06:00:26",,"2017/07/17 00:00:00",1,386.91469
D,P5MIN,CONSTRAINTSOLUTION,6,"2019/05/16 06:05:00",0,"2019/05/16 06:30:00",T>T_NIL_BL_5E,11571.79138,0,0,"2019/05/16 06:00:26",,"2017/07/17 00:00:00",1,580.36001
D,P5MIN,CONSTRAINTSOLUTION,6,"2019/05/16 06:05:00",0,"2019/05/16 06:30:00",T>T_NIL_BL_6A,1450.40501,0,0,"2019/05/16 06:00:26",,"2019/01/11 00:00:00",1,644.78018
D,P5MIN,CONSTRAINTSOLUTION,6,"2019/05/16 06:05:00",0,"2019/05/16 06:30:00",T>T_NIL_BL_6B,1449.72909,0,0,"2019/05/16 06:00:26",,"2019/01/11 00:00:00",1,644.78018
D,P5MIN,CONSTRAINTSOLUTION,6,"2019/05/16 06:05:00",0,"2019/05/16 06:30:00",T>T_NIL_BL_6C,11080.21981,0,0,"2019/05/16 06:00:26",,"2017/07/17 00:00:00",1,362.78431
D,P5MIN,CONSTRAINTSOLUTION,6,"2019/05/16 06:05:00",0,"2019/05/16 06:30:00",T>T_NIL_BL_6D,11155.36267,0,0,"2019/05/16 06:00:26",,"2017/07/17 00:00:00",1,245
D,P5MIN,CONSTRAINTSOLUTION,6,"2019/05/16 06:05:00",0,"2019/05/16 06:30:00",T>T_NIL_BL_IMP_2B,915.71839,0,0,"2019/05/16 06:00:26",,"2019/01/11 00:00:00",1,218.1604
D,P5MIN,CONSTRAINTSOLUTION,6,"2019/05/16 06:05:00",0,"2019/05/16 06:30:00",T>T_NIL_BL_IMP_3F,1207.12764,0,0,"2019/05/16 06:00:26",,"2019/01/11 00:00:00",1,458.68262
D,P5MIN,CONSTRAINTSOLUTION,6,"2019/05/16 06:05:00",0,"2019/05/16 06:30:00",T>T_NIL_BL_IMP_3FF,1206.62552,0,0,"2019/05/16 06:00:26",,"2019/01/11 00:00:00",1,458.68262
D,P5MIN,CONSTRAINTSOLUTION,6,"2019/05/16 06:05:00",0,"2019/05/16 06:30:00",T>T_NIL_BL_IMP_3G,1379.32604,0,0,"2019/05/16 06:00:26",,"2019/01/11 00:00:00",1,323.41391
D,P5MIN,CONSTRAINTSOLUTION,6,"2019/05/16 06:05:00",0,"2019/05/16 06:30:00",T>T_NIL_BL_IMP_3H,1715.82133,0,0,"2019/05/16 06:00:26",,"2019/01/11 00:00:00",1,544.9159
D,P5MIN,CONSTRAINTSOLUTION,6,"2019/05/16 06:05:00",0,"2019/05/16 06:30:00",T>T_NIL_BL_IMP_4E,497.19715,0,0,"2019/05/16 06:00:26",,"2019/01/11 00:00:00",1,95.08841
D,P5MIN,CONSTRAINTSOLUTION,6,"2019/05/16 06:05:00",0,"2019/05/16 06:30:00",T>T_NIL_BL_IMP_4EE,497.40014,0,0,"2019/05/16 06:00:26",,"2019/01/11 00:00:00",1,95.08841
D,P5MIN,CONSTRAINTSOLUTION,6,"2019/05/16 06:05:00",0,"2019/05/16 06:30:00",T>T_NIL_BL_IMP_4F,451.8293,0,0,"2019/05/16 06:00:26",,"2019/01/11 00:00:00",1,86.67721
D,P5MIN,CONSTRAINTSOLUTION,6,"2019/05/16 06:05:00",0,"2019/05/16 06:30:00",T>T_NIL_BL_IMP_5F,1152.72458,0,0,"2019/05/16 06:00:26",,"2019/01/11 00:00:00",1,494.97412
D,P5MIN,CONSTRAINTSOLUTION,6,"2019/05/16 06:05:00",0,"2019/05/16 06:30:00",T>T_NIL_BL_IMP_5FF,1152.32021,0,0,"2019/05/16 06:00:26",,"2019/01/11 00:00:00",1,494.97412
D,P5MIN,CONSTRAINTSOLUTION,6,"2019/05/16 06:05:00",0,"2019/05/16 06:30:00",T>T_NIL_BL_IMP_5G,1383.41435,0,0,"2019/05/16 06:00:26",,"2019/01/11 00:00:00",1,386.91469
D,P5MIN,CONSTRAINTSOLUTION,6,"2019/05/16 06:05:00",0,"2019/05/16 06:30:00",T>T_NIL_BL_IMP_5H,1599.73816,0,0,"2019/05/16 06:00:26",,"2019/01/11 00:00:00",1,580.59531
D,P5MIN,CONSTRAINTSOLUTION,6,"2019/05/16 06:05:00",0,"2019/05/16 06:30:00",T>T_NIL_BL_IMP_6E,1081.15649,0,0,"2019/05/16 06:00:26",,"2019/01/11 00:00:00",1,644.78431
D,P5MIN,CONSTRAINTSOLUTION,6,"2019/05/16 06:05:00",0,"2019/05/16 06:30:00",T>T_NIL_BL_IMP_6EE,1081.15649,0,0,"2019/05/16 06:00:26",,"2019/01/11 00:00:00",1,644.78431
D,P5MIN,CONSTRAINTSOLUTION,6,"2019/05/16 06:05:00",0,"2019/05/16 06:30:00",T>T_NIL_BL_IMP_6F,1169.80434,0,0,"2019/05/16 06:00:26",,"2019/01/11 00:00:00",1,527
D,P5MIN,CONSTRAINTSOLUTION,6,"2019/05/16 06:05:00",0,"2019/05/16 06:30:00",T>T_NIL_BL_IMP_7C,629.63759,0,0,"2019/05/16 06:00:26",,"2019/01/11 00:00:00",1,354
D,P5MIN,CONSTRAINTSOLUTION,6,"2019/05/16 06:05:00",0,"2019/05/16 06:30:00",T>T_NIL_BL_IMP_7CC,629.13772,0,0,"2019/05/16 06:00:26",,"2019/01/11 00:00:00",1,354
D,P5MIN,CONSTRAINTSOLUTION,6,"2019/05/16 06:05:00",0,"2019/05/16 06:30:00",T>T_NIL_BL_IMP_8B,975.13906,0,0,"2019/05/16 06:00:26",,"2019/01/11 00:00:00",1,288.30254
D,P5MIN,CONSTRAINTSOLUTION,6,"2019/05/16 06:05:00",0,"2019/05/16 06:30:00",T>T_NIL_BL_IMP_8C,87.472,0,0,"2019/05/16 06:00:26",,"2019/01/11 00:00:00",1,-288.30254
D,P5MIN,CONSTRAINTSOLUTION,6,"2019/05/16 06:05:00",0,"2019/05/16 06:30:00",T>T_NIL_NCSPS5_3F,11207.81228,0,0,"2019/05/16 06:00:26",,"2019/01/11 00:00:00",1,458.68262
D,P5MIN,CONSTRAINTSOLUTION,6,"2019/05/16 06:05:00",0,"2019/05/16 06:30:00",T>T_NIL_NCSPS5_3FF,11207.81228,0,0,"2019/05/16 06:00:26",,"2019/01/11 00:00:00",1,458.68262
D,P5MIN,CONSTRAINTSOLUTION,6,"2019/05/16 06:05:00",0,"2019/05/16 06:30:00",T>T_NIL_NCSPS5_3G,11380.19805,0,0,"2019/05/16 06:00:26",,"2019/01/11 00:00:00",1,323.41391
D,P5MIN,CONSTRAINTSOLUTION,6,"2019/05/16 06:05:00",0,"2019/05/16 06:30:00",T>T_NIL_NCSPS5_3H,11716.92826,0,0,"2019/05/16 06:00:26",,"2019/01/11 00:00:00",1,544.9159
D,P5MIN,CONSTRAINTSOLUTION,6,"2019/05/16 06:05:00",0,"2019/05/16 06:30:00",T>T_NIL_NCSPS5_7C,10658.9539,0,0,"2019/05/16 06:00:26",,"2019/01/11 00:00:00",1,354
D,P5MIN,CONSTRAINTSOLUTION,6,"2019/05/16 06:05:00",0,"2019/05/16 06:30:00",T>T_NIL_TOV_5F,11405.41176,0,0,"2019/05/16 06:00:26",,"2019/01/11 00:00:00",1,494.97412
D,P5MIN,CONSTRAINTSOLUTION,6,"2019/05/16 06:05:00",0,"2019/05/16 06:30:00",T>T_NIL_TOV_5FF,11405.41176,0,0,"2019/05/16 06:00:26",,"2019/01/11 00:00:00",1,494.97412
D,P5MIN,CONSTRAINTSOLUTION,6,"2019/05/16 06:05:00",0,"2019/05/16 06:30:00",TVBL_ROC,64.25613,0,0,"2019/05/16 06:00:26",,"2014/01/15 00:00:00",1,-139.68258
D,P5MIN,CONSTRAINTSOLUTION,6,"2019/05/16 06:05:00",0,"2019/05/16 06:30:00",T^T_LIPM_1,-139.24196,0,0,"2019/05/16 06:00:26",,"2017/07/05 00:00:00",1,-187.31583
D,P5MIN,CONSTRAINTSOLUTION,6,"2019/05/16 06:05:00",0,"2019/05/16 06:30:00",T^T_NIL_BL_1,1695.54609,0,0,"2019/05/16 06:00:26",,"2017/07/05 00:00:00",1,48.43136
D,P5MIN,CONSTRAINTSOLUTION,6,"2019/05/16 06:05:00",0,"2019/05/16 06:30:00",T^T_NIL_BL_2,12701.01168,0,0,"2019/05/16 06:00:26",,"2017/07/05 00:00:00",1,-150.09782
D,P5MIN,CONSTRAINTSOLUTION,6,"2019/05/16 06:05:00",0,"2019/05/16 06:30:00",T^T_NIL_BL_4,1885.07051,0,0,"2019/05/16 06:00:26",,"2017/07/05 00:00:00",1,-136.19173
D,P5MIN,CONSTRAINTSOLUTION,6,"2019/05/16 06:05:00",0,"2019/05/16 06:30:00",T^T_NIL_BL_5,763.03582,0,0,"2019/05/16 06:00:26",,"2017/07/05 00:00:00",1,-118.90607
D,P5MIN,CONSTRAINTSOLUTION,6,"2019/05/16 06:05:00",0,"2019/05/16 06:30:00",T^T_NIL_BL_6,136.98055,0,0,"2019/05/16 06:00:26",,"2017/07/05 00:00:00",1,-128.73892
D,P5MIN,CONSTRAINTSOLUTION,6,"2019/05/16 06:05:00",0,"2019/05/16 06:30:00",T^T_NIL_BL_7,989.89566,0,0,"2019/05/16 06:00:26",,"2017/07/05 00:00:00",1,-112.83236
D,P5MIN,CONSTRAINTSOLUTION,6,"2019/05/16 06:05:00",0,"2019/05/16 06:30:00",T^V_LIPM_BL_6,591.42173,0,0,"2019/05/16 06:00:26",,"2013/08/21 00:00:00",1,-139.68258
D,P5MIN,CONSTRAINTSOLUTION,6,"2019/05/16 06:05:00",0,"2019/05/16 06:30:00",T^V_NIL_10,10688.86472,0,0,"2019/05/16 06:00:26",,"2017/10/10 00:00:00",1,-139.68258
D,P5MIN,CONSTRAINTSOLUTION,6,"2019/05/16 06:05:00",0,"2019/05/16 06:30:00",T^V_NIL_11,10510.75797,0,0,"2019/05/16 06:00:26",,"2019/01/25 00:00:00",1,-122.80368
D,P5MIN,CONSTRAINTSOLUTION,6,"2019/05/16 06:05:00",0,"2019/05/16 06:30:00",T^V_NIL_8,10318.33891,0,0,"2019/05/16 06:00:26",,"2018/05/31 00:00:00",1,-164.69208
D,P5MIN,CONSTRAINTSOLUTION,6,"2019/05/16 06:05:00",0,"2019/05/16 06:30:00",T^V_NIL_9,594,0,0,"2019/05/16 06:00:26",,"2015/09/29 00:00:00",1,-139.68258
D,P5MIN,CONSTRAINTSOLUTION,6,"2019/05/16 06:05:00",0,"2019/05/16 06:30:00",T^V_NIL_BL_6,604.96299,0,0,"2019/05/16 06:00:26",,"2013/08/21 00:00:00",1,-139.68258
D,P5MIN,CONSTRAINTSOLUTION,6,"2019/05/16 06:05:00",0,"2019/05/16 06:30:00",T_LIPM1_SLOAD_1_N-2,473.73865,0,0,"2019/05/16 06:00:26",,"2019/05/10 00:00:00",1,338.62369
D,P5MIN,CONSTRAINTSOLUTION,6,"2019/05/16 06:05:00",0,"2019/05/16 06:30:00",T_ROCOF_1,713.51513,0,0,"2019/05/16 06:00:26",,"2014/07/31 00:00:00",1,191.13486
D,P5MIN,CONSTRAINTSOLUTION,6,"2019/05/16 06:05:00",0,"2019/05/16 06:30:00",T_ROCOF_2,10749.48287,0,0,"2019/05/16 06:00:26",,"2014/07/31 00:00:00",1,154.22082
D,P5MIN,CONSTRAINTSOLUTION,6,"2019/05/16 06:05:00",0,"2019/05/16 06:30:00",T_ROCOF_3,11279.64898,0,0,"2019/05/16 06:00:26",,"2014/01/09 00:00:00",1,162.97358
D,P5MIN,CONSTRAINTSOLUTION,6,"2019/05/16 06:05:00",0,"2019/05/16 06:30:00",T_V_NIL_BL1,-50,0,0,"2019/05/16 06:00:26",,"2008/05/26 00:00:00",1,-139.68258
D,P5MIN,CONSTRAINTSOLUTION,6,"2019/05/16 06:05:00",0,"2019/05/16 06:30:00",T_V_NIL_FCSPS,371.75995,0,0,"2019/05/16 06:00:26",,"2013/08/21 00:00:00",1,-139.68258
D,P5MIN,CONSTRAINTSOLUTION,6,"2019/05/16 06:05:00",0,"2019/05/16 06:30:00",V::N_NIL_Q1,20227.53441,0,0,"2019/05/16 06:00:26",,"2019/05/01 00:00:00",1,-1067.63032
D,P5MIN,CONSTRAINTSOLUTION,6,"2019/05/16 06:05:00",0,"2019/05/16 06:30:00",V::N_NIL_Q2,10227.53441,0,0,"2019/05/16 06:00:26",,"2019/05/01 00:00:00",1,-905.48432
D,P5MIN,CONSTRAINTSOLUTION,6,"2019/05/16 06:05:00",0,"2019/05/16 06:30:00",V::N_NIL_S,849.02079,0,0,"2019/05/16 06:00:26",,"2019/05/01 00:00:00",1,-344.30699
D,P5MIN,CONSTRAINTSOLUTION,6,"2019/05/16 06:05:00",0,"2019/05/16 06:30:00",V::N_NIL_SD,10768.98091,0,0,"2019/05/16 06:00:26",,"2019/05/01 00:00:00",1,-334.30096
D,P5MIN,CONSTRAINTSOLUTION,6,"2019/05/16 06:05:00",0,"2019/05/16 06:30:00",V::N_NIL_V,760.83391,0,0,"2019/05/16 06:00:26",,"2019/05/01 00:00:00",1,-357.23854
D,P5MIN,CONSTRAINTSOLUTION,6,"2019/05/16 06:05:00",0,"2019/05/16 06:30:00",V::S_NIL_MAXG_1,669.33769,0,0,"2019/05/16 06:00:26",,"2019/02/05 00:00:00",1,-164.46124
D,P5MIN,CONSTRAINTSOLUTION,6,"2019/05/16 06:05:00",0,"2019/05/16 06:30:00",V::S_NIL_MAXG_2,10000,0,0,"2019/05/16 06:00:26",,"2019/02/05 00:00:00",1,-164.23857
D,P5MIN,CONSTRAINTSOLUTION,6,"2019/05/16 06:05:00",0,"2019/05/16 06:30:00",V::S_NIL_MAXG_3,10000,0,0,"2019/05/16 06:00:26",,"2019/02/05 00:00:00",1,-164.74753
D,P5MIN,CONSTRAINTSOLUTION,6,"2019/05/16 06:05:00",0,"2019/05/16 06:30:00",V::S_NIL_MAXG_SECP_1,10000,0,0,"2019/05/16 06:00:26",,"2019/02/11 00:00:00",1,-163.92047
D,P5MIN,CONSTRAINTSOLUTION,6,"2019/05/16 06:05:00",0,"2019/05/16 06:30:00",V::S_NIL_MAXG_SECP_2,10000,0,0,"2019/05/16 06:00:26",,"2019/02/11 00:00:00",1,-164.23857
D,P5MIN,CONSTRAINTSOLUTION,6,"2019/05/16 06:05:00",0,"2019/05/16 06:30:00",V::S_NIL_SETB_SECP_1,10000,0,0,"2019/05/16 06:00:26",,"2019/02/11 00:00:00",1,-163.63418
D,P5MIN,CONSTRAINTSOLUTION,6,"2019/05/16 06:05:00",0,"2019/05/16 06:30:00",V::S_NIL_SETB_SECP_2,10000,0,0,"2019/05/16 06:00:26",,"2019/02/11 00:00:00",1,-163.72961
D,P5MIN,CONSTRAINTSOLUTION,6,"2019/05/16 06:05:00",0,"2019/05/16 06:30:00",V::S_NIL_TBSE_1,776.51438,0,0,"2019/05/16 06:00:26",,"2019/02/04 00:00:00",1,-163.63418
D,P5MIN,CONSTRAINTSOLUTION,6,"2019/05/16 06:05:00",0,"2019/05/16 06:30:00",V::S_NIL_TBSE_2,10000,0,0,"2019/05/16 06:00:26",,"2019/02/04 00:00:00",1,-163.72961
D,P5MIN,CONSTRAINTSOLUTION,6,"2019/05/16 06:05:00",0,"2019/05/16 06:30:00",V::S_TBTX_MAXG,663.19556,0,0,"2019/05/16 06:00:26",,"2019/02/21 00:00:00",1,-164.39762
D,P5MIN,CONSTRAINTSOLUTION,6,"2019/05/16 06:05:00",0,"2019/05/16 06:30:00",V::S_TBTX_MAXG_2-DS,10000,0,0,"2019/05/16 06:00:26",,"2019/02/21 00:00:00",1,-163.47513
D,P5MIN,CONSTRAINTSOLUTION,6,"2019/05/16 06:05:00",0,"2019/05/16 06:30:00",V::S_TBTX_SETB,769.93653,0,0,"2019/05/16 06:00:26",,"2019/02/21 00:00:00",1,-163.02979
D,P5MIN,CONSTRAINTSOLUTION,6,"2019/05/16 06:05:00",0,"2019/05/16 06:30:00",V::S_TBTX_SETB_2-DS,10000,0,0,"2019/05/16 06:00:26",,"2019/02/21 00:00:00",1,-163.47513
D,P5MIN,CONSTRAINTSOLUTION,6,"2019/05/16 06:05:00",0,"2019/05/16 06:30:00",V::V_1900,1968.10001,0,0,"2019/05/16 06:00:26",,"2018/08/24 00:00:00",1,374.96633
D,P5MIN,CONSTRAINTSOLUTION,6,"2019/05/16 06:05:00",0,"2019/05/16 06:30:00",V:SS_680_OSC_AUTO,10000,0,0,"2019/05/16 06:00:26",,"2016/06/30 00:00:00",1,-184.84699
D,P5MIN,CONSTRAINTSOLUTION,6,"2019/05/16 06:05:00",0,"2019/05/16 06:30:00",V:SS_790_1,10000,0,0,"2019/05/16 06:00:26",,"2016/08/16 00:00:00",1,-184.84699
D,P5MIN,CONSTRAINTSOLUTION,6,"2019/05/16 06:05:00",0,"2019/05/16 06:30:00",V:SS_790_OSC_AUTO,10790,0,0,"2019/05/16 06:00:26",,"2016/06/30 00:00:00",1,-184.84699
D,P5MIN,CONSTRAINTSOLUTION,6,"2019/05/16 06:05:00",0,"2019/05/16 06:30:00",V:SS_820_HY_TEST,820,0,0,"2019/05/16 06:00:26",,"2018/08/07 00:00:00",1,-184.84699
D,P5MIN,CONSTRAINTSOLUTION,6,"2019/05/16 06:05:00",0,"2019/05/16 06:30:00",V:SS_820_HY_TEST_DYN,820,0,0,"2019/05/16 06:00:26",,"2016/11/21 00:00:00",1,-184.84699
D,P5MIN,CONSTRAINTSOLUTION,6,"2019/05/16 06:05:00",0,"2019/05/16 06:30:00",V:SS_870_HY_TEST,870,0,0,"2019/05/16 06:00:26",,"2018/08/07 00:00:00",1,-184.84699
D,P5MIN,CONSTRAINTSOLUTION,6,"2019/05/16 06:05:00",0,"2019/05/16 06:30:00",V:SS_870_HY_TEST_DYN,870,0,0,"2019/05/16 06:00:26",,"2016/11/21 00:00:00",1,-184.84699
D,P5MIN,CONSTRAINTSOLUTION,6,"2019/05/16 06:05:00",0,"2019/05/16 06:30:00",V:SS_920,920,0,0,"2019/05/16 06:00:26",,"2018/08/07 00:00:00",1,-184.84699
D,P5MIN,CONSTRAINTSOLUTION,6,"2019/05/16 06:05:00",0,"2019/05/16 06:30:00",V:S_460_OSC_AUTO,10000,0,0,"2019/05/16 06:00:26",,"2016/06/30 00:00:00",1,-166.84699
D,P5MIN,CONSTRAINTSOLUTION,6,"2019/05/16 06:05:00",0,"2019/05/16 06:30:00",V:S_570_1,10000,0,0,"2019/05/16 06:00:26",,"2016/08/16 00:00:00",1,-166.84699
D,P5MIN,CONSTRAINTSOLUTION,6,"2019/05/16 06:05:00",0,"2019/05/16 06:30:00",V:S_570_OSC_AUTO,10570,0,0,"2019/05/16 06:00:26",,"2016/06/30 00:00:00",1,-166.84699
D,P5MIN,CONSTRAINTSOLUTION,6,"2019/05/16 06:05:00",0,"2019/05/16 06:30:00",V:S_600_HY_TEST,600,0,0,"2019/05/16 06:00:26",,"2018/08/07 00:00:00",1,-166.84699
D,P5MIN,CONSTRAINTSOLUTION,6,"2019/05/16 06:05:00",0,"2019/05/16 06:30:00",V:S_600_HY_TEST_DYN,600,0,0,"2019/05/16 06:00:26",,"2016/11/21 00:00:00",1,-166.84699
D,P5MIN,CONSTRAINTSOLUTION,6,"2019/05/16 06:05:00",0,"2019/05/16 06:30:00",V:S_650_HY_TEST,650,0,0,"2019/05/16 06:00:26",,"2018/08/07 00:00:00",1,-166.84699
D,P5MIN,CONSTRAINTSOLUTION,6,"2019/05/16 06:05:00",0,"2019/05/16 06:30:00",V:S_650_HY_TEST_DYN,650,0,0,"2019/05/16 06:00:26",,"2016/11/21 00:00:00",1,-166.84699
D,P5MIN,CONSTRAINTSOLUTION,6,"2019/05/16 06:05:00",0,"2019/05/16 06:30:00",V:S_700,700,0,0,"2019/05/16 06:00:26",,"2018/08/07 00:00:00",1,-166.84699
D,P5MIN,CONSTRAINTSOLUTION,6,"2019/05/16 06:05:00",0,"2019/05/16 06:30:00",V:T_NIL_BL_1,889.41518,0,0,"2019/05/16 06:00:26",,"2013/08/21 00:00:00",1,139.68258
D,P5MIN,CONSTRAINTSOLUTION,6,"2019/05/16 06:05:00",0,"2019/05/16 06:30:00",V>>N-NIL_HA,1552.14122,0,0,"2019/05/16 06:00:26",,"2019/05/06 00:00:00",1,28.49556
D,P5MIN,CONSTRAINTSOLUTION,6,"2019/05/16 06:05:00",0,"2019/05/16 06:30:00",V>>N-NIL_HB,1609.16127,0,0,"2019/05/16 06:00:26",,"2019/05/06 00:00:00",1,56.4685
D,P5MIN,CONSTRAINTSOLUTION,6,"2019/05/16 06:05:00",0,"2019/05/16 06:30:00",V>>N-NIL_HG,1642.94859,0,0,"2019/05/16 06:00:26",,"2019/05/06 00:00:00",1,-43.24493
D,P5MIN,CONSTRAINTSOLUTION,6,"2019/05/16 06:05:00",0,"2019/05/16 06:30:00",V>>N-NIL_HH,2172.00129,0,0,"2019/05/16 06:00:26",,"2019/05/06 00:00:00",1,165.50571
D,P5MIN,CONSTRAINTSOLUTION,6,"2019/05/16 06:05:00",0,"2019/05/16 06:30:00",V>>SML_NIL_5,713.97218,0,0,"2019/05/16 06:00:26",,"2019/05/06 00:00:00",1,-102.70456
D,P5MIN,CONSTRAINTSOLUTION,6,"2019/05/16 06:05:00",0,"2019/05/16 06:30:00",V>>SML_NIL_6,734.72994,0,0,"2019/05/16 06:00:26",,"2019/05/06 00:00:00",1,52.84877
D,P5MIN,CONSTRAINTSOLUTION,6,"2019/05/16 06:05:00",0,"2019/05/16 06:30:00",V>>SML_NIL_7A,10135.35296,0,0,"2019/05/16 06:00:26",,"2019/04/23 00:00:00",1,-41.5328
D,P5MIN,CONSTRAINTSOLUTION,6,"2019/05/16 06:05:00",0,"2019/05/16 06:30:00",V>>SML_NIL_7B,10169.3196,0,0,"2019/05/16 06:00:26",,"2019/05/06 00:00:00",1,-42.96085
D,P5MIN,CONSTRAINTSOLUTION,6,"2019/05/16 06:05:00",0,"2019/05/16 06:30:00",V>>SML_NIL_7C,10176.78762,0,0,"2019/05/16 06:00:26",,"2019/04/23 00:00:00",1,-42.77832
D,P5MIN,CONSTRAINTSOLUTION,6,"2019/05/16 06:05:00",0,"2019/05/16 06:30:00",V>>SML_NIL_8,393.3451,0,0,"2019/05/16 06:00:26",,"2019/05/06 00:00:00",1,-59.37309
D,P5MIN,CONSTRAINTSOLUTION,6,"2019/05/16 06:05:00",0,"2019/05/16 06:30:00",V>>SML_NIL_8_5M,393.3451,0,0,"2019/05/16 06:00:26",,"2019/05/06 00:00:00",1,-59.37309
D,P5MIN,CONSTRAINTSOLUTION,6,"2019/05/16 06:05:00",0,"2019/05/16 06:30:00",V>>SML_NSWRB_11,606.24159,0,0,"2019/05/16 06:00:26",,"2019/05/06 00:00:00",1,-128.89455
D,P5MIN,CONSTRAINTSOLUTION,6,"2019/05/16 06:05:00",0,"2019/05/16 06:30:00",V>>S_NIL_DVBG_DVBR,1262.30583,0,0,"2019/05/16 06:00:26",,"2019/05/14 00:00:00",1,214.59415
D,P5MIN,CONSTRAINTSOLUTION,6,"2019/05/16 06:05:00",0,"2019/05/16 06:30:00",V>>V_NIL1A_R,1277.19829,0,0,"2019/05/16 06:00:26",,"2019/05/06 00:00:00",1,-330.36989
D,P5MIN,CONSTRAINTSOLUTION,6,"2019/05/16 06:05:00",0,"2019/05/16 06:30:00",V>>V_NIL_1A,1997.91298,0,0,"2019/05/16 06:00:26",,"2019/05/06 00:00:00",1,311.4056
D,P5MIN,CONSTRAINTSOLUTION,6,"2019/05/16 06:05:00",0,"2019/05/16 06:30:00",V>>V_NIL_1B,2001.93815,0,0,"2019/05/16 06:00:26",,"2019/05/06 00:00:00",1,311.4056
D,P5MIN,CONSTRAINTSOLUTION,6,"2019/05/16 06:05:00",0,"2019/05/16 06:30:00",V>>V_NIL_2A_R,4920.92896,0,0,"2019/05/16 06:00:26",,"2019/05/06 00:00:00",1,2782.1671
D,P5MIN,CONSTRAINTSOLUTION,6,"2019/05/16 06:05:00",0,"2019/05/16 06:30:00",V>>V_NIL_2B_R,14920.92896,0,0,"2019/05/16 06:00:26",,"2019/05/06 00:00:00",1,2602.3891
D,P5MIN,CONSTRAINTSOLUTION,6,"2019/05/16 06:05:00",0,"2019/05/16 06:30:00",V>>V_NIL_3,2224.04995,0,0,"2019/05/16 06:00:26",,"2019/05/06 00:00:00",1,330.32742
D,P5MIN,CONSTRAINTSOLUTION,6,"2019/05/16 06:05:00",0,"2019/05/16 06:30:00",V>>V_NIL_4A,1309.91212,0,0,"2019/05/16 06:00:26",,"2019/05/06 00:00:00",1,80.29303
D,P5MIN,CONSTRAINTSOLUTION,6,"2019/05/16 06:05:00",0,"2019/05/16 06:30:00",V>>V_NIL_4B,1218.95295,0,0,"2019/05/16 06:00:26",,"2019/05/06 00:00:00",1,80.26549
D,P5MIN,CONSTRAINTSOLUTION,6,"2019/05/16 06:05:00",0,"2019/05/16 06:30:00",V>>V_NIL_4C,841.73535,0,0,"2019/05/16 06:00:26",,"2019/05/06 00:00:00",1,80.33083
D,P5MIN,CONSTRAINTSOLUTION,6,"2019/05/16 06:05:00",0,"2019/05/16 06:30:00",V>>V_NIL_5,906.36478,0,0,"2019/05/16 06:00:26",,"2019/05/06 00:00:00",1,-79.83018
D,P5MIN,CONSTRAINTSOLUTION,6,"2019/05/16 06:05:00",0,"2019/05/16 06:30:00",V>>V_NIL_6,421.14967,0,0,"2019/05/16 06:00:26",,"2019/05/06 00:00:00",1,-58.88626
D,P5MIN,CONSTRAINTSOLUTION,6,"2019/05/16 06:05:00",0,"2019/05/16 06:30:00",V>>V_NIL_6A_R,6382.89152,0,0,"2019/05/16 06:00:26",,"2019/05/06 00:00:00",1,3622.41967
D,P5MIN,CONSTRAINTSOLUTION,6,"2019/05/16 06:05:00",0,"2019/05/16 06:30:00",V>>V_NIL_6B_R,16382.89152,0,0,"2019/05/16 06:00:26",,"2019/05/06 00:00:00",1,3326.17167
D,P5MIN,CONSTRAINTSOLUTION,6,"2019/05/16 06:05:00",0,"2019/05/16 06:30:00",V>SML_NSWRB_10,505.13711,0,0,"2019/05/16 06:00:26",,"2019/05/06 00:00:00",1,-115.74581
D,P5MIN,CONSTRAINTSOLUTION,6,"2019/05/16 06:05:00",0,"2019/05/16 06:30:00",V>SML_NSWRB_9,351.6247,0,0,"2019/05/16 06:00:26",,"2019/05/06 00:00:00",1,-87.5813
D,P5MIN,CONSTRAINTSOLUTION,6,"2019/05/16 06:05:00",0,"2019/05/16 06:30:00",V>S_NIL_HYSE,742,0,0,"2019/05/16 06:00:26",,"2015/07/02 00:00:00",1,-166.84699
D,P5MIN,CONSTRAINTSOLUTION,6,"2019/05/16 06:05:00",0,"2019/05/16 06:30:00",V>S_NIL_SETX_SETX,124.57678,0,0,"2019/05/16 06:00:26",,"2019/03/14 00:00:00",2,-3.181
D,P5MIN,CONSTRAINTSOLUTION,6,"2019/05/16 06:05:00",0,"2019/05/16 06:30:00",V>V_NIL_13,467.45209,0,0,"2019/05/16 06:00:26",,"2019/01/11 00:00:00",1,0.29129
D,P5MIN,CONSTRAINTSOLUTION,6,"2019/05/16 06:05:00",0,"2019/05/16 06:30:00",V>V_NIL_14,312.6045,0,0,"2019/05/16 06:00:26",,"2019/01/11 00:00:00",1,0.29129
D,P5MIN,CONSTRAINTSOLUTION,6,"2019/05/16 06:05:00",0,"2019/05/16 06:30:00",V>V_NIL_16,10280.2925,0,0,"2019/05/16 06:00:26",,"2019/01/11 00:00:00",1,0.29129
D,P5MIN,CONSTRAINTSOLUTION,6,"2019/05/16 06:05:00",0,"2019/05/16 06:30:00",V>V_NIL_17,10138.13,0,0,"2019/05/16 06:00:26",,"2019/02/28 00:00:00",1,0
D,P5MIN,CONSTRAINTSOLUTION,6,"2019/05/16 06:05:00",0,"2019/05/16 06:30:00",V>V_NIL_6,648.0762,0,0,"2019/05/16 06:00:26",,"2019/04/23 00:00:00",1,7.17767
D,P5MIN,CONSTRAINTSOLUTION,6,"2019/05/16 06:05:00",0,"2019/05/16 06:30:00",V>V_NIL_7,1018.49978,0,0,"2019/05/16 06:00:26",,"2019/01/29 00:00:00",1,0
D,P5MIN,CONSTRAINTSOLUTION,6,"2019/05/16 06:05:00",0,"2019/05/16 06:30:00",V>V_NIL_9,580.02963,0,0,"2019/05/16 06:00:26",,"2019/03/05 00:00:00",1,6.765
D,P5MIN,CONSTRAINTSOLUTION,6,"2019/05/16 06:05:00",0,"2019/05/16 06:30:00",V>V_NIL_RADIAL_10,12364.96674,0,0,"2019/05/16 06:00:26",,"2019/05/06 00:00:00",1,1456
D,P5MIN,CONSTRAINTSOLUTION,6,"2019/05/16 06:05:00",0,"2019/05/16 06:30:00",V>V_NIL_RADIAL_11,2161.33751,0,0,"2019/05/16 06:00:26",,"2019/01/11 00:00:00",1,1076
D,P5MIN,CONSTRAINTSOLUTION,6,"2019/05/16 06:05:00",0,"2019/05/16 06:30:00",VSML_220,220,0,0,"2019/05/16 06:00:26",,"2012/07/04 00:00:00",1,-18
D,P5MIN,CONSTRAINTSOLUTION,6,"2019/05/16 06:05:00",0,"2019/05/16 06:30:00",VSML_ROC_80,62,0,0,"2019/05/16 06:00:26",,"2016/08/23 00:00:00",1,-18
D,P5MIN,CONSTRAINTSOLUTION,6,"2019/05/16 06:05:00",0,"2019/05/16 06:30:00",VSML_VFRB_OFF,240,0,0,"2019/05/16 06:00:26",,"2013/08/21 00:00:00",1,-18
D,P5MIN,CONSTRAINTSOLUTION,6,"2019/05/16 06:05:00",0,"2019/05/16 06:30:00",VTBL_ROC,335.74387,0,0,"2019/05/16 06:00:26",,"2014/01/15 00:00:00",1,139.68258
D,P5MIN,CONSTRAINTSOLUTION,6,"2019/05/16 06:05:00",0,"2019/05/16 06:30:00",V^SML_NIL_3,192.99762,0,0,"2019/05/16 06:00:26",,"2017/04/18 00:00:00",1,-18
D,P5MIN,CONSTRAINTSOLUTION,6,"2019/05/16 06:05:00",0,"2019/05/16 06:30:00",V^SML_NSWRB_2,242.22497,0,0,"2019/05/16 06:00:26",,"2018/08/06 00:00:00",1,-18
D,P5MIN,CONSTRAINTSOLUTION,6,"2019/05/16 06:05:00",0,"2019/05/16 06:30:00",V^S_HYCP,684.04844,0,0,"2019/05/16 06:00:26",,"2016/07/25 00:00:00",1,-166.84699
D,P5MIN,CONSTRAINTSOLUTION,6,"2019/05/16 06:05:00",0,"2019/05/16 06:30:00",V^^N_NIL_1,573.13324,0,0,"2019/05/16 06:00:26",,"2019/05/15 00:00:00",1,-69.36203
D,P5MIN,CONSTRAINTSOLUTION,6,"2019/05/16 06:05:00",0,"2019/05/16 06:30:00",V^^S_NIL_MAXG_1,639.99873,0,0,"2019/05/16 06:00:26",,"2019/02/05 00:00:00",1,-164.334
D,P5MIN,CONSTRAINTSOLUTION,6,"2019/05/16 06:05:00",0,"2019/05/16 06:30:00",V^^S_NIL_MAXG_2,10000,0,0,"2019/05/16 06:00:26",,"2019/02/05 00:00:00",1,-163.88866
D,P5MIN,CONSTRAINTSOLUTION,6,"2019/05/16 06:05:00",0,"2019/05/16 06:30:00",V^^S_NIL_MAXG_3,10000,0,0,"2019/05/16 06:00:26",,"2019/02/05 00:00:00",1,-164.14314
D,P5MIN,CONSTRAINTSOLUTION,6,"2019/05/16 06:05:00",0,"2019/05/16 06:30:00",V^^S_NIL_MAXG_SECP_1,10000,0,0,"2019/05/16 06:00:26",,"2019/02/11 00:00:00",1,-164.46124
D,P5MIN,CONSTRAINTSOLUTION,6,"2019/05/16 06:05:00",0,"2019/05/16 06:30:00",V^^S_NIL_MAXG_SECP_2,10000,0,0,"2019/05/16 06:00:26",,"2019/02/11 00:00:00",1,-163.88866
D,P5MIN,CONSTRAINTSOLUTION,6,"2019/05/16 06:05:00",0,"2019/05/16 06:30:00",V^^S_NIL_SETB_SECP_1,10000,0,0,"2019/05/16 06:00:26",,"2019/02/11 00:00:00",1,-163.92047
D,P5MIN,CONSTRAINTSOLUTION,6,"2019/05/16 06:05:00",0,"2019/05/16 06:30:00",V^^S_NIL_SETB_SECP_2,10000,0,0,"2019/05/16 06:00:26",,"2019/02/11 00:00:00",1,-163.76142
D,P5MIN,CONSTRAINTSOLUTION,6,"2019/05/16 06:05:00",0,"2019/05/16 06:30:00",V^^S_NIL_TBSE_1,789.40572,0,0,"2019/05/16 06:00:26",,"2019/02/04 00:00:00",1,-163.92047
D,P5MIN,CONSTRAINTSOLUTION,6,"2019/05/16 06:05:00",0,"2019/05/16 06:30:00",V^^S_NIL_TBSE_2,10000,0,0,"2019/05/16 06:00:26",,"2019/02/04 00:00:00",1,-163.76142
D,P5MIN,CONSTRAINTSOLUTION,6,"2019/05/16 06:05:00",0,"2019/05/16 06:30:00",V^^S_TBTX_MAXG,633.62581,0,0,"2019/05/16 06:00:26",,"2019/02/21 00:00:00",1,-164.20676
D,P5MIN,CONSTRAINTSOLUTION,6,"2019/05/16 06:05:00",0,"2019/05/16 06:30:00",V^^S_TBTX_MAXG_2-DS,10000,0,0,"2019/05/16 06:00:26",,"2019/02/21 00:00:00",1,-163.53875
D,P5MIN,CONSTRAINTSOLUTION,6,"2019/05/16 06:05:00",0,"2019/05/16 06:30:00",V^^S_TBTX_SETB,799.40097,0,0,"2019/05/16 06:00:26",,"2019/02/21 00:00:00",1,-163.6978
D,P5MIN,CONSTRAINTSOLUTION,6,"2019/05/16 06:05:00",0,"2019/05/16 06:30:00",V^^S_TBTX_SETB_2-DS,10000,0,0,"2019/05/16 06:00:26",,"2019/02/21 00:00:00",1,-163.50694
D,P5MIN,CONSTRAINTSOLUTION,6,"2019/05/16 06:05:00",0,"2019/05/16 06:30:00",V_GANWR_SF_BAT_50,50.001,0,0,"2019/05/16 06:00:26",,"2019/01/24 00:00:00",1,0
D,P5MIN,CONSTRAINTSOLUTION,6,"2019/05/16 06:05:00",0,"2019/05/16 06:30:00",V_S_NIL_ROCOF,1273.80002,0,0,"2019/05/16 06:00:26",,"2019/01/03 00:00:00",1,-166.84699
D,P5MIN,CONSTRAINTSOLUTION,6,"2019/05/16 06:05:00",0,"2019/05/16 06:30:00",V_T_NIL_BL1,478,0,0,"2019/05/16 06:00:26",,"2014/11/11 00:00:00",1,139.68258
D,P5MIN,CONSTRAINTSOLUTION,6,"2019/05/16 06:05:00",0,"2019/05/16 06:30:00",V_T_NIL_FCSPS,443.3606,0,0,"2019/05/16 06:00:26",,"2016/12/20 00:00:00",1,139.68258
D,P5MIN,CONSTRAINTSOLUTION,6,"2019/05/16 06:05:00",0,"2019/05/16 06:35:00",#R018834_001_RAMP_F,49.35,0,0,"2019/05/16 06:00:26",,"2019/05/16 00:00:00",1,37.01275
D,P5MIN,CONSTRAINTSOLUTION,6,"2019/05/16 06:05:00",0,"2019/05/16 06:35:00",#R018834_001_RAMP_V,37.01275,-96.08134,0,"2019/05/16 06:00:26",,"2019/05/16 00:00:00",1,37.01275
D,P5MIN,CONSTRAINTSOLUTION,6,"2019/05/16 06:05:00",0,"2019/05/16 06:35:00",#R018836_001_RAMP_F,92,0,0,"2019/05/16 06:00:26",,"2019/05/16 00:00:00",1,-57
D,P5MIN,CONSTRAINTSOLUTION,6,"2019/05/16 06:05:00",0,"2019/05/16 06:35:00",#R018836_001_RAMP_V,92,0,0,"2019/05/16 06:00:26",,"2019/05/16 00:00:00",1,-57
D,P5MIN,CONSTRAINTSOLUTION,6,"2019/05/16 06:05:00",0,"2019/05/16 06:35:00",#R018836_002_RAMP_F,145,0,0,"2019/05/16 06:00:26",,"2019/05/16 00:00:00",1,57
D,P5MIN,CONSTRAINTSOLUTION,6,"2019/05/16 06:05:00",0,"2019/05/16 06:35:00",#R018836_002_RAMP_V,145,0,0,"2019/05/16 06:00:26",,"2019/05/16 00:00:00",1,57
D,P5MIN,CONSTRAINTSOLUTION,6,"2019/05/16 06:05:00",0,"2019/05/16 06:35:00",DATASNAP,10075.237,0,0,"2019/05/16 06:00:26",,"2018/04/13 00:00:00",1,-57
D,P5MIN,CONSTRAINTSOLUTION,6,"2019/05/16 06:05:00",0,"2019/05/16 06:35:00",DATASNAP_DFS_LS,10040.54472,0,0,"2019/05/16 06:00:26",,"2018/04/13 00:00:00",1,-57
D,P5MIN,CONSTRAINTSOLUTION,6,"2019/05/16 06:05:00",0,"2019/05/16 06:35:00",DATASNAP_DFS_NCAN,10422.86758,0,0,"2019/05/16 06:00:26",,"2013/08/21 00:00:00",1,-57
D,P5MIN,CONSTRAINTSOLUTION,6,"2019/05/16 06:05:00",0,"2019/05/16 06:35:00",DATASNAP_DFS_NCWEST,10491.93262,0,0,"2019/05/16 06:00:26",,"2013/08/21 00:00:00",1,-57
D,P5MIN,CONSTRAINTSOLUTION,6,"2019/05/16 06:05:00",0,"2019/05/16 06:35:00",DATASNAP_DFS_NNTH,10429.49515,0,0,"2019/05/16 06:00:26",,"2013/08/21 00:00:00",1,-57
D,P5MIN,CONSTRAINTSOLUTION,6,"2019/05/16 06:05:00",0,"2019/05/16 06:35:00",DATASNAP_DFS_NSYD,13053.99756,0,0,"2019/05/16 06:00:26",,"2013/08/21 00:00:00",1,-57
D,P5MIN,CONSTRAINTSOLUTION,6,"2019/05/16 06:05:00",0,"2019/05/16 06:35:00",DATASNAP_DFS_NTE,10016.5,0,0,"2019/05/16 06:00:26",,"2018/04/13 00:00:00",1,-57
D,P5MIN,CONSTRAINTSOLUTION,6,"2019/05/16 06:05:00",0,"2019/05/16 06:35:00",DATASNAP_DFS_QCEN,10719.8429,0,0,"2019/05/16 06:00:26",,"2013/08/21 00:00:00",1,-57
D,P5MIN,CONSTRAINTSOLUTION,6,"2019/05/16 06:05:00",0,"2019/05/16 06:35:00",DATASNAP_DFS_QCIND,10858.3009,0,0,"2019/05/16 06:00:26",,"2013/08/21 00:00:00",1,-57
D,P5MIN,CONSTRAINTSOLUTION,6,"2019/05/16 06:05:00",0,"2019/05/16 06:35:00",DATASNAP_DFS_QFNQ,10167.22055,0,0,"2019/05/16 06:00:26",,"2013/08/21 00:00:00",1,-57
D,P5MIN,CONSTRAINTSOLUTION,6,"2019/05/16 06:05:00",0,"2019/05/16 06:35:00",DATASNAP_DFS_QNTH,10612.99072,0,0,"2019/05/16 06:00:26",,"2013/08/21 00:00:00",1,-57
D,P5MIN,CONSTRAINTSOLUTION,6,"2019/05/16 06:05:00",0,"2019/05/16 06:35:00",DATASNAP_DFS_QSTHE,11788.17114,0,0,"2019/05/16 06:00:26",,"2013/08/21 00:00:00",1,-57
D,P5MIN,CONSTRAINTSOLUTION,6,"2019/05/16 06:05:00",0,"2019/05/16 06:35:00",DATASNAP_DFS_QSTHW,11721.88648,0,0,"2019/05/16 06:00:26",,"2013/08/21 00:00:00",1,-57
D,P5MIN,CONSTRAINTSOLUTION,6,"2019/05/16 06:05:00",0,"2019/05/16 06:35:00",DATASNAP_DFS_Q_BCCP,10733.14429,0,0,"2019/05/16 06:00:26",,"2015/12/16 00:00:00",1,-57
D,P5MIN,CONSTRAINTSOLUTION,6,"2019/05/16 06:05:00",0,"2019/05/16 06:35:00",DATASNAP_DFS_Q_BCRG,10781.61249,0,0,"2019/05/16 06:00:26",,"2015/12/16 00:00:00",1,-57
D,P5MIN,CONSTRAINTSOLUTION,6,"2019/05/16 06:05:00",0,"2019/05/16 06:35:00",DATASNAP_DFS_Q_CLST,10863.02783,0,0,"2019/05/16 06:00:26",,"2013/08/21 00:00:00",1,-57
D,P5MIN,CONSTRAINTSOLUTION,6,"2019/05/16 06:05:00",0,"2019/05/16 06:35:00",DATASNAP_DFS_Q_CLWU,10862.10803,0,0,"2019/05/16 06:00:26",,"2013/08/21 00:00:00",1,-57
D,P5MIN,CONSTRAINTSOLUTION,6,"2019/05/16 06:05:00",0,"2019/05/16 06:35:00",DATASNAP_DFS_Q_LCCP,10764.94641,0,0,"2019/05/16 06:00:26",,"2015/12/16 00:00:00",1,-57
D,P5MIN,CONSTRAINTSOLUTION,6,"2019/05/16 06:05:00",0,"2019/05/16 06:35:00",DATASNAP_DFS_Q_RGLC,10742.92328,0,0,"2019/05/16 06:00:26",,"2017/10/19 00:00:00",1,-57
D,P5MIN,CONSTRAINTSOLUTION,6,"2019/05/16 06:05:00",0,"2019/05/16 06:35:00",DATASNAP_DFS_Q_TAMR,10315.4393,0,0,"2019/05/16 06:00:26",,"2013/08/21 00:00:00",1,-57
D,P5MIN,CONSTRAINTSOLUTION,6,"2019/05/16 06:05:00",0,"2019/05/16 06:35:00",DATASNAP_DFS_Q_TAMR2,10315.4393,0,0,"2019/05/16 06:00:26",,"2017/10/19 00:00:00",1,-57
D,P5MIN,CONSTRAINTSOLUTION,6,"2019/05/16 06:05:00",0,"2019/05/16 06:35:00",DATASNAP_DFS_SADL,10645.47986,0,0,"2019/05/16 06:00:26",,"2013/08/21 00:00:00",1,-57
D,P5MIN,CONSTRAINTSOLUTION,6,"2019/05/16 06:05:00",0,"2019/05/16 06:35:00",DATASNAP_DFS_SNTH,10222.45367,0,0,"2019/05/16 06:00:26",,"2013/08/21 00:00:00",1,-57
D,P5MIN,CONSTRAINTSOLUTION,6,"2019/05/16 06:05:00",0,"2019/05/16 06:35:00",DATASNAP_DFS_SRIV,10036.63096,0,0,"2019/05/16 06:00:26",,"2013/08/21 00:00:00",1,-57
D,P5MIN,CONSTRAINTSOLUTION,6,"2019/05/16 06:05:00",0,"2019/05/16 06:35:00",DATASNAP_DFS_SSE,10072.76515,0,0,"2019/05/16 06:00:26",,"2013/08/21 00:00:00",1,-57
D,P5MIN,CONSTRAINTSOLUTION,6,"2019/05/16 06:05:00",0,"2019/05/16 06:35:00",DATASNAP_DFS_SWNSW,10683.52637,0,0,"2019/05/16 06:00:26",,"2018/04/13 00:00:00",1,-57
D,P5MIN,CONSTRAINTSOLUTION,6,"2019/05/16 06:05:00",0,"2019/05/16 06:35:00",DATASNAP_DFS_TNTH,10115.55936,0,0,"2019/05/16 06:00:26",,"2013/08/21 00:00:00",1,-57
D,P5MIN,CONSTRAINTSOLUTION,6,"2019/05/16 06:05:00",0,"2019/05/16 06:35:00",DATASNAP_DFS_TNWEST,10136.63858,0,0,"2019/05/16 06:00:26",,"2013/08/21 00:00:00",1,-57
D,P5MIN,CONSTRAINTSOLUTION,6,"2019/05/16 06:05:00",0,"2019/05/16 06:35:00",DATASNAP_DFS_TWCST,10062.04958,0,0,"2019/05/16 06:00:26",,"2013/08/21 00:00:00",1,-57
D,P5MIN,CONSTRAINTSOLUTION,6,"2019/05/16 06:05:00",0,"2019/05/16 06:35:00",DATASNAP_DFS_T_FASH1,10603.84314,0,0,"2019/05/16 06:00:26",,"2016/03/17 00:00:00",1,-57
D,P5MIN,CONSTRAINTSOLUTION,6,"2019/05/16 06:05:00",0,"2019/05/16 06:35:00",DATASNAP_DFS_T_GOCS1,10475.63501,0,0,"2019/05/16 06:00:26",,"2016/03/17 00:00:00",1,-57
D,P5MIN,CONSTRAINTSOLUTION,6,"2019/05/16 06:05:00",0,"2019/05/16 06:35:00",DATASNAP_DFS_T_HAGT1,10460.06867,0,0,"2019/05/16 06:00:26",,"2016/03/17 00:00:00",1,-57
D,P5MIN,CONSTRAINTSOLUTION,6,"2019/05/16 06:05:00",0,"2019/05/16 06:35:00",DATASNAP_DFS_T_PMHA1,10476.4953,0,0,"2019/05/16 06:00:26",,"2016/03/17 00:00:00",1,-57
D,P5MIN,CONSTRAINTSOLUTION,6,"2019/05/16 06:05:00",0,"2019/05/16 06:35:00",DATASNAP_DFS_T_PMHA3,10145.60226,0,0,"2019/05/16 06:00:26",,"2016/03/17 00:00:00",1,-57
D,P5MIN,CONSTRAINTSOLUTION,6,"2019/05/16 06:05:00",0,"2019/05/16 06:35:00",DATASNAP_DFS_T_SHGT,10517.61713,0,0,"2019/05/16 06:00:26",,"2013/08/21 00:00:00",1,-57
D,P5MIN,CONSTRAINTSOLUTION,6,"2019/05/16 06:05:00",0,"2019/05/16 06:35:00",DATASNAP_DFS_T_SHPM,10394.73419,0,0,"2019/05/16 06:00:26",,"2016/03/17 00:00:00",1,-57
D,P5MIN,CONSTRAINTSOLUTION,6,"2019/05/16 06:05:00",0,"2019/05/16 06:35:00",DATASNAP_DFS_T_TATU,10119.94269,0,0,"2019/05/16 06:00:26",,"2013/08/21 00:00:00",1,-57
D,P5MIN,CONSTRAINTSOLUTION,6,"2019/05/16 06:05:00",0,"2019/05/16 06:35:00",DATASNAP_DFS_T_WALE,10145.79652,0,0,"2019/05/16 06:00:26",,"2016/03/17 00:00:00",1,-57
D,P5MIN,CONSTRAINTSOLUTION,6,"2019/05/16 06:05:00",0,"2019/05/16 06:35:00",DATASNAP_DFS_VIC_SG,10717.1673,0,0,"2019/05/16 06:00:26",,"2018/04/13 00:00:00",1,-57
D,P5MIN,CONSTRAINTSOLUTION,6,"2019/05/16 06:05:00",0,"2019/05/16 06:35:00",DATASNAP_DFS_VMEL,13086.47705,0,0,"2019/05/16 06:00:26",,"2013/08/21 00:00:00",1,-57
D,P5MIN,CONSTRAINTSOLUTION,6,"2019/05/16 06:05:00",0,"2019/05/16 06:35:00",DATASNAP_DFS_V_BABE,10437.45743,0,0,"2019/05/16 06:00:26",,"2013/08/21 00:00:00",1,-57
D,P5MIN,CONSTRAINTSOLUTION,6,"2019/05/16 06:05:00",0,"2019/05/16 06:35:00",DATASNAP_PDID_1,10020,0,0,"2019/05/16 06:00:26",,"2018/04/13 00:00:00",1,-57
D,P5MIN,CONSTRAINTSOLUTION,6,"2019/05/16 06:05:00",0,"2019/05/16 06:35:00",DATASNAP_Q::NIL_CS,14335.86893,0,0,"2019/05/16 06:00:26",,"2018/09/17 00:00:00",2,3615.676
D,P5MIN,CONSTRAINTSOLUTION,6,"2019/05/16 06:05:00",0,"2019/05/16 06:35:00",DATASNAP_Q>NIL_BI_FB,10534.44392,0,0,"2019/05/16 06:00:26",,"2018/10/16 00:00:00",1,-57
D,P5MIN,CONSTRAINTSOLUTION,6,"2019/05/16 06:05:00",0,"2019/05/16 06:35:00",DATASNAP_TE_967_1,10016.5,0,0,"2019/05/16 06:00:26",,"2018/04/13 00:00:00",1,-57
D,P5MIN,CONSTRAINTSOLUTION,6,"2019/05/16 06:05:00",0,"2019/05/16 06:35:00",DATASNAP_T_PD_INER,10075.237,0,0,"2019/05/16 06:00:26",,"2018/04/13 00:00:00",1,-57
D,P5MIN,CONSTRAINTSOLUTION,6,"2019/05/16 06:05:00",0,"2019/05/16 06:35:00",DATASNAP_T_PD_INER2,10075.237,0,0,"2019/05/16 06:00:26",,"2018/04/13 00:00:00",1,-57
D,P5MIN,CONSTRAINTSOLUTION,6,"2019/05/16 06:05:00",0,"2019/05/16 06:35:00",DATA_MMS_ALERT1,10274,0,0,"2019/05/16 06:00:26",,"2013/08/21 00:00:00",1,-57
D,P5MIN,CONSTRAINTSOLUTION,6,"2019/05/16 06:05:00",0,"2019/05/16 06:35:00",DSANP_Q^^NIL_TR_CLHA,16666.50282,0,0,"2019/05/16 06:00:26",,"2018/01/10 00:00:00",1,3731.36124
D,P5MIN,CONSTRAINTSOLUTION,6,"2019/05/16 06:05:00",0,"2019/05/16 06:35:00",DSNAP_DFS_V_BABE_5M,10437.45743,0,0,"2019/05/16 06:00:26",,"2014/05/19 00:00:00",1,-57
D,P5MIN,CONSTRAINTSOLUTION,6,"2019/05/16 06:05:00",0,"2019/05/16 06:35:00",DSNAP_DFS_V_BAML,10547.03973,0,0,"2019/05/16 06:00:26",,"2014/05/19 00:00:00",1,-57
D,P5MIN,CONSTRAINTSOLUTION,6,"2019/05/16 06:05:00",0,"2019/05/16 06:35:00",DSNAP_DFS_V_BAML_5M,10612.92407,0,0,"2019/05/16 06:00:26",,"2014/05/19 00:00:00",1,-57
D,P5MIN,CONSTRAINTSOLUTION,6,"2019/05/16 06:05:00",0,"2019/05/16 06:35:00",DSNAP_DFS_V_DDMB,10596.1756,0,0,"2019/05/16 06:00:26",,"2014/05/19 00:00:00",1,-57
D,P5MIN,CONSTRAINTSOLUTION,6,"2019/05/16 06:05:00",0,"2019/05/16 06:35:00",DSNAP_DFS_V_DDMS,11405.73242,0,0,"2019/05/16 06:00:26",,"2019/01/29 00:00:00",1,-57
D,P5MIN,CONSTRAINTSOLUTION,6,"2019/05/16 06:05:00",0,"2019/05/16 06:35:00",DSNAP_DFS_V_DDSM,11177.79468,0,0,"2019/05/16 06:00:26",,"2014/05/19 00:00:00",1,-57
D,P5MIN,CONSTRAINTSOLUTION,6,"2019/05/16 06:05:00",0,"2019/05/16 06:35:00",DSNAP_DFS_V_NIL_3,12185.86913,0,0,"2019/05/16 06:00:26",,"2018/09/03 00:00:00",1,418.78064
D,P5MIN,CONSTRAINTSOLUTION,6,"2019/05/16 06:05:00",0,"2019/05/16 06:35:00",DSNAP_DFS_V_NIL_8,10738.35144,0,0,"2019/05/16 06:00:26",,"2018/09/03 00:00:00",1,-38.45708
D,P5MIN,CONSTRAINTSOLUTION,6,"2019/05/16 06:05:00",0,"2019/05/16 06:35:00",DSNAP_DFS_V_ROYP,10550.91681,0,0,"2019/05/16 06:00:26",,"2014/05/19 00:00:00",1,-57
D,P5MIN,CONSTRAINTSOLUTION,6,"2019/05/16 06:05:00",0,"2019/05/16 06:35:00",DSNAP_Q>>CPGG1_OUT,14088.75832,0,0,"2019/05/16 06:00:26",,"2018/08/24 00:00:00",1,-57
D,P5MIN,CONSTRAINTSOLUTION,6,"2019/05/16 06:05:00",0,"2019/05/16 06:35:00",DSNAP_Q>>GGWU_OUT_1,13047.12535,0,0,"2019/05/16 06:00:26",,"2018/06/27 00:00:00",1,-57
D,P5MIN,CONSTRAINTSOLUTION,6,"2019/05/16 06:05:00",0,"2019/05/16 06:35:00",DSNAP_Q>>GGWU_OUT_2,14068.20293,0,0,"2019/05/16 06:00:26",,"2018/07/19 00:00:00",1,-57
D,P5MIN,CONSTRAINTSOLUTION,6,"2019/05/16 06:05:00",0,"2019/05/16 06:35:00",DSNAP_Q>NIL_TV66,10410.96679,0,0,"2019/05/16 06:00:26",,"2018/08/17 00:00:00",2,0
D,P5MIN,CONSTRAINTSOLUTION,6,"2019/05/16 06:05:00",0,"2019/05/16 06:35:00",DSNAP_QNI_1100_DYN,11100,0,0,"2019/05/16 06:00:26",,"2019/03/11 00:00:00",1,491.56236
D,P5MIN,CONSTRAINTSOLUTION,6,"2019/05/16 06:05:00",0,"2019/05/16 06:35:00",DSNAP_QNI_1150_DYN,11150,0,0,"2019/05/16 06:00:26",,"2019/03/11 00:00:00",1,491.56236
D,P5MIN,CONSTRAINTSOLUTION,6,"2019/05/16 06:05:00",0,"2019/05/16 06:35:00",DSNAP_Q^CN_FDR-180,-10674.29447,0,0,"2019/05/16 06:00:26",,"2018/11/30 00:00:00",2,46.224
D,P5MIN,CONSTRAINTSOLUTION,6,"2019/05/16 06:05:00",0,"2019/05/16 06:35:00",DSNAP_Q^CN_FDR_CO_OP,-10390.70247,0,0,"2019/05/16 06:00:26",,"2018/11/30 00:00:00",2,374.28204
D,P5MIN,CONSTRAINTSOLUTION,6,"2019/05/16 06:05:00",0,"2019/05/16 06:35:00",DSNAP_Q^WOPW_WOSP_O,14088.26622,0,0,"2019/05/16 06:00:26",,"2019/05/01 00:00:00",1,3616.33672
D,P5MIN,CONSTRAINTSOLUTION,6,"2019/05/16 06:05:00",0,"2019/05/16 06:35:00",DSNAP_Q^^NIL_SRAR,10973.86409,0,0,"2019/05/16 06:00:26",,"2019/03/29 00:00:00",1,734.42836
D,P5MIN,CONSTRAINTSOLUTION,6,"2019/05/16 06:05:00",0,"2019/05/16 06:35:00",DSNAP_Q^^TR_CLHA,15117.2123,0,0,"2019/05/16 06:00:26",,"2018/01/12 00:00:00",1,2138.75315
D,P5MIN,CONSTRAINTSOLUTION,6,"2019/05/16 06:05:00",0,"2019/05/16 06:35:00",DSNAP_Q^^TR_TRBK,15432.67082,0,0,"2019/05/16 06:00:26",,"2018/01/12 00:00:00",1,2919.82698
D,P5MIN,CONSTRAINTSOLUTION,6,"2019/05/16 06:05:00",0,"2019/05/16 06:35:00",DSNAP_Q^^TR_TRBK_2,15956.5169,0,0,"2019/05/16 06:00:26",,"2018/12/12 00:00:00",1,3908.0997
D,P5MIN,CONSTRAINTSOLUTION,6,"2019/05/16 06:05:00",0,"2019/05/16 06:35:00",DSNAP_Q_TR_2000,14522.39862,0,0,"2019/05/16 06:00:26",,"2018/12/24 00:00:00",1,4518.63139
D,P5MIN,CONSTRAINTSOLUTION,6,"2019/05/16 06:05:00",0,"2019/05/16 06:35:00",DSNAP_S:VS_650_DYN,10650,0,0,"2019/05/16 06:00:26",,"2019/03/11 00:00:00",1,170.78007
D,P5MIN,CONSTRAINTSOLUTION,6,"2019/05/16 06:05:00",0,"2019/05/16 06:35:00",DSNAP_S:VS_700_DYN,10700,0,0,"2019/05/16 06:00:26",,"2019/03/11 00:00:00",1,170.78007
D,P5MIN,CONSTRAINTSOLUTION,6,"2019/05/16 06:05:00",0,"2019/05/16 06:35:00",DSNAP_S:V_500_DYN,10500,0,0,"2019/05/16 06:00:26",,"2019/03/11 00:00:00",1,160
D,P5MIN,CONSTRAINTSOLUTION,6,"2019/05/16 06:05:00",0,"2019/05/16 06:35:00",DSNAP_S:V_550_DYN,10550,0,0,"2019/05/16 06:00:26",,"2019/03/11 00:00:00",1,160
D,P5MIN,CONSTRAINTSOLUTION,6,"2019/05/16 06:05:00",0,"2019/05/16 06:35:00",DSNAP_S>V_460_DYN,10460,0,0,"2019/05/16 06:00:26",,"2019/03/11 00:00:00",1,160
D,P5MIN,CONSTRAINTSOLUTION,6,"2019/05/16 06:05:00",0,"2019/05/16 06:35:00",DSNAP_SA_UNITS_ON,10010,0,0,"2019/05/16 06:00:26",,"2016/05/16 00:00:00",1,-57
D,P5MIN,CONSTRAINTSOLUTION,6,"2019/05/16 06:05:00",0,"2019/05/16 06:35:00",DSNAP_SNIL_1,10660.07794,0,0,"2019/05/16 06:00:26",,"2016/04/11 00:00:00",1,157.77808
D,P5MIN,CONSTRAINTSOLUTION,6,"2019/05/16 06:05:00",0,"2019/05/16 06:35:00",DSNAP_SNIL_2,10669.28264,0,0,"2019/05/16 06:00:26",,"2016/04/11 00:00:00",1,-157.6855
D,P5MIN,CONSTRAINTSOLUTION,6,"2019/05/16 06:05:00",0,"2019/05/16 06:35:00",DSNAP_SNIL_3,20642.32222,0,0,"2019/05/16 06:00:26",,"2016/04/11 00:00:00",1,-157.16088
D,P5MIN,CONSTRAINTSOLUTION,6,"2019/05/16 06:05:00",0,"2019/05/16 06:35:00",DSNAP_SNIL_4,20725.30827,0,0,"2019/05/16 06:00:26",,"2016/04/11 00:00:00",1,-156.88314
D,P5MIN,CONSTRAINTSOLUTION,6,"2019/05/16 06:05:00",0,"2019/05/16 06:35:00",DSNAP_SNIL_5,10639.95286,0,0,"2019/05/16 06:00:26",,"2016/04/11 00:00:00",1,-157.56206
D,P5MIN,CONSTRAINTSOLUTION,6,"2019/05/16 06:05:00",0,"2019/05/16 06:35:00",DSNAP_SNIL_6,10776.51438,0,0,"2019/05/16 06:00:26",,"2016/04/11 00:00:00",1,-156.88314
D,P5MIN,CONSTRAINTSOLUTION,6,"2019/05/16 06:05:00",0,"2019/05/16 06:35:00",DSNAP_SNIL_7,20580.52225,0,0,"2019/05/16 06:00:26",,"2016/04/11 00:00:00",1,-157.6855
D,P5MIN,CONSTRAINTSOLUTION,6,"2019/05/16 06:05:00",0,"2019/05/16 06:35:00",DSNAP_SNIL_8,20764.30753,0,0,"2019/05/16 06:00:26",,"2016/04/11 00:00:00",1,-157.16088
D,P5MIN,CONSTRAINTSOLUTION,6,"2019/05/16 06:05:00",0,"2019/05/16 06:35:00",DSNAP_SNIL_9,10789.40572,0,0,"2019/05/16 06:00:26",,"2016/04/11 00:00:00",1,-157.16088
D,P5MIN,CONSTRAINTSOLUTION,6,"2019/05/16 06:05:00",0,"2019/05/16 06:35:00",DSNAP_SNIL_TBTU_TBMO,10230.34592,0,0,"2019/05/16 06:00:26",,"2015/06/29 00:00:00",2,-57
D,P5MIN,CONSTRAINTSOLUTION,6,"2019/05/16 06:05:00",0,"2019/05/16 06:35:00",DSNAP_SV_250_DYN,10250,0,0,"2019/05/16 06:00:26",,"2019/03/11 00:00:00",1,160
D,P5MIN,CONSTRAINTSOLUTION,6,"2019/05/16 06:05:00",0,"2019/05/16 06:35:00",DSNAP_S_NOTI_NOTI_3,10139.53942,0,0,"2019/05/16 06:00:26",,"2014/02/24 00:00:00",1,-57
D,P5MIN,CONSTRAINTSOLUTION,6,"2019/05/16 06:05:00",0,"2019/05/16 06:35:00",DSNAP_S_SETX_SETX,10295.84834,0,0,"2019/05/16 06:00:26",,"2014/02/17 00:00:00",1,-57
D,P5MIN,CONSTRAINTSOLUTION,6,"2019/05/16 06:05:00",0,"2019/05/16 06:35:00",DSNAP_S_V_000_DYN,9975,0,0,"2019/05/16 06:00:26",,"2019/03/11 00:00:00",1,160
D,P5MIN,CONSTRAINTSOLUTION,6,"2019/05/16 06:05:00",0,"2019/05/16 06:35:00",DSNAP_T_NIL_BL_6,10136.98055,0,0,"2019/05/16 06:00:26",,"2017/07/21 00:00:00",1,-125.2203
D,P5MIN,CONSTRAINTSOLUTION,6,"2019/05/16 06:05:00",0,"2019/05/16 06:35:00",DSNAP_V:SS_650_DYN,10650,0,0,"2019/05/16 06:00:26",,"2019/03/11 00:00:00",1,-170.78007
D,P5MIN,CONSTRAINTSOLUTION,6,"2019/05/16 06:05:00",0,"2019/05/16 06:35:00",DSNAP_V:SS_720_DYN,10720,0,0,"2019/05/16 06:00:26",,"2019/03/11 00:00:00",1,-170.78007
D,P5MIN,CONSTRAINTSOLUTION,6,"2019/05/16 06:05:00",0,"2019/05/16 06:35:00",DSNAP_V:SS_790_DYN,10790,0,0,"2019/05/16 06:00:26",,"2019/03/11 00:00:00",1,-170.78007
D,P5MIN,CONSTRAINTSOLUTION,6,"2019/05/16 06:05:00",0,"2019/05/16 06:35:00",DSNAP_V:SS_820_DYN,10820,0,0,"2019/05/16 06:00:26",,"2019/03/11 00:00:00",1,-170.78007
D,P5MIN,CONSTRAINTSOLUTION,6,"2019/05/16 06:05:00",0,"2019/05/16 06:35:00",DSNAP_V:SS_850_DYN,10850,0,0,"2019/05/16 06:00:26",,"2019/03/11 00:00:00",1,-170.78007
D,P5MIN,CONSTRAINTSOLUTION,6,"2019/05/16 06:05:00",0,"2019/05/16 06:35:00",DSNAP_V:SS_870_DYN,10870,0,0,"2019/05/16 06:00:26",,"2019/03/11 00:00:00",1,-170.78007
D,P5MIN,CONSTRAINTSOLUTION,6,"2019/05/16 06:05:00",0,"2019/05/16 06:35:00",DSNAP_V:S_500_DYN,10500,0,0,"2019/05/16 06:00:26",,"2019/03/11 00:00:00",1,-160
D,P5MIN,CONSTRAINTSOLUTION,6,"2019/05/16 06:05:00",0,"2019/05/16 06:35:00",DSNAP_V:S_570_DYN,10570,0,0,"2019/05/16 06:00:26",,"2019/03/11 00:00:00",1,-160
D,P5MIN,CONSTRAINTSOLUTION,6,"2019/05/16 06:05:00",0,"2019/05/16 06:35:00",DSNAP_V:S_600_DYN,10600,0,0,"2019/05/16 06:00:26",,"2019/03/11 00:00:00",1,-160
D,P5MIN,CONSTRAINTSOLUTION,6,"2019/05/16 06:05:00",0,"2019/05/16 06:35:00",DSNAP_V:S_650_DYN,10650,0,0,"2019/05/16 06:00:26",,"2019/03/11 00:00:00",1,-160
D,P5MIN,CONSTRAINTSOLUTION,6,"2019/05/16 06:05:00",0,"2019/05/16 06:35:00",DSNAP_V>>V_NIL_1A,11999.82944,0,0,"2019/05/16 06:00:26",,"2019/01/29 00:00:00",1,342.78489
D,P5MIN,CONSTRAINTSOLUTION,6,"2019/05/16 06:05:00",0,"2019/05/16 06:35:00",DSNAP_V>>V_NIL_1C,11954.88011,0,0,"2019/05/16 06:00:26",,"2019/01/23 00:00:00",1,342.78489
D,P5MIN,CONSTRAINTSOLUTION,6,"2019/05/16 06:05:00",0,"2019/05/16 06:35:00",DSNAP_V>>V_NIL_1D,11958.18315,0,0,"2019/05/16 06:00:26",,"2019/01/23 00:00:00",1,342.78489
D,P5MIN,CONSTRAINTSOLUTION,6,"2019/05/16 06:05:00",0,"2019/05/16 06:35:00",DSNAP_V>S_460_DYN,10460,0,0,"2019/05/16 06:00:26",,"2019/03/11 00:00:00",1,-160
D,P5MIN,CONSTRAINTSOLUTION,6,"2019/05/16 06:05:00",0,"2019/05/16 06:35:00",DSNAP_V>V_NIL_7,11018.49978,0,0,"2019/05/16 06:00:26",,"2019/01/24 00:00:00",1,32
D,P5MIN,CONSTRAINTSOLUTION,6,"2019/05/16 06:05:00",0,"2019/05/16 06:35:00",DSNAP_VS_250_DYN,10250,0,0,"2019/05/16 06:00:26",,"2019/03/11 00:00:00",1,-160
D,P5MIN,CONSTRAINTSOLUTION,6,"2019/05/16 06:05:00",0,"2019/05/16 06:35:00",F_I+LREG_0120,120,0,0,"2019/05/16 06:00:26",,"2013/08/21 00:00:00",1,190
D,P5MIN,CONSTRAINTSOLUTION,6,"2019/05/16 06:05:00",0,"2019/05/16 06:35:00",F_I+LREG_0190,190,12.31,0,"2019/05/16 06:00:26",,"2019/04/16 00:00:00",1,190
D,P5MIN,CONSTRAINTSOLUTION,6,"2019/05/16 06:05:00",0,"2019/05/16 06:35:00",F_I+ML_L5_0400,301.12302,0,0,"2019/05/16 06:00:26",,"2013/08/21 00:00:00",1,394.42
D,P5MIN,CONSTRAINTSOLUTION,6,"2019/05/16 06:05:00",0,"2019/05/16 06:35:00",F_I+ML_L60_0400,33.5074,0,0,"2019/05/16 06:00:26",,"2013/08/21 00:00:00",1,126.81
D,P5MIN,CONSTRAINTSOLUTION,6,"2019/05/16 06:05:00",0,"2019/05/16 06:35:00",F_I+ML_L6_0400,33.5074,0.03,0,"2019/05/16 06:00:26",,"2013/08/21 00:00:00",1,33.51
D,P5MIN,CONSTRAINTSOLUTION,6,"2019/05/16 06:05:00",0,"2019/05/16 06:35:00",F_I+NIL_APD_TL_L5,394.42301,0.19,0,"2019/05/16 06:00:26",,"2014/03/03 00:00:00",1,394.42
D,P5MIN,CONSTRAINTSOLUTION,6,"2019/05/16 06:05:00",0,"2019/05/16 06:35:00",F_I+NIL_APD_TL_L6,-190.48166,0,0,"2019/05/16 06:00:26",,"2014/03/03 00:00:00",1,33.51
D,P5MIN,CONSTRAINTSOLUTION,6,"2019/05/16 06:05:00",0,"2019/05/16 06:35:00",F_I+NIL_APD_TL_L60,126.80739,0.05,0,"2019/05/16 06:00:26",,"2014/03/03 00:00:00",1,126.81
D,P5MIN,CONSTRAINTSOLUTION,6,"2019/05/16 06:05:00",0,"2019/05/16 06:35:00",F_I+NIL_BB_TG_R5,-98.87698,0,0,"2019/05/16 06:00:26",,"2013/08/21 00:00:00",1,668.38
D,P5MIN,CONSTRAINTSOLUTION,6,"2019/05/16 06:05:00",0,"2019/05/16 06:35:00",F_I+NIL_BB_TG_R6,-683.78165,0,0,"2019/05/16 06:00:26",,"2013/08/21 00:00:00",1,444.38
D,P5MIN,CONSTRAINTSOLUTION,6,"2019/05/16 06:05:00",0,"2019/05/16 06:35:00",F_I+NIL_BB_TG_R60,-366.4926,0,0,"2019/05/16 06:00:26",,"2013/08/21 00:00:00",1,459.8
D,P5MIN,CONSTRAINTSOLUTION,6,"2019/05/16 06:05:00",0,"2019/05/16 06:35:00",F_I+NIL_MG_R5,650.98998,0,0,"2019/05/16 06:00:26",,"2013/08/21 00:00:00",1,668.38
D,P5MIN,CONSTRAINTSOLUTION,6,"2019/05/16 06:05:00",0,"2019/05/16 06:35:00",F_I+NIL_MG_R6,383.5074,0,0,"2019/05/16 06:00:26",,"2013/08/21 00:00:00",1,444.38
D,P5MIN,CONSTRAINTSOLUTION,6,"2019/05/16 06:05:00",0,"2019/05/16 06:35:00",F_I+NIL_MG_R60,383.5074,0,0,"2019/05/16 06:00:26",,"2013/08/21 00:00:00",1,459.8
D,P5MIN,CONSTRAINTSOLUTION,6,"2019/05/16 06:05:00",0,"2019/05/16 06:35:00",F_I+NIL_RREG,130,0,0,"2019/05/16 06:00:26",,"2018/12/12 00:00:00",1,200
D,P5MIN,CONSTRAINTSOLUTION,6,"2019/05/16 06:05:00",0,"2019/05/16 06:35:00",F_I+NIL_WF_TG_R5,-79.48441,0,0,"2019/05/16 06:00:26",,"2013/08/21 00:00:00",1,668.38
D,P5MIN,CONSTRAINTSOLUTION,6,"2019/05/16 06:05:00",0,"2019/05/16 06:35:00",F_I+NIL_WF_TG_R6,-683.78165,0,0,"2019/05/16 06:00:26",,"2013/08/21 00:00:00",1,444.38
D,P5MIN,CONSTRAINTSOLUTION,6,"2019/05/16 06:05:00",0,"2019/05/16 06:35:00",F_I+NIL_WF_TG_R60,-366.4926,0,0,"2019/05/16 06:00:26",,"2013/08/21 00:00:00",1,459.8
D,P5MIN,CONSTRAINTSOLUTION,6,"2019/05/16 06:05:00",0,"2019/05/16 06:35:00",F_I+RREG_0200,200,12.5,0,"2019/05/16 06:00:26",,"2013/08/21 00:00:00",1,200
D,P5MIN,CONSTRAINTSOLUTION,6,"2019/05/16 06:05:00",0,"2019/05/16 06:35:00",F_I+WIP_N-2_ML_L5,-98.87698,0,0,"2019/05/16 06:00:26",,"2017/05/16 00:00:00",1,394.42
D,P5MIN,CONSTRAINTSOLUTION,6,"2019/05/16 06:05:00",0,"2019/05/16 06:35:00",F_I+WIP_N-2_ML_L6,-366.4926,0,0,"2019/05/16 06:00:26",,"2017/05/16 00:00:00",1,33.51
D,P5MIN,CONSTRAINTSOLUTION,6,"2019/05/16 06:05:00",0,"2019/05/16 06:35:00",F_I+WIP_N-2_ML_L60,-366.4926,0,0,"2019/05/16 06:00:26",,"2017/05/16 00:00:00",1,126.81
D,P5MIN,CONSTRAINTSOLUTION,6,"2019/05/16 06:05:00",0,"2019/05/16 06:35:00",F_I+WIV_N-2_MG_R5,-99.01002,0,0,"2019/05/16 06:00:26",,"2017/05/16 00:00:00",1,668.38
D,P5MIN,CONSTRAINTSOLUTION,6,"2019/05/16 06:05:00",0,"2019/05/16 06:35:00",F_I+WIV_N-2_MG_R6,-366.4926,0,0,"2019/05/16 06:00:26",,"2017/05/16 00:00:00",1,444.38
D,P5MIN,CONSTRAINTSOLUTION,6,"2019/05/16 06:05:00",0,"2019/05/16 06:35:00",F_I+WIV_N-2_MG_R60,-366.4926,0,0,"2019/05/16 06:00:26",,"2017/05/16 00:00:00",1,459.8
D,P5MIN,CONSTRAINTSOLUTION,6,"2019/05/16 06:05:00",0,"2019/05/16 06:35:00",F_MAIN++APD_TL_L5,-79.88673,0,0,"2019/05/16 06:00:26",,"2014/03/03 00:00:00",1,220.42
D,P5MIN,CONSTRAINTSOLUTION,6,"2019/05/16 06:05:00",0,"2019/05/16 06:35:00",F_MAIN++APD_TL_L6,-619.27811,0,0,"2019/05/16 06:00:26",,"2014/03/03 00:00:00",1,-66.49
D,P5MIN,CONSTRAINTSOLUTION,6,"2019/05/16 06:05:00",0,"2019/05/16 06:35:00",F_MAIN++APD_TL_L60,-301.98906,0,0,"2019/05/16 06:00:26",,"2014/03/03 00:00:00",1,14.54
D,P5MIN,CONSTRAINTSOLUTION,6,"2019/05/16 06:05:00",0,"2019/05/16 06:35:00",F_MAIN++LREG_0120,-358,0,0,"2019/05/16 06:00:26",,"2013/08/21 00:00:00",1,46
D,P5MIN,CONSTRAINTSOLUTION,6,"2019/05/16 06:05:00",0,"2019/05/16 06:35:00",F_MAIN++LREG_0190,-288,0,0,"2019/05/16 06:00:26",,"2019/04/16 00:00:00",1,46
D,P5MIN,CONSTRAINTSOLUTION,6,"2019/05/16 06:05:00",0,"2019/05/16 06:35:00",F_MAIN++ML_L5_0400,-173.18672,0,0,"2019/05/16 06:00:26",,"2013/08/21 00:00:00",1,220.42
D,P5MIN,CONSTRAINTSOLUTION,6,"2019/05/16 06:05:00",0,"2019/05/16 06:35:00",F_MAIN++ML_L60_0400,-395.28905,0,0,"2019/05/16 06:00:26",,"2013/08/21 00:00:00",1,14.54
D,P5MIN,CONSTRAINTSOLUTION,6,"2019/05/16 06:05:00",0,"2019/05/16 06:35:00",F_MAIN++ML_L6_0400,-395.28905,0,0,"2019/05/16 06:00:26",,"2013/08/21 00:00:00",1,-66.49
D,P5MIN,CONSTRAINTSOLUTION,6,"2019/05/16 06:05:00",0,"2019/05/16 06:35:00",F_MAIN++NIL_BL_L5,-225.18672,0,0,"2019/05/16 06:00:26",,"2013/08/21 00:00:00",1,220.42
D,P5MIN,CONSTRAINTSOLUTION,6,"2019/05/16 06:05:00",0,"2019/05/16 06:35:00",F_MAIN++NIL_BL_L6,-634.5781,0,0,"2019/05/16 06:00:26",,"2013/08/21 00:00:00",1,-66.49
D,P5MIN,CONSTRAINTSOLUTION,6,"2019/05/16 06:05:00",0,"2019/05/16 06:35:00",F_MAIN++NIL_BL_L60,-317.28905,0,0,"2019/05/16 06:00:26",,"2013/08/21 00:00:00",1,14.54
D,P5MIN,CONSTRAINTSOLUTION,6,"2019/05/16 06:05:00",0,"2019/05/16 06:35:00",F_MAIN++NIL_BL_R5,-10225.18672,0,0,"2019/05/16 06:00:26",,"2013/08/21 00:00:00",1,704.81
D,P5MIN,CONSTRAINTSOLUTION,6,"2019/05/16 06:05:00",0,"2019/05/16 06:35:00",F_MAIN++NIL_BL_R6,-10634.5781,0,0,"2019/05/16 06:00:26",,"2013/08/21 00:00:00",1,482.71
D,P5MIN,CONSTRAINTSOLUTION,6,"2019/05/16 06:05:00",0,"2019/05/16 06:35:00",F_MAIN++NIL_BL_R60,-10317.28905,0,0,"2019/05/16 06:00:26",,"2013/08/21 00:00:00",1,482.71
D,P5MIN,CONSTRAINTSOLUTION,6,"2019/05/16 06:05:00",0,"2019/05/16 06:35:00",F_MAIN++NIL_MG_R5,704.81329,2,0,"2019/05/16 06:00:26",,"2013/08/21 00:00:00",1,704.81
D,P5MIN,CONSTRAINTSOLUTION,6,"2019/05/16 06:05:00",0,"2019/05/16 06:35:00",F_MAIN++NIL_MG_R6,482.71095,9.49,0,"2019/05/16 06:00:26",,"2013/08/21 00:00:00",1,482.71
D,P5MIN,CONSTRAINTSOLUTION,6,"2019/05/16 06:05:00",0,"2019/05/16 06:35:00",F_MAIN++NIL_MG_R60,482.71095,5.89,0,"2019/05/16 06:00:26",,"2013/08/21 00:00:00",1,482.71
D,P5MIN,CONSTRAINTSOLUTION,6,"2019/05/16 06:05:00",0,"2019/05/16 06:35:00",F_MAIN++NIL_RREG,180,0,0,"2019/05/16 06:00:26",,"2018/12/12 00:00:00",1,250
D,P5MIN,CONSTRAINTSOLUTION,6,"2019/05/16 06:05:00",0,"2019/05/16 06:35:00",F_MAIN++RREG_0200,250,2.74969,0,"2019/05/16 06:00:26",,"2013/08/21 00:00:00",1,250
D,P5MIN,CONSTRAINTSOLUTION,6,"2019/05/16 06:05:00",0,"2019/05/16 06:35:00",F_MAIN++WIPN-2_MLL60,-795.28905,0,0,"2019/05/16 06:00:26",,"2017/05/16 00:00:00",1,14.54
D,P5MIN,CONSTRAINTSOLUTION,6,"2019/05/16 06:05:00",0,"2019/05/16 06:35:00",F_MAIN++WIP_N-2_MLL5,-573.18672,0,0,"2019/05/16 06:00:26",,"2017/05/16 00:00:00",1,220.42
D,P5MIN,CONSTRAINTSOLUTION,6,"2019/05/16 06:05:00",0,"2019/05/16 06:35:00",F_MAIN++WIP_N-2_MLL6,-795.28905,0,0,"2019/05/16 06:00:26",,"2017/05/16 00:00:00",1,-66.49
D,P5MIN,CONSTRAINTSOLUTION,6,"2019/05/16 06:05:00",0,"2019/05/16 06:35:00",F_MAIN++WIVN-2_MGR60,-267.28905,0,0,"2019/05/16 06:00:26",,"2017/05/16 00:00:00",1,482.71
D,P5MIN,CONSTRAINTSOLUTION,6,"2019/05/16 06:05:00",0,"2019/05/16 06:35:00",F_MAIN++WIV_N-2_MGR5,-45.18672,0,0,"2019/05/16 06:00:26",,"2017/05/16 00:00:00",1,704.81
D,P5MIN,CONSTRAINTSOLUTION,6,"2019/05/16 06:05:00",0,"2019/05/16 06:35:00",F_MAIN++WIV_N-2_MGR6,-267.28905,0,0,"2019/05/16 06:00:26",,"2017/05/16 00:00:00",1,482.71
D,P5MIN,CONSTRAINTSOLUTION,6,"2019/05/16 06:05:00",0,"2019/05/16 06:35:00",F_MAIN+APD_TL_L5,-9601.88673,0,0,"2019/05/16 06:00:26",,"2014/03/03 00:00:00",1,320.42
D,P5MIN,CONSTRAINTSOLUTION,6,"2019/05/16 06:05:00",0,"2019/05/16 06:35:00",F_MAIN+APD_TL_L6,-10141.27811,0,0,"2019/05/16 06:00:26",,"2014/03/03 00:00:00",1,33.51
D,P5MIN,CONSTRAINTSOLUTION,6,"2019/05/16 06:05:00",0,"2019/05/16 06:35:00",F_MAIN+APD_TL_L60,-9823.98906,0,0,"2019/05/16 06:00:26",,"2014/03/03 00:00:00",1,114.54
D,P5MIN,CONSTRAINTSOLUTION,6,"2019/05/16 06:05:00",0,"2019/05/16 06:35:00",F_MAIN+BLFCTRL_L5,-23.44065,0,0,"2019/05/16 06:00:26",,"2014/07/01 00:00:00",1,320.42
D,P5MIN,CONSTRAINTSOLUTION,6,"2019/05/16 06:05:00",0,"2019/05/16 06:35:00",F_MAIN+BLFCTRL_L6,-245.54299,0,0,"2019/05/16 06:00:26",,"2014/07/01 00:00:00",1,33.51
D,P5MIN,CONSTRAINTSOLUTION,6,"2019/05/16 06:05:00",0,"2019/05/16 06:35:00",F_MAIN+BLFCTRL_L60,-245.54299,0,0,"2019/05/16 06:00:26",,"2014/07/01 00:00:00",1,114.54
D,P5MIN,CONSTRAINTSOLUTION,6,"2019/05/16 06:05:00",0,"2019/05/16 06:35:00",F_MAIN+BLFCTRL_R5,54.81329,0,0,"2019/05/16 06:00:26",,"2014/07/01 00:00:00",1,604.81
D,P5MIN,CONSTRAINTSOLUTION,6,"2019/05/16 06:05:00",0,"2019/05/16 06:35:00",F_MAIN+BLFCTRL_R6,-167.28905,0,0,"2019/05/16 06:00:26",,"2014/07/01 00:00:00",1,382.71
D,P5MIN,CONSTRAINTSOLUTION,6,"2019/05/16 06:05:00",0,"2019/05/16 06:35:00",F_MAIN+BLFCTRL_R60,-167.28905,0,0,"2019/05/16 06:00:26",,"2014/07/01 00:00:00",1,382.71
D,P5MIN,CONSTRAINTSOLUTION,6,"2019/05/16 06:05:00",0,"2019/05/16 06:35:00",F_MAIN+LREG_0120,-9880,0,0,"2019/05/16 06:00:26",,"2013/08/21 00:00:00",1,146
D,P5MIN,CONSTRAINTSOLUTION,6,"2019/05/16 06:05:00",0,"2019/05/16 06:35:00",F_MAIN+LREG_0190,-9810,0,0,"2019/05/16 06:00:26",,"2019/04/16 00:00:00",1,146
D,P5MIN,CONSTRAINTSOLUTION,6,"2019/05/16 06:05:00",0,"2019/05/16 06:35:00",F_MAIN+ML_L5_0400,-9695.18672,0,0,"2019/05/16 06:00:26",,"2013/08/21 00:00:00",1,320.42
D,P5MIN,CONSTRAINTSOLUTION,6,"2019/05/16 06:05:00",0,"2019/05/16 06:35:00",F_MAIN+ML_L60_0400,-9917.28905,0,0,"2019/05/16 06:00:26",,"2013/08/21 00:00:00",1,114.54
D,P5MIN,CONSTRAINTSOLUTION,6,"2019/05/16 06:05:00",0,"2019/05/16 06:35:00",F_MAIN+ML_L6_0400,-9917.28905,0,0,"2019/05/16 06:00:26",,"2013/08/21 00:00:00",1,33.51
D,P5MIN,CONSTRAINTSOLUTION,6,"2019/05/16 06:05:00",0,"2019/05/16 06:35:00",F_MAIN+NIL_DYN_LREG,0,0,0,"2019/05/16 06:00:26",,"2019/03/22 00:00:00",2,146
D,P5MIN,CONSTRAINTSOLUTION,6,"2019/05/16 06:05:00",0,"2019/05/16 06:35:00",F_MAIN+NIL_DYN_RREG,0,0,0,"2019/05/16 06:00:26",,"2019/03/22 00:00:00",2,150
D,P5MIN,CONSTRAINTSOLUTION,6,"2019/05/16 06:05:00",0,"2019/05/16 06:35:00",F_MAIN+NIL_MG_R5,-9345.18672,0,0,"2019/05/16 06:00:26",,"2013/08/21 00:00:00",1,604.81
D,P5MIN,CONSTRAINTSOLUTION,6,"2019/05/16 06:05:00",0,"2019/05/16 06:35:00",F_MAIN+NIL_MG_R6,-9567.28905,0,0,"2019/05/16 06:00:26",,"2013/08/21 00:00:00",1,382.71
D,P5MIN,CONSTRAINTSOLUTION,6,"2019/05/16 06:05:00",0,"2019/05/16 06:35:00",F_MAIN+NIL_MG_R60,-9567.28905,0,0,"2019/05/16 06:00:26",,"2013/08/21 00:00:00",1,382.71
D,P5MIN,CONSTRAINTSOLUTION,6,"2019/05/16 06:05:00",0,"2019/05/16 06:35:00",F_MAIN+NIL_RREG,-9870,0,0,"2019/05/16 06:00:26",,"2018/12/12 00:00:00",1,150
D,P5MIN,CONSTRAINTSOLUTION,6,"2019/05/16 06:05:00",0,"2019/05/16 06:35:00",F_MAIN+RREG_0200,-9800,0,0,"2019/05/16 06:00:26",,"2013/08/21 00:00:00",1,150
D,P5MIN,CONSTRAINTSOLUTION,6,"2019/05/16 06:05:00",0,"2019/05/16 06:35:00",F_MAIN+TASCAP_LREG,70,0,0,"2019/05/16 06:00:26",,"2019/01/11 00:00:00",1,146
D,P5MIN,CONSTRAINTSOLUTION,6,"2019/05/16 06:05:00",0,"2019/05/16 06:35:00",F_MAIN+TASCAP_RREG,80,0,0,"2019/05/16 06:00:26",,"2019/01/11 00:00:00",1,150
D,P5MIN,CONSTRAINTSOLUTION,6,"2019/05/16 06:05:00",0,"2019/05/16 06:35:00",F_MAIN+WIP_N-2_MLL60,-10317.28905,0,0,"2019/05/16 06:00:26",,"2017/05/16 00:00:00",1,114.54
D,P5MIN,CONSTRAINTSOLUTION,6,"2019/05/16 06:05:00",0,"2019/05/16 06:35:00",F_MAIN+WIP_N-2_ML_L5,-10095.18672,0,0,"2019/05/16 06:00:26",,"2017/05/16 00:00:00",1,320.42
D,P5MIN,CONSTRAINTSOLUTION,6,"2019/05/16 06:05:00",0,"2019/05/16 06:35:00",F_MAIN+WIP_N-2_ML_L6,-10317.28905,0,0,"2019/05/16 06:00:26",,"2017/05/16 00:00:00",1,33.51
D,P5MIN,CONSTRAINTSOLUTION,6,"2019/05/16 06:05:00",0,"2019/05/16 06:35:00",F_MAIN+WIV_N-2_MGR60,-10317.28905,0,0,"2019/05/16 06:00:26",,"2017/05/16 00:00:00",1,382.71
D,P5MIN,CONSTRAINTSOLUTION,6,"2019/05/16 06:05:00",0,"2019/05/16 06:35:00",F_MAIN+WIV_N-2_MG_R5,-10095.18672,0,0,"2019/05/16 06:00:26",,"2017/05/16 00:00:00",1,604.81
D,P5MIN,CONSTRAINTSOLUTION,6,"2019/05/16 06:05:00",0,"2019/05/16 06:35:00",F_MAIN+WIV_N-2_MG_R6,-10317.28905,0,0,"2019/05/16 06:00:26",,"2017/05/16 00:00:00",1,382.71
D,P5MIN,CONSTRAINTSOLUTION,6,"2019/05/16 06:05:00",0,"2019/05/16 06:35:00",F_Q++NIL_R5,1360,0,0,"2019/05/16 06:00:26",,"2013/10/02 00:00:00",1,606.56236
D,P5MIN,CONSTRAINTSOLUTION,6,"2019/05/16 06:05:00",0,"2019/05/16 06:35:00",F_Q++NIL_R6,1360,0,0,"2019/05/16 06:00:26",,"2013/10/02 00:00:00",1,573.27236
D,P5MIN,CONSTRAINTSOLUTION,6,"2019/05/16 06:05:00",0,"2019/05/16 06:35:00",F_Q++NIL_R60,1360,0,0,"2019/05/16 06:00:26",,"2013/10/02 00:00:00",1,547.27236
D,P5MIN,CONSTRAINTSOLUTION,6,"2019/05/16 06:05:00",0,"2019/05/16 06:35:00",F_Q_W/HOE_R5,10000,0,0,"2019/05/16 06:00:26",,"2017/05/17 00:00:00",1,60
D,P5MIN,CONSTRAINTSOLUTION,6,"2019/05/16 06:05:00",0,"2019/05/16 06:35:00",F_Q_W/HOE_R60,10000,0,0,"2019/05/16 06:00:26",,"2017/05/17 00:00:00",1,0
D,P5MIN,CONSTRAINTSOLUTION,6,"2019/05/16 06:05:00",0,"2019/05/16 06:35:00",F_S+NIL_HPR_G+L_LREG,300000,0,0,"2019/05/16 06:00:26",,"2017/11/13 00:00:00",1,40
D,P5MIN,CONSTRAINTSOLUTION,6,"2019/05/16 06:05:00",0,"2019/05/16 06:35:00",F_S+NIL_HPR_G+L_RREG,300000,0,0,"2019/05/16 06:00:26",,"2017/11/13 00:00:00",1,30
D,P5MIN,CONSTRAINTSOLUTION,6,"2019/05/16 06:05:00",0,"2019/05/16 06:35:00",F_T++LREG_0050,100,0,0,"2019/05/16 06:00:26",,"2015/01/29 00:00:00",1,144
D,P5MIN,CONSTRAINTSOLUTION,6,"2019/05/16 06:05:00",0,"2019/05/16 06:35:00",F_T++NIL_BB_TG_R5,-10053.81428,0,0,"2019/05/16 06:00:26",,"2016/04/12 00:00:00",1,-36.43
D,P5MIN,CONSTRAINTSOLUTION,6,"2019/05/16 06:05:00",0,"2019/05/16 06:35:00",F_T++NIL_BB_TG_R6,-10162.68624,0,0,"2019/05/16 06:00:26",,"2016/04/12 00:00:00",1,-38.33
D,P5MIN,CONSTRAINTSOLUTION,6,"2019/05/16 06:05:00",0,"2019/05/16 06:35:00",F_T++NIL_BB_TG_R60,-9984.63404,0,0,"2019/05/16 06:00:26",,"2016/04/12 00:00:00",1,-22.91
D,P5MIN,CONSTRAINTSOLUTION,6,"2019/05/16 06:05:00",0,"2019/05/16 06:35:00",F_T++NIL_BLSPS_L5,-20000.0001,0,0,"2019/05/16 06:00:26",,"2013/08/21 00:00:00",1,168.558
D,P5MIN,CONSTRAINTSOLUTION,6,"2019/05/16 06:05:00",0,"2019/05/16 06:35:00",F_T++NIL_BLSPS_L60_1,-20000.0001,0,0,"2019/05/16 06:00:26",,"2013/08/21 00:00:00",1,130.893
D,P5MIN,CONSTRAINTSOLUTION,6,"2019/05/16 06:05:00",0,"2019/05/16 06:35:00",F_T++NIL_BLSPS_L60_2,-20000.0001,0,0,"2019/05/16 06:00:26",,"2013/08/21 00:00:00",1,308.834
D,P5MIN,CONSTRAINTSOLUTION,6,"2019/05/16 06:05:00",0,"2019/05/16 06:35:00",F_T++NIL_BLSPS_L60_3,-20000.0001,0,0,"2019/05/16 06:00:26",,"2013/08/21 00:00:00",1,525.109
D,P5MIN,CONSTRAINTSOLUTION,6,"2019/05/16 06:05:00",0,"2019/05/16 06:35:00",F_T++NIL_BLSPS_L60_4,-20000.0001,0,0,"2019/05/16 06:00:26",,"2013/08/21 00:00:00",1,831.534
D,P5MIN,CONSTRAINTSOLUTION,6,"2019/05/16 06:05:00",0,"2019/05/16 06:35:00",F_T++NIL_BLSPS_L6_1,-20000.0001,0,0,"2019/05/16 06:00:26",,"2013/08/21 00:00:00",1,86.338
D,P5MIN,CONSTRAINTSOLUTION,6,"2019/05/16 06:05:00",0,"2019/05/16 06:35:00",F_T++NIL_BLSPS_L6_2,-20000.0001,0,0,"2019/05/16 06:00:26",,"2013/08/21 00:00:00",1,209.199
D,P5MIN,CONSTRAINTSOLUTION,6,"2019/05/16 06:05:00",0,"2019/05/16 06:35:00",F_T++NIL_BLSPS_L6_3,-20000.0001,0,0,"2019/05/16 06:00:26",,"2013/08/21 00:00:00",1,375.816
D,P5MIN,CONSTRAINTSOLUTION,6,"2019/05/16 06:05:00",0,"2019/05/16 06:35:00",F_T++NIL_BLSPS_L6_4,-20000.0001,0,0,"2019/05/16 06:00:26",,"2013/08/21 00:00:00",1,619.41
D,P5MIN,CONSTRAINTSOLUTION,6,"2019/05/16 06:05:00",0,"2019/05/16 06:35:00",F_T++NIL_BLSPS_R5,-10000.0001,0,0,"2019/05/16 06:00:26",,"2013/08/21 00:00:00",1,-25.158
D,P5MIN,CONSTRAINTSOLUTION,6,"2019/05/16 06:05:00",0,"2019/05/16 06:35:00",F_T++NIL_BLSPS_R60_1,-10000.0001,0,0,"2019/05/16 06:00:26",,"2013/08/21 00:00:00",1,-44.447
D,P5MIN,CONSTRAINTSOLUTION,6,"2019/05/16 06:05:00",0,"2019/05/16 06:35:00",F_T++NIL_BLSPS_R60_2,-10000.0001,0,0,"2019/05/16 06:00:26",,"2013/08/21 00:00:00",1,-123.926
D,P5MIN,CONSTRAINTSOLUTION,6,"2019/05/16 06:05:00",0,"2019/05/16 06:35:00",F_T++NIL_BLSPS_R60_3,-10000.0001,0,0,"2019/05/16 06:00:26",,"2013/08/21 00:00:00",1,-203.165
D,P5MIN,CONSTRAINTSOLUTION,6,"2019/05/16 06:05:00",0,"2019/05/16 06:35:00",F_T++NIL_BLSPS_R60_4,-10000.0001,0,0,"2019/05/16 06:00:26",,"2013/08/21 00:00:00",1,-323.249
D,P5MIN,CONSTRAINTSOLUTION,6,"2019/05/16 06:05:00",0,"2019/05/16 06:35:00",F_T++NIL_BLSPS_R6_1,-10000.0001,0,0,"2019/05/16 06:00:26",,"2013/08/21 00:00:00",1,-37.465
D,P5MIN,CONSTRAINTSOLUTION,6,"2019/05/16 06:05:00",0,"2019/05/16 06:35:00",F_T++NIL_BLSPS_R6_2,-10000.0001,0,0,"2019/05/16 06:00:26",,"2013/08/21 00:00:00",1,-116.847
D,P5MIN,CONSTRAINTSOLUTION,6,"2019/05/16 06:05:00",0,"2019/05/16 06:35:00",F_T++NIL_BLSPS_R6_3,-10000.0001,0,0,"2019/05/16 06:00:26",,"2013/08/21 00:00:00",1,-191.37
D,P5MIN,CONSTRAINTSOLUTION,6,"2019/05/16 06:05:00",0,"2019/05/16 06:35:00",F_T++NIL_BLSPS_R6_4,-10000.0001,0,0,"2019/05/16 06:00:26",,"2013/08/21 00:00:00",1,-258.699
D,P5MIN,CONSTRAINTSOLUTION,6,"2019/05/16 06:05:00",0,"2019/05/16 06:35:00",F_T++NIL_MG_R5,-9937.29396,0,0,"2019/05/16 06:00:26",,"2016/04/12 00:00:00",1,-36.43
D,P5MIN,CONSTRAINTSOLUTION,6,"2019/05/16 06:05:00",0,"2019/05/16 06:35:00",F_T++NIL_MG_R6,-9988.02266,0,0,"2019/05/16 06:00:26",,"2016/04/12 00:00:00",1,-38.33
D,P5MIN,CONSTRAINTSOLUTION,6,"2019/05/16 06:05:00",0,"2019/05/16 06:35:00",F_T++NIL_MG_R60,-9896.76875,0,0,"2019/05/16 06:00:26",,"2016/04/12 00:00:00",1,-22.91
D,P5MIN,CONSTRAINTSOLUTION,6,"2019/05/16 06:05:00",0,"2019/05/16 06:35:00",F_T++NIL_MG_RECL_R5,-9949.73253,0,0,"2019/05/16 06:00:26",,"2016/12/02 00:00:00",1,-36.43
D,P5MIN,CONSTRAINTSOLUTION,6,"2019/05/16 06:05:00",0,"2019/05/16 06:35:00",F_T++NIL_MG_RECL_R6,-10004.99601,0,0,"2019/05/16 06:00:26",,"2016/12/02 00:00:00",1,-38.33
D,P5MIN,CONSTRAINTSOLUTION,6,"2019/05/16 06:05:00",0,"2019/05/16 06:35:00",F_T++NIL_MG_RECL_R60,-9906.59699,0,0,"2019/05/16 06:00:26",,"2016/12/02 00:00:00",1,-22.91
D,P5MIN,CONSTRAINTSOLUTION,6,"2019/05/16 06:05:00",0,"2019/05/16 06:35:00",F_T++NIL_ML_L5,99.95222,0,0,"2019/05/16 06:00:26",,"2016/04/12 00:00:00",1,174
D,P5MIN,CONSTRAINTSOLUTION,6,"2019/05/16 06:05:00",0,"2019/05/16 06:35:00",F_T++NIL_ML_L6,71.0785,0,0,"2019/05/16 06:00:26",,"2016/04/12 00:00:00",1,100
D,P5MIN,CONSTRAINTSOLUTION,6,"2019/05/16 06:05:00",0,"2019/05/16 06:35:00",F_T++NIL_ML_L60,108.09081,0,0,"2019/05/16 06:00:26",,"2016/04/12 00:00:00",1,112.27
D,P5MIN,CONSTRAINTSOLUTION,6,"2019/05/16 06:05:00",0,"2019/05/16 06:35:00",F_T++NIL_TL_L5_DS,-9833.22148,0,0,"2019/05/16 06:00:26",,"2016/10/25 00:00:00",1,174
D,P5MIN,CONSTRAINTSOLUTION,6,"2019/05/16 06:05:00",0,"2019/05/16 06:35:00",F_T++NIL_TL_L60_DS,-9829.87895,0,0,"2019/05/16 06:00:26",,"2016/10/25 00:00:00",1,112.27
D,P5MIN,CONSTRAINTSOLUTION,6,"2019/05/16 06:05:00",0,"2019/05/16 06:35:00",F_T++NIL_TL_L6_DS,-9838.74514,0,0,"2019/05/16 06:00:26",,"2016/10/25 00:00:00",1,100
D,P5MIN,CONSTRAINTSOLUTION,6,"2019/05/16 06:05:00",0,"2019/05/16 06:35:00",F_T++NIL_WF_TG_R5,-10030.34859,0,0,"2019/05/16 06:00:26",,"2016/04/12 00:00:00",1,-36.43
D,P5MIN,CONSTRAINTSOLUTION,6,"2019/05/16 06:05:00",0,"2019/05/16 06:35:00",F_T++NIL_WF_TG_R6,-10131.43437,0,0,"2019/05/16 06:00:26",,"2016/04/12 00:00:00",1,-38.33
D,P5MIN,CONSTRAINTSOLUTION,6,"2019/05/16 06:05:00",0,"2019/05/16 06:35:00",F_T++NIL_WF_TG_R60,-9965.51446,0,0,"2019/05/16 06:00:26",,"2016/04/12 00:00:00",1,-22.91
D,P5MIN,CONSTRAINTSOLUTION,6,"2019/05/16 06:05:00",0,"2019/05/16 06:35:00",F_T++RREG_0050,-428,0,0,"2019/05/16 06:00:26",,"2015/01/29 00:00:00",1,-50
D,P5MIN,CONSTRAINTSOLUTION,6,"2019/05/16 06:05:00",0,"2019/05/16 06:35:00",F_T+LREG_0050,-9950,0,0,"2019/05/16 06:00:26",,"2015/01/29 00:00:00",1,44
D,P5MIN,CONSTRAINTSOLUTION,6,"2019/05/16 06:05:00",0,"2019/05/16 06:35:00",F_T+NIL_BB_TG_R5,-49.9999,0,0,"2019/05/16 06:00:26",,"2016/04/12 00:00:00",1,63.57
D,P5MIN,CONSTRAINTSOLUTION,6,"2019/05/16 06:05:00",0,"2019/05/16 06:35:00",F_T+NIL_BB_TG_R6,0.0001,0,0,"2019/05/16 06:00:26",,"2016/04/12 00:00:00",1,61.67
D,P5MIN,CONSTRAINTSOLUTION,6,"2019/05/16 06:05:00",0,"2019/05/16 06:35:00",F_T+NIL_BB_TG_R60,0.0001,0,0,"2019/05/16 06:00:26",,"2016/04/12 00:00:00",1,77.09
D,P5MIN,CONSTRAINTSOLUTION,6,"2019/05/16 06:05:00",0,"2019/05/16 06:35:00",F_T+NIL_MG_R5,63.57223,2,0,"2019/05/16 06:00:26",,"2016/04/12 00:00:00",1,63.57
D,P5MIN,CONSTRAINTSOLUTION,6,"2019/05/16 06:05:00",0,"2019/05/16 06:35:00",F_T+NIL_MG_R6,61.66973,0.49,0,"2019/05/16 06:00:26",,"2016/04/12 00:00:00",1,61.67
D,P5MIN,CONSTRAINTSOLUTION,6,"2019/05/16 06:05:00",0,"2019/05/16 06:35:00",F_T+NIL_MG_R60,77.08714,4,0,"2019/05/16 06:00:26",,"2016/04/12 00:00:00",1,77.09
D,P5MIN,CONSTRAINTSOLUTION,6,"2019/05/16 06:05:00",0,"2019/05/16 06:35:00",F_T+NIL_MG_RECL_R5,51.85029,0,0,"2019/05/16 06:00:26",,"2016/12/02 00:00:00",1,63.57
D,P5MIN,CONSTRAINTSOLUTION,6,"2019/05/16 06:05:00",0,"2019/05/16 06:35:00",F_T+NIL_MG_RECL_R6,48.66846,0,0,"2019/05/16 06:00:26",,"2016/12/02 00:00:00",1,61.67
D,P5MIN,CONSTRAINTSOLUTION,6,"2019/05/16 06:05:00",0,"2019/05/16 06:35:00",F_T+NIL_MG_RECL_R60,60.83555,0,0,"2019/05/16 06:00:26",,"2016/12/02 00:00:00",1,77.09
D,P5MIN,CONSTRAINTSOLUTION,6,"2019/05/16 06:05:00",0,"2019/05/16 06:35:00",F_T+NIL_ML_L5,-9935.535,0,0,"2019/05/16 06:00:26",,"2016/04/12 00:00:00",1,74
D,P5MIN,CONSTRAINTSOLUTION,6,"2019/05/16 06:05:00",0,"2019/05/16 06:35:00",F_T+NIL_ML_L6,-9939.87486,0,0,"2019/05/16 06:00:26",,"2016/04/12 00:00:00",1,0
D,P5MIN,CONSTRAINTSOLUTION,6,"2019/05/16 06:05:00",0,"2019/05/16 06:35:00",F_T+NIL_ML_L60,-9924.84357,0,0,"2019/05/16 06:00:26",,"2016/04/12 00:00:00",1,12.27
D,P5MIN,CONSTRAINTSOLUTION,6,"2019/05/16 06:05:00",0,"2019/05/16 06:35:00",F_T+NIL_TL_L5_DS,-19883.99803,0,0,"2019/05/16 06:00:26",,"2016/10/25 00:00:00",1,74
D,P5MIN,CONSTRAINTSOLUTION,6,"2019/05/16 06:05:00",0,"2019/05/16 06:35:00",F_T+NIL_TL_L60_DS,-19859.5363,0,0,"2019/05/16 06:00:26",,"2016/10/25 00:00:00",1,12.27
D,P5MIN,CONSTRAINTSOLUTION,6,"2019/05/16 06:05:00",0,"2019/05/16 06:35:00",F_T+NIL_TL_L6_DS,-19887.62904,0,0,"2019/05/16 06:00:26",,"2016/10/25 00:00:00",1,0
D,P5MIN,CONSTRAINTSOLUTION,6,"2019/05/16 06:05:00",0,"2019/05/16 06:35:00",F_T+NIL_WF_TG_R5,-30.60733,0,0,"2019/05/16 06:00:26",,"2016/04/12 00:00:00",1,63.57
D,P5MIN,CONSTRAINTSOLUTION,6,"2019/05/16 06:05:00",0,"2019/05/16 06:35:00",F_T+NIL_WF_TG_R6,0.0001,0,0,"2019/05/16 06:00:26",,"2016/04/12 00:00:00",1,61.67
D,P5MIN,CONSTRAINTSOLUTION,6,"2019/05/16 06:05:00",0,"2019/05/16 06:35:00",F_T+NIL_WF_TG_R60,0.0001,0,0,"2019/05/16 06:00:26",,"2016/04/12 00:00:00",1,77.09
D,P5MIN,CONSTRAINTSOLUTION,6,"2019/05/16 06:05:00",0,"2019/05/16 06:35:00",F_T+RREG_0050,-9950,0,0,"2019/05/16 06:00:26",,"2015/01/29 00:00:00",1,50
D,P5MIN,CONSTRAINTSOLUTION,6,"2019/05/16 06:05:00",0,"2019/05/16 06:35:00",F_TASCAP_LREG_0190,140,0,0,"2019/05/16 06:00:26",,"2019/04/16 00:00:00",1,146
D,P5MIN,CONSTRAINTSOLUTION,6,"2019/05/16 06:05:00",0,"2019/05/16 06:35:00",F_TASCAP_RREG_0200,150,1.74031,0,"2019/05/16 06:00:26",,"2019/03/18 00:00:00",1,150
D,P5MIN,CONSTRAINTSOLUTION,6,"2019/05/16 06:05:00",0,"2019/05/16 06:35:00",F_T_NIL_MINP_R6,35,0.96,0,"2019/05/16 06:00:26",,"2018/04/30 00:00:00",1,35.00027
D,P5MIN,CONSTRAINTSOLUTION,6,"2019/05/16 06:05:00",0,"2019/05/16 06:35:00",N::Q_BWLD_KC,1278.09934,0,0,"2019/05/16 06:00:26",,"2018/01/19 00:00:00",1,382.50434
D,P5MIN,CONSTRAINTSOLUTION,6,"2019/05/16 06:05:00",0,"2019/05/16 06:35:00",N::Q_BWLD_LDMU,714.66096,0,0,"2019/05/16 06:00:26",,"2018/01/19 00:00:00",1,-657.15676
D,P5MIN,CONSTRAINTSOLUTION,6,"2019/05/16 06:05:00",0,"2019/05/16 06:35:00",N::Q_BWLD_LDTW,630.30743,0,0,"2019/05/16 06:00:26",,"2018/01/19 00:00:00",1,-660.17776
D,P5MIN,CONSTRAINTSOLUTION,6,"2019/05/16 06:05:00",0,"2019/05/16 06:35:00",N::Q_BWLD_TNT,1314.83946,0,0,"2019/05/16 06:00:26",,"2018/01/19 00:00:00",1,19.79474
D,P5MIN,CONSTRAINTSOLUTION,6,"2019/05/16 06:05:00",0,"2019/05/16 06:35:00",N::Q_NIL_KC,1358.09934,0,0,"2019/05/16 06:00:26",,"2017/12/06 00:00:00",1,382.50434
D,P5MIN,CONSTRAINTSOLUTION,6,"2019/05/16 06:05:00",0,"2019/05/16 06:35:00",N::Q_NIL_LDMU,794.66096,0,0,"2019/05/16 06:00:26",,"2017/12/06 00:00:00",1,-657.15676
D,P5MIN,CONSTRAINTSOLUTION,6,"2019/05/16 06:05:00",0,"2019/05/16 06:35:00",N::Q_NIL_LDTW,710.30743,0,0,"2019/05/16 06:00:26",,"2017/12/06 00:00:00",1,-660.17776
D,P5MIN,CONSTRAINTSOLUTION,6,"2019/05/16 06:05:00",0,"2019/05/16 06:35:00",N::Q_NIL_TNT,1394.83946,0,0,"2019/05/16 06:00:26",,"2017/12/06 00:00:00",1,19.79474
D,P5MIN,CONSTRAINTSOLUTION,6,"2019/05/16 06:05:00",0,"2019/05/16 06:35:00",N::V_NIL_BWSW,1510.59418,0,0,"2019/05/16 06:00:26",,"2018/06/26 00:00:00",1,-46.64095
D,P5MIN,CONSTRAINTSOLUTION,6,"2019/05/16 06:05:00",0,"2019/05/16 06:35:00",N::V_NIL_MSDD,1462.35786,0,0,"2019/05/16 06:00:26",,"2018/06/26 00:00:00",1,-0.66045
D,P5MIN,CONSTRAINTSOLUTION,6,"2019/05/16 06:05:00",0,"2019/05/16 06:35:00",N::V_NIL_UTMS,1640.23367,0,0,"2019/05/16 06:00:26",,"2018/06/26 00:00:00",1,-46.64095
D,P5MIN,CONSTRAINTSOLUTION,6,"2019/05/16 06:05:00",0,"2019/05/16 06:35:00",N:V_NIL_BWRG,1215.78959,0,0,"2019/05/16 06:00:26",,"2018/06/26 00:00:00",1,-46.64095
D,P5MIN,CONSTRAINTSOLUTION,6,"2019/05/16 06:05:00",0,"2019/05/16 06:35:00",N:V_NIL_BYYS,1627.71739,0,0,"2019/05/16 06:00:26",,"2018/06/26 00:00:00",1,-46.64095
D,P5MIN,CONSTRAINTSOLUTION,6,"2019/05/16 06:05:00",0,"2019/05/16 06:35:00",N>>N-BWLD_ONE_A,1217.27049,0,0,"2019/05/16 06:00:26",,"2019/03/04 00:00:00",1,-1331.86466
D,P5MIN,CONSTRAINTSOLUTION,6,"2019/05/16 06:05:00",0,"2019/05/16 06:35:00",N>>N-BWLD_ONE_B,2854.8613,0,0,"2019/05/16 06:00:26",,"2019/03/04 00:00:00",1,1331.86466
D,P5MIN,CONSTRAINTSOLUTION,6,"2019/05/16 06:05:00",0,"2019/05/16 06:35:00",N>>N-BWLD_ONE_C,1868.60755,0,0,"2019/05/16 06:00:26",,"2019/03/04 00:00:00",1,-869.07876
D,P5MIN,CONSTRAINTSOLUTION,6,"2019/05/16 06:05:00",0,"2019/05/16 06:35:00",N>>N-BWLD_ONE_D,2625.68789,0,0,"2019/05/16 06:00:26",,"2019/03/04 00:00:00",1,1393.29334
D,P5MIN,CONSTRAINTSOLUTION,6,"2019/05/16 06:05:00",0,"2019/05/16 06:35:00",N>>N-BWLD_ONE_E,2681.50766,0,0,"2019/05/16 06:00:26",,"2019/03/04 00:00:00",1,1383.45051
D,P5MIN,CONSTRAINTSOLUTION,6,"2019/05/16 06:05:00",0,"2019/05/16 06:35:00",N>>N-BYSW_A1_15M,3683.81723,0,0,"2019/05/16 06:00:26",,"2019/03/04 00:00:00",1,455.92456
D,P5MIN,CONSTRAINTSOLUTION,6,"2019/05/16 06:05:00",0,"2019/05/16 06:35:00",N>>N-BYSW_A2_15M,1267.72659,0,0,"2019/05/16 06:00:26",,"2019/03/04 00:00:00",1,-455.92456
D,P5MIN,CONSTRAINTSOLUTION,6,"2019/05/16 06:05:00",0,"2019/05/16 06:35:00",N>>N-BYSW_B,3689.14326,0,0,"2019/05/16 06:00:26",,"2019/03/04 00:00:00",1,1341.15526
D,P5MIN,CONSTRAINTSOLUTION,6,"2019/05/16 06:05:00",0,"2019/05/16 06:35:00",N>>N-BYSW_C,3895.5713,0,0,"2019/05/16 06:00:26",,"2019/03/04 00:00:00",1,2077.05442
D,P5MIN,CONSTRAINTSOLUTION,6,"2019/05/16 06:05:00",0,"2019/05/16 06:35:00",N>>N-BYSW_G1_15M,3885.26353,0,0,"2019/05/16 06:00:26",,"2019/03/04 00:00:00",1,456.24372
D,P5MIN,CONSTRAINTSOLUTION,6,"2019/05/16 06:05:00",0,"2019/05/16 06:35:00",N>>N-BYSW_G2_15M,1550.23689,0,0,"2019/05/16 06:00:26",,"2019/03/04 00:00:00",1,-456.24372
D,P5MIN,CONSTRAINTSOLUTION,6,"2019/05/16 06:05:00",0,"2019/05/16 06:35:00",N>>N-BYSW_H_15M,3885.02799,0,0,"2019/05/16 06:00:26",,"2019/03/04 00:00:00",1,456.24372
D,P5MIN,CONSTRAINTSOLUTION,6,"2019/05/16 06:05:00",0,"2019/05/16 06:35:00",N>>N-BYSW_J,3736.27952,0,0,"2019/05/16 06:00:26",,"2019/03/04 00:00:00",1,1348.25811
D,P5MIN,CONSTRAINTSOLUTION,6,"2019/05/16 06:05:00",0,"2019/05/16 06:35:00",N>>N-BYSW_K,3582.47732,0,0,"2019/05/16 06:00:26",,"2019/03/04 00:00:00",1,1100.79933
D,P5MIN,CONSTRAINTSOLUTION,6,"2019/05/16 06:05:00",0,"2019/05/16 06:35:00",N>>N-KC_TX_01,2973.26501,0,0,"2019/05/16 06:00:26",,"2019/03/04 00:00:00",1,2584.32411
D,P5MIN,CONSTRAINTSOLUTION,6,"2019/05/16 06:05:00",0,"2019/05/16 06:35:00",N>>N-KC_TX_02,3895.80456,0,0,"2019/05/16 06:00:26",,"2019/03/04 00:00:00",1,2882.89049
D,P5MIN,CONSTRAINTSOLUTION,6,"2019/05/16 06:05:00",0,"2019/05/16 06:35:00",N>>N-KC_TX_03,3885.82838,0,0,"2019/05/16 06:00:26",,"2019/03/04 00:00:00",1,2916.45563
D,P5MIN,CONSTRAINTSOLUTION,6,"2019/05/16 06:05:00",0,"2019/05/16 06:35:00",N>>N-KC_TX_05,3910.83802,0,0,"2019/05/16 06:00:26",,"2019/03/04 00:00:00",1,2772.49385
D,P5MIN,CONSTRAINTSOLUTION,6,"2019/05/16 06:05:00",0,"2019/05/16 06:35:00",N>>N-KC_TX_06,3828.7361,0,0,"2019/05/16 06:00:26",,"2019/03/04 00:00:00",1,3171.2187
D,P5MIN,CONSTRAINTSOLUTION,6,"2019/05/16 06:05:00",0,"2019/05/16 06:35:00",N>>N-NIL_01N,2201.57046,0,0,"2019/05/16 06:00:26",,"2019/03/01 00:00:00",1,227.14869
D,P5MIN,CONSTRAINTSOLUTION,6,"2019/05/16 06:05:00",0,"2019/05/16 06:35:00",N>>N-NIL_01S,567.2731,0,0,"2019/05/16 06:00:26",,"2019/03/01 00:00:00",1,-227.14869
D,P5MIN,CONSTRAINTSOLUTION,6,"2019/05/16 06:05:00",0,"2019/05/16 06:35:00",N>>N-NIL_03,566.56939,0,0,"2019/05/16 06:00:26",,"2019/03/01 00:00:00",1,-227.14869
D,P5MIN,CONSTRAINTSOLUTION,6,"2019/05/16 06:05:00",0,"2019/05/16 06:35:00",N>>N-NIL_17N,3949.27143,0,0,"2019/05/16 06:00:26",,"2019/03/01 00:00:00",1,452.40336
D,P5MIN,CONSTRAINTSOLUTION,6,"2019/05/16 06:05:00",0,"2019/05/16 06:35:00",N>>N-NIL_17S,1512.38917,0,0,"2019/05/16 06:00:26",,"2019/03/01 00:00:00",1,-452.40336
D,P5MIN,CONSTRAINTSOLUTION,6,"2019/05/16 06:05:00",0,"2019/05/16 06:35:00",N>>N-NIL_1A,1319.57221,0,0,"2019/05/16 06:00:26",,"2019/02/28 00:00:00",1,-1353.1443
D,P5MIN,CONSTRAINTSOLUTION,6,"2019/05/16 06:05:00",0,"2019/05/16 06:35:00",N>>N-NIL_1E_OPENED,5918.55113,0,0,"2019/05/16 06:00:26",,"2019/02/28 00:00:00",1,1514.28397
D,P5MIN,CONSTRAINTSOLUTION,6,"2019/05/16 06:05:00",0,"2019/05/16 06:35:00",N>>N-NIL_1G,4583.05634,0,0,"2019/05/16 06:00:26",,"2019/02/28 00:00:00",1,3481.03461
D,P5MIN,CONSTRAINTSOLUTION,6,"2019/05/16 06:05:00",0,"2019/05/16 06:35:00",N>>N-NIL_1N_OPENED,6531.27675,0,0,"2019/05/16 06:00:26",,"2019/02/28 00:00:00",1,1509.01793
D,P5MIN,CONSTRAINTSOLUTION,6,"2019/05/16 06:05:00",0,"2019/05/16 06:35:00",N>>N-NIL_1O,7050.11934,0,0,"2019/05/16 06:00:26",,"2019/02/28 00:00:00",1,2103.14396
D,P5MIN,CONSTRAINTSOLUTION,6,"2019/05/16 06:05:00",0,"2019/05/16 06:35:00",N>>N-NIL_1R,4432.13442,0,0,"2019/05/16 06:00:26",,"2019/02/28 00:00:00",1,3207.2199
D,P5MIN,CONSTRAINTSOLUTION,6,"2019/05/16 06:05:00",0,"2019/05/16 06:35:00",N>>N-NIL_1S,6877.31827,0,0,"2019/05/16 06:00:26",,"2019/02/28 00:00:00",1,1517.57866
D,P5MIN,CONSTRAINTSOLUTION,6,"2019/05/16 06:05:00",0,"2019/05/16 06:35:00",N>>N-NIL_1T,8083.91567,0,0,"2019/05/16 06:00:26",,"2019/02/28 00:00:00",1,1505.14673
D,P5MIN,CONSTRAINTSOLUTION,6,"2019/05/16 06:05:00",0,"2019/05/16 06:35:00",N>>N-NIL_1WN,3742.34749,0,0,"2019/05/16 06:00:26",,"2019/03/01 00:00:00",1,452.59981
D,P5MIN,CONSTRAINTSOLUTION,6,"2019/05/16 06:05:00",0,"2019/05/16 06:35:00",N>>N-NIL_1WS,1240.02585,0,0,"2019/05/16 06:00:26",,"2019/03/01 00:00:00",1,-452.59981
D,P5MIN,CONSTRAINTSOLUTION,6,"2019/05/16 06:05:00",0,"2019/05/16 06:35:00",N>>N-NIL_1XN,3689.94747,0,0,"2019/05/16 06:00:26",,"2019/03/01 00:00:00",1,452.60113
D,P5MIN,CONSTRAINTSOLUTION,6,"2019/05/16 06:05:00",0,"2019/05/16 06:35:00",N>>N-NIL_1XS,1187.12117,0,0,"2019/05/16 06:00:26",,"2019/03/01 00:00:00",1,-452.60113
D,P5MIN,CONSTRAINTSOLUTION,6,"2019/05/16 06:05:00",0,"2019/05/16 06:35:00",N>>N-NIL_1Y,3949.56734,0,0,"2019/05/16 06:00:26",,"2019/03/01 00:00:00",1,452.40148
D,P5MIN,CONSTRAINTSOLUTION,6,"2019/05/16 06:05:00",0,"2019/05/16 06:35:00",N>>N-NIL_1YS,1513.00748,0,0,"2019/05/16 06:00:26",,"2019/03/01 00:00:00",1,-452.40148
D,P5MIN,CONSTRAINTSOLUTION,6,"2019/05/16 06:05:00",0,"2019/05/16 06:35:00",N>>N-NIL_1Z,4054.56384,0,0,"2019/05/16 06:00:26",,"2019/03/01 00:00:00",1,452.40148
D,P5MIN,CONSTRAINTSOLUTION,6,"2019/05/16 06:05:00",0,"2019/05/16 06:35:00",N>>N-NIL_1ZS,1618.57302,0,0,"2019/05/16 06:00:26",,"2019/03/01 00:00:00",1,-452.40148
D,P5MIN,CONSTRAINTSOLUTION,6,"2019/05/16 06:05:00",0,"2019/05/16 06:35:00",N>>N-NIL_23N,4054.29663,0,0,"2019/05/16 06:00:26",,"2019/03/01 00:00:00",1,452.40148
D,P5MIN,CONSTRAINTSOLUTION,6,"2019/05/16 06:05:00",0,"2019/05/16 06:35:00",N>>N-NIL_23S,1656.82631,0,0,"2019/05/16 06:00:26",,"2019/01/11 00:00:00",1,-452.39661
D,P5MIN,CONSTRAINTSOLUTION,6,"2019/05/16 06:05:00",0,"2019/05/16 06:35:00",N>>N-NIL_28,4333.31193,0,0,"2019/05/16 06:00:26",,"2019/02/28 00:00:00",1,902.47905
D,P5MIN,CONSTRAINTSOLUTION,6,"2019/05/16 06:05:00",0,"2019/05/16 06:35:00",N>>N-NIL_29N,3743.58653,0,0,"2019/05/16 06:00:26",,"2019/03/01 00:00:00",1,421.92859
D,P5MIN,CONSTRAINTSOLUTION,6,"2019/05/16 06:05:00",0,"2019/05/16 06:35:00",N>>N-NIL_29S,1103.53537,0,0,"2019/05/16 06:00:26",,"2019/03/01 00:00:00",1,-467.84283
D,P5MIN,CONSTRAINTSOLUTION,6,"2019/05/16 06:05:00",0,"2019/05/16 06:35:00",N>>N-NIL_31N,3837.45108,0,0,"2019/05/16 06:00:26",,"2019/03/01 00:00:00",1,421.92859
D,P5MIN,CONSTRAINTSOLUTION,6,"2019/05/16 06:05:00",0,"2019/05/16 06:35:00",N>>N-NIL_31S,1192.91064,0,0,"2019/05/16 06:00:26",,"2019/03/01 00:00:00",1,-467.84283
D,P5MIN,CONSTRAINTSOLUTION,6,"2019/05/16 06:05:00",0,"2019/05/16 06:35:00",N>>N-NIL_36,2882.38592,0,0,"2019/05/16 06:00:26",,"2019/05/06 00:00:00",1,107.66365
D,P5MIN,CONSTRAINTSOLUTION,6,"2019/05/16 06:05:00",0,"2019/05/16 06:35:00",N>>N-NIL_45,1968.6995,0,0,"2019/05/16 06:00:26",,"2019/03/01 00:00:00",1,247.23617
D,P5MIN,CONSTRAINTSOLUTION,6,"2019/05/16 06:05:00",0,"2019/05/16 06:35:00",N>>N-NIL_46,968.73708,0,0,"2019/05/16 06:00:26",,"2019/03/01 00:00:00",1,-135.10324
D,P5MIN,CONSTRAINTSOLUTION,6,"2019/05/16 06:05:00",0,"2019/05/16 06:35:00",N>>N-NIL_47,1672.75279,0,0,"2019/05/16 06:00:26",,"2019/03/01 00:00:00",1,133.92452
D,P5MIN,CONSTRAINTSOLUTION,6,"2019/05/16 06:05:00",0,"2019/05/16 06:35:00",N>>N-NIL_48,1674.86706,0,0,"2019/05/16 06:00:26",,"2019/03/01 00:00:00",1,135.10324
D,P5MIN,CONSTRAINTSOLUTION,6,"2019/05/16 06:05:00",0,"2019/05/16 06:35:00",N>>N-NIL_49,973.08378,0,0,"2019/05/16 06:00:26",,"2019/03/01 00:00:00",1,-133.92452
D,P5MIN,CONSTRAINTSOLUTION,6,"2019/05/16 06:05:00",0,"2019/05/16 06:35:00",N>>N-NIL_56,2014.06699,0,0,"2019/05/16 06:00:26",,"2019/03/01 00:00:00",1,265.51016
D,P5MIN,CONSTRAINTSOLUTION,6,"2019/05/16 06:05:00",0,"2019/05/16 06:35:00",N>>N-NIL_57,964.04319,0,0,"2019/05/16 06:00:26",,"2019/03/01 00:00:00",1,-142.00466
D,P5MIN,CONSTRAINTSOLUTION,6,"2019/05/16 06:05:00",0,"2019/05/16 06:35:00",N>>N-NIL_58,6129.04091,0,0,"2019/05/16 06:00:26",,"2019/02/28 00:00:00",1,1076.2501
D,P5MIN,CONSTRAINTSOLUTION,6,"2019/05/16 06:05:00",0,"2019/05/16 06:35:00",N>>N-NIL_59,6131.99473,0,0,"2019/05/16 06:00:26",,"2019/02/28 00:00:00",1,1076.2501
D,P5MIN,CONSTRAINTSOLUTION,6,"2019/05/16 06:05:00",0,"2019/05/16 06:35:00",N>>N-NIL_60,1968.54966,0,0,"2019/05/16 06:00:26",,"2019/03/01 00:00:00",1,247.23472
D,P5MIN,CONSTRAINTSOLUTION,6,"2019/05/16 06:05:00",0,"2019/05/16 06:35:00",N>>N-NIL_61,2009.87079,0,0,"2019/05/16 06:00:26",,"2019/03/01 00:00:00",1,263.03921
D,P5MIN,CONSTRAINTSOLUTION,6,"2019/05/16 06:05:00",0,"2019/05/16 06:35:00",N>>N-NIL_62,1649.60298,0,0,"2019/05/16 06:00:26",,"2019/03/01 00:00:00",1,122.51175
D,P5MIN,CONSTRAINTSOLUTION,6,"2019/05/16 06:05:00",0,"2019/05/16 06:35:00",N>>N-NIL_63,1663.15221,0,0,"2019/05/16 06:00:26",,"2019/03/01 00:00:00",1,124.37547
D,P5MIN,CONSTRAINTSOLUTION,6,"2019/05/16 06:05:00",0,"2019/05/16 06:35:00",N>>N-NIL_64,5878.336,0,0,"2019/05/16 06:00:26",,"2019/02/28 00:00:00",1,2617.09076
D,P5MIN,CONSTRAINTSOLUTION,6,"2019/05/16 06:05:00",0,"2019/05/16 06:35:00",N>>N-NIL_65,5625.98396,0,0,"2019/05/16 06:00:26",,"2019/02/28 00:00:00",1,2465.84689
D,P5MIN,CONSTRAINTSOLUTION,6,"2019/05/16 06:05:00",0,"2019/05/16 06:35:00",N>>N-NIL_8E_8C,1322,0,0,"2019/05/16 06:00:26",,"2019/01/11 00:00:00",1,725.08736
D,P5MIN,CONSTRAINTSOLUTION,6,"2019/05/16 06:05:00",0,"2019/05/16 06:35:00",N>>N-NIL_996_IN,617.42668,0,0,"2019/05/16 06:00:26",,"2019/05/06 00:00:00",1,59.75076
D,P5MIN,CONSTRAINTSOLUTION,6,"2019/05/16 06:05:00",0,"2019/05/16 06:35:00",N>>N-NIL_DPTX,462.43093,0,0,"2019/05/16 06:00:26",,"2019/05/06 00:00:00",1,-74.03719
D,P5MIN,CONSTRAINTSOLUTION,6,"2019/05/16 06:05:00",0,"2019/05/16 06:35:00",N>>N-NIL_DPTX_2,850.47602,0,0,"2019/05/16 06:00:26",,"2019/05/06 00:00:00",1,74.03719
D,P5MIN,CONSTRAINTSOLUTION,6,"2019/05/16 06:05:00",0,"2019/05/16 06:35:00",N>>N-NIL_H01,3433.77491,0,0,"2019/05/16 06:00:26",,"2019/03/01 00:00:00",1,360.58682
D,P5MIN,CONSTRAINTSOLUTION,6,"2019/05/16 06:05:00",0,"2019/05/16 06:35:00",N>>N-NIL_H02,4065.05095,0,0,"2019/05/16 06:00:26",,"2019/01/11 00:00:00",1,372.25901
D,P5MIN,CONSTRAINTSOLUTION,6,"2019/05/16 06:05:00",0,"2019/05/16 06:35:00",N>>N-NIL_H03,3881.87664,0,0,"2019/05/16 06:00:26",,"2019/01/11 00:00:00",1,298.48999
D,P5MIN,CONSTRAINTSOLUTION,6,"2019/05/16 06:05:00",0,"2019/05/16 06:35:00",N>>N-NIL_H051,1240.05858,0,0,"2019/05/16 06:00:26",,"2019/05/06 00:00:00",1,41.1016
D,P5MIN,CONSTRAINTSOLUTION,6,"2019/05/16 06:05:00",0,"2019/05/16 06:35:00",N>>N-NIL_H060,1699.4145,0,0,"2019/05/16 06:00:26",,"2019/05/06 00:00:00",1,-90.02758
D,P5MIN,CONSTRAINTSOLUTION,6,"2019/05/16 06:05:00",0,"2019/05/16 06:35:00",N>>N-NIL_H07,3776.29253,0,0,"2019/05/16 06:00:26",,"2019/03/01 00:00:00",1,254.09372
D,P5MIN,CONSTRAINTSOLUTION,6,"2019/05/16 06:05:00",0,"2019/05/16 06:35:00",N>>N-NIL_HE,3317.96059,0,0,"2019/05/16 06:00:26",,"2019/01/11 00:00:00",1,-231.76965
D,P5MIN,CONSTRAINTSOLUTION,6,"2019/05/16 06:05:00",0,"2019/05/16 06:35:00",N>>N-NIL_HF,3146.43302,0,0,"2019/05/16 06:00:26",,"2019/05/06 00:00:00",1,424.48229
D,P5MIN,CONSTRAINTSOLUTION,6,"2019/05/16 06:05:00",0,"2019/05/16 06:35:00",N>>N-NIL_HI_15M,3572.61872,0,0,"2019/05/16 06:00:26",,"2019/05/06 00:00:00",1,360.04567
D,P5MIN,CONSTRAINTSOLUTION,6,"2019/05/16 06:05:00",0,"2019/05/16 06:35:00",N>>N-NIL_HK_15M,3728.45432,0,0,"2019/05/16 06:00:26",,"2019/03/01 00:00:00",1,372.68143
D,P5MIN,CONSTRAINTSOLUTION,6,"2019/05/16 06:05:00",0,"2019/05/16 06:35:00",N>>N-NIL_HL,3673.09933,0,0,"2019/05/16 06:00:26",,"2019/05/06 00:00:00",1,-350.31026
D,P5MIN,CONSTRAINTSOLUTION,6,"2019/05/16 06:05:00",0,"2019/05/16 06:35:00",N>>N-NIL_HM,3246.2717,0,0,"2019/05/16 06:00:26",,"2019/05/06 00:00:00",1,350.31026
D,P5MIN,CONSTRAINTSOLUTION,6,"2019/05/16 06:05:00",0,"2019/05/16 06:35:00",N>>N-NIL_HU_15M,3630.17932,0,0,"2019/05/16 06:00:26",,"2019/05/06 00:00:00",1,360.25838
D,P5MIN,CONSTRAINTSOLUTION,6,"2019/05/16 06:05:00",0,"2019/05/16 06:35:00",N>>N-NIL__2_OPENED,626.71387,0,0,"2019/05/16 06:00:26",,"2019/01/11 00:00:00",1,-813.55069
D,P5MIN,CONSTRAINTSOLUTION,6,"2019/05/16 06:05:00",0,"2019/05/16 06:35:00",N>>N-NIL__3_OPENED,624.14194,0,0,"2019/05/16 06:00:26",,"2019/01/11 00:00:00",1,-813.55069
D,P5MIN,CONSTRAINTSOLUTION,6,"2019/05/16 06:05:00",0,"2019/05/16 06:35:00",N>>N-NIL__A_15M,3401.19901,0,0,"2019/05/16 06:00:26",,"2019/05/06 00:00:00",1,331.96517
D,P5MIN,CONSTRAINTSOLUTION,6,"2019/05/16 06:05:00",0,"2019/05/16 06:35:00",N>>N-NIL__B_15M,3011.46135,0,0,"2019/05/16 06:00:26",,"2019/05/06 00:00:00",1,372.75613
D,P5MIN,CONSTRAINTSOLUTION,6,"2019/05/16 06:05:00",0,"2019/05/16 06:35:00",N>>N-NIL__C_15M,3291.94278,0,0,"2019/05/16 06:00:26",,"2019/01/11 00:00:00",1,287.83326
D,P5MIN,CONSTRAINTSOLUTION,6,"2019/05/16 06:05:00",0,"2019/05/16 06:35:00",N>>N-NIL__D_15M,3261.43837,0,0,"2019/05/16 06:00:26",,"2019/03/01 00:00:00",1,368.4398
D,P5MIN,CONSTRAINTSOLUTION,6,"2019/05/16 06:05:00",0,"2019/05/16 06:35:00",N>>N-NIL__E_15M,2856.44789,0,0,"2019/05/16 06:00:26",,"2019/03/01 00:00:00",1,363.61378
D,P5MIN,CONSTRAINTSOLUTION,6,"2019/05/16 06:05:00",0,"2019/05/16 06:35:00",N>>N-NIL__F_15M,3295.74987,0,0,"2019/05/16 06:00:26",,"2019/01/11 00:00:00",1,369.43183
D,P5MIN,CONSTRAINTSOLUTION,6,"2019/05/16 06:05:00",0,"2019/05/16 06:35:00",N>>N-NIL__G_15M,3626.16662,0,0,"2019/05/16 06:00:26",,"2019/01/11 00:00:00",1,380.7112
D,P5MIN,CONSTRAINTSOLUTION,6,"2019/05/16 06:05:00",0,"2019/05/16 06:35:00",N>>N-NIL__H_15M,3139.19466,0,0,"2019/05/16 06:00:26",,"2019/03/01 00:00:00",1,267.5741
D,P5MIN,CONSTRAINTSOLUTION,6,"2019/05/16 06:05:00",0,"2019/05/16 06:35:00",N>>N-NIL__K,5762.7352,0,0,"2019/05/16 06:00:26",,"2019/02/28 00:00:00",1,1917.4594
D,P5MIN,CONSTRAINTSOLUTION,6,"2019/05/16 06:05:00",0,"2019/05/16 06:35:00",N>>N-NIL__L,5790.81913,0,0,"2019/05/16 06:00:26",,"2019/02/28 00:00:00",1,1917.4603
D,P5MIN,CONSTRAINTSOLUTION,6,"2019/05/16 06:05:00",0,"2019/05/16 06:35:00",N>>N-NIL__M,4388.08817,0,0,"2019/05/16 06:00:26",,"2019/02/28 00:00:00",1,898.61427
D,P5MIN,CONSTRAINTSOLUTION,6,"2019/05/16 06:05:00",0,"2019/05/16 06:35:00",N>>N-NIL__N,6183.33036,0,0,"2019/05/16 06:00:26",,"2019/02/28 00:00:00",1,1036.19822
D,P5MIN,CONSTRAINTSOLUTION,6,"2019/05/16 06:05:00",0,"2019/05/16 06:35:00",N>>N-NIL__O,6186.02642,0,0,"2019/05/16 06:00:26",,"2019/02/28 00:00:00",1,1036.25511
D,P5MIN,CONSTRAINTSOLUTION,6,"2019/05/16 06:05:00",0,"2019/05/16 06:35:00",N>>N-NIL__P,5133.8838,0,0,"2019/05/16 06:00:26",,"2019/02/28 00:00:00",1,1349.17522
D,P5MIN,CONSTRAINTSOLUTION,6,"2019/05/16 06:05:00",0,"2019/05/16 06:35:00",N>>N-NIL__R,6046.47814,0,0,"2019/05/16 06:00:26",,"2019/02/28 00:00:00",1,1086.47315
D,P5MIN,CONSTRAINTSOLUTION,6,"2019/05/16 06:05:00",0,"2019/05/16 06:35:00",N>>N-NIL__S,3839.07195,0,0,"2019/05/16 06:00:26",,"2019/02/28 00:00:00",1,1838.5439
D,P5MIN,CONSTRAINTSOLUTION,6,"2019/05/16 06:05:00",0,"2019/05/16 06:35:00",N>>Q-BWLD_ONE,369.17229,0,0,"2019/05/16 06:00:26",,"2019/03/06 00:00:00",1,-1331.86466
D,P5MIN,CONSTRAINTSOLUTION,6,"2019/05/16 06:05:00",0,"2019/05/16 06:35:00",N>>V-NIL_0X1,524.85086,0,0,"2019/05/16 06:00:26",,"2019/05/06 00:00:00",1,99.53523
D,P5MIN,CONSTRAINTSOLUTION,6,"2019/05/16 06:05:00",0,"2019/05/16 06:35:00",N>>V-NIL_HC,977.79768,0,0,"2019/05/16 06:00:26",,"2019/05/06 00:00:00",1,-133.72714
D,P5MIN,CONSTRAINTSOLUTION,6,"2019/05/16 06:05:00",0,"2019/05/16 06:35:00",N>>V-NIL_HD,1043.40362,0,0,"2019/05/16 06:00:26",,"2019/05/06 00:00:00",1,-163.62194
D,P5MIN,CONSTRAINTSOLUTION,6,"2019/05/16 06:05:00",0,"2019/05/16 06:35:00",N>>V-NIL_HJ,994.83866,0,0,"2019/05/16 06:00:26",,"2019/05/06 00:00:00",1,-57.70273
D,P5MIN,CONSTRAINTSOLUTION,6,"2019/05/16 06:05:00",0,"2019/05/16 06:35:00",N>>V-NIL_HK,2733.2168,0,0,"2019/05/16 06:00:26",,"2019/05/06 00:00:00",1,-279.1705
D,P5MIN,CONSTRAINTSOLUTION,6,"2019/05/16 06:05:00",0,"2019/05/16 06:35:00",N>>V-NIL_N,1272.85742,0,0,"2019/05/16 06:00:26",,"2019/01/11 00:00:00",1,-168.52945
D,P5MIN,CONSTRAINTSOLUTION,6,"2019/05/16 06:05:00",0,"2019/05/16 06:35:00",N>>V-NIL_O,620.97017,0,0,"2019/05/16 06:00:26",,"2019/01/11 00:00:00",1,-34.09181
D,P5MIN,CONSTRAINTSOLUTION,6,"2019/05/16 06:05:00",0,"2019/05/16 06:35:00",N>N-ARKK_CH_CB892A,9983.5,0,0,"2019/05/16 06:00:26",,"2016/01/11 00:00:00",1,-57
D,P5MIN,CONSTRAINTSOLUTION,6,"2019/05/16 06:05:00",0,"2019/05/16 06:35:00",N>N-ARKK_C_BYPASS,10604.39343,0,0,"2019/05/16 06:00:26",,"2018/09/14 00:00:00",1,138.8515
D,P5MIN,CONSTRAINTSOLUTION,6,"2019/05/16 06:05:00",0,"2019/05/16 06:35:00",N>N-ARKK_C_PSTMAN,10704.48784,0,0,"2019/05/16 06:00:26",,"2019/03/08 00:00:00",1,138.0485
D,P5MIN,CONSTRAINTSOLUTION,6,"2019/05/16 06:05:00",0,"2019/05/16 06:35:00",N>N-KC_TX_07,1766.96851,0,0,"2019/05/16 06:00:26",,"2019/03/08 00:00:00",1,1400
D,P5MIN,CONSTRAINTSOLUTION,6,"2019/05/16 06:05:00",0,"2019/05/16 06:35:00",N>N-NIL_8J_8C,1322,0,0,"2019/05/16 06:00:26",,"2019/01/11 00:00:00",1,491.56236
D,P5MIN,CONSTRAINTSOLUTION,6,"2019/05/16 06:05:00",0,"2019/05/16 06:35:00",N>N-NIL_DC,1498.16469,0,0,"2019/05/16 06:00:26",,"2019/01/21 00:00:00",1,809.81492
D,P5MIN,CONSTRAINTSOLUTION,6,"2019/05/16 06:05:00",0,"2019/05/16 06:35:00",N>N-NIL_F7_15M,807.08699,0,0,"2019/05/16 06:00:26",,"2019/01/11 00:00:00",1,-809.81492
D,P5MIN,CONSTRAINTSOLUTION,6,"2019/05/16 06:05:00",0,"2019/05/16 06:35:00",N>N-NIL_LSDU,85.75988,0,0,"2019/05/16 06:00:26",,"2019/01/11 00:00:00",1,-57
D,P5MIN,CONSTRAINTSOLUTION,6,"2019/05/16 06:05:00",0,"2019/05/16 06:35:00",N>N-NIL_MBDU,228.04697,0,0,"2019/05/16 06:00:26",,"2019/01/11 00:00:00",1,57
D,P5MIN,CONSTRAINTSOLUTION,6,"2019/05/16 06:05:00",0,"2019/05/16 06:35:00",N>N-NIL_TE_D2,259.05333,0,0,"2019/05/16 06:00:26",,"2019/01/11 00:00:00",1,-57
D,P5MIN,CONSTRAINTSOLUTION,6,"2019/05/16 06:05:00",0,"2019/05/16 06:35:00",N>N-NIL_TE_E1,9982.33333,0,0,"2019/05/16 06:00:26",,"2019/01/11 00:00:00",1,-57
D,P5MIN,CONSTRAINTSOLUTION,6,"2019/05/16 06:05:00",0,"2019/05/16 06:35:00",N>N-NIL_TE_E2,9982.33333,0,0,"2019/05/16 06:00:26",,"2019/01/11 00:00:00",1,-57
D,P5MIN,CONSTRAINTSOLUTION,6,"2019/05/16 06:05:00",0,"2019/05/16 06:35:00",N>N-NIL_TE_LOAD,9999,0,0,"2019/05/16 06:00:26",,"2013/08/21 00:00:00",1,57
D,P5MIN,CONSTRAINTSOLUTION,6,"2019/05/16 06:05:00",0,"2019/05/16 06:35:00",N>N-NIL__4_15M,633.31547,0,0,"2019/05/16 06:00:26",,"2019/01/11 00:00:00",1,-813.10954
D,P5MIN,CONSTRAINTSOLUTION,6,"2019/05/16 06:05:00",0,"2019/05/16 06:35:00",N>N-NIL__7,1551.7624,0,0,"2019/05/16 06:00:26",,"2019/01/11 00:00:00",1,-809.81492
D,P5MIN,CONSTRAINTSOLUTION,6,"2019/05/16 06:05:00",0,"2019/05/16 06:35:00",NQTE_ROC,23,0,0,"2019/05/16 06:00:26",,"2010/11/08 00:00:00",2,-57
D,P5MIN,CONSTRAINTSOLUTION,6,"2019/05/16 06:05:00",0,"2019/05/16 06:35:00",NRM_NSW1_QLD1,10000,0,0,"2019/05/16 06:00:26",,"2012/06/12 00:00:00",1,-548.56236
D,P5MIN,CONSTRAINTSOLUTION,6,"2019/05/16 06:05:00",0,"2019/05/16 06:35:00",NRM_NSW1_VIC1,10095.45757,0,0,"2019/05/16 06:00:26",,"2012/06/12 00:00:00",1,14.50555
D,P5MIN,CONSTRAINTSOLUTION,6,"2019/05/16 06:05:00",0,"2019/05/16 06:35:00",NRM_QLD1_NSW1,10466.81937,0,0,"2019/05/16 06:00:26",,"2012/06/12 00:00:00",1,548.56236
D,P5MIN,CONSTRAINTSOLUTION,6,"2019/05/16 06:05:00",0,"2019/05/16 06:35:00",NRM_SA1_VIC1,10184.84699,0,0,"2019/05/16 06:00:26",,"2012/06/12 00:00:00",1,170.78007
D,P5MIN,CONSTRAINTSOLUTION,6,"2019/05/16 06:05:00",0,"2019/05/16 06:35:00",NRM_VIC1_NSW1,10000,0,0,"2019/05/16 06:00:26",,"2012/06/12 00:00:00",1,-14.50555
D,P5MIN,CONSTRAINTSOLUTION,6,"2019/05/16 06:05:00",0,"2019/05/16 06:35:00",NRM_VIC1_SA1,10000,0,0,"2019/05/16 06:00:26",,"2012/06/12 00:00:00",1,-170.78007
D,P5MIN,CONSTRAINTSOLUTION,6,"2019/05/16 06:05:00",0,"2019/05/16 06:35:00",N^^N_NIL_1,2777.47707,0,0,"2019/05/16 06:00:26",,"2018/05/02 00:00:00",1,387.52525
D,P5MIN,CONSTRAINTSOLUTION,6,"2019/05/16 06:05:00",0,"2019/05/16 06:35:00",N^^Q_NIL_A,443.63215,0,0,"2019/05/16 06:00:26",,"2017/12/06 00:00:00",1,-665.32486
D,P5MIN,CONSTRAINTSOLUTION,6,"2019/05/16 06:05:00",0,"2019/05/16 06:35:00",N^^Q_NIL_B,622.24474,0,0,"2019/05/16 06:00:26",,"2017/12/06 00:00:00",1,-644.23486
D,P5MIN,CONSTRAINTSOLUTION,6,"2019/05/16 06:05:00",0,"2019/05/16 06:35:00",N^^Q_NIL_B1,937.24474,0,0,"2019/05/16 06:00:26",,"2017/12/06 00:00:00",1,30.76514
D,P5MIN,CONSTRAINTSOLUTION,6,"2019/05/16 06:05:00",0,"2019/05/16 06:35:00",N^^Q_NIL_B2,937.24474,0,0,"2019/05/16 06:00:26",,"2017/12/06 00:00:00",1,-257.23486
D,P5MIN,CONSTRAINTSOLUTION,6,"2019/05/16 06:05:00",0,"2019/05/16 06:35:00",N^^Q_NIL_B3,937.24474,0,0,"2019/05/16 06:00:26",,"2017/12/06 00:00:00",1,-252.73486
D,P5MIN,CONSTRAINTSOLUTION,6,"2019/05/16 06:05:00",0,"2019/05/16 06:35:00",N^^Q_NIL_B4,897.24474,0,0,"2019/05/16 06:00:26",,"2017/12/06 00:00:00",1,-266.23486
D,P5MIN,CONSTRAINTSOLUTION,6,"2019/05/16 06:05:00",0,"2019/05/16 06:35:00",N^^Q_NIL_B5,907.24474,0,0,"2019/05/16 06:00:26",,"2017/12/06 00:00:00",1,-278.83486
D,P5MIN,CONSTRAINTSOLUTION,6,"2019/05/16 06:05:00",0,"2019/05/16 06:35:00",N^^Q_NIL_B6,907.24474,0,0,"2019/05/16 06:00:26",,"2017/12/06 00:00:00",1,-278.83486
D,P5MIN,CONSTRAINTSOLUTION,6,"2019/05/16 06:05:00",0,"2019/05/16 06:35:00",N^^Q_WIV_N-2,937.24474,0,0,"2019/05/16 06:00:26",,"2018/01/19 00:00:00",1,-644.23486
D,P5MIN,CONSTRAINTSOLUTION,6,"2019/05/16 06:05:00",0,"2019/05/16 06:35:00",N^^V_NIL_1,120.34791,0,0,"2019/05/16 06:00:26",,"2019/05/15 00:00:00",1,-46.12324
D,P5MIN,CONSTRAINTSOLUTION,6,"2019/05/16 06:05:00",0,"2019/05/16 06:35:00",N_NIL_TE_A,163.5,0,0,"2019/05/16 06:00:26",,"2012/07/04 00:00:00",1,-57
D,P5MIN,CONSTRAINTSOLUTION,6,"2019/05/16 06:05:00",0,"2019/05/16 06:35:00",N_NIL_TE_B,196.5,0,0,"2019/05/16 06:00:26",,"2012/07/04 00:00:00",1,57
D,P5MIN,CONSTRAINTSOLUTION,6,"2019/05/16 06:05:00",0,"2019/05/16 06:35:00",N_V_HV1700_OSC_AUTO,11768.10001,0,0,"2019/05/16 06:00:26",,"2013/07/19 00:00:00",1,390.70444
D,P5MIN,CONSTRAINTSOLUTION,6,"2019/05/16 06:05:00",0,"2019/05/16 06:35:00",Q::N_BI_POT_WIV_N-2,1209.34247,0,0,"2019/05/16 06:00:26",,"2018/01/16 00:00:00",1,584.97236
D,P5MIN,CONSTRAINTSOLUTION,6,"2019/05/16 06:05:00",0,"2019/05/16 06:35:00",Q::N_NIL_AR_2L-G,1111.64688,0,0,"2019/05/16 06:00:26",,"2018/01/15 00:00:00",2,708.04004
D,P5MIN,CONSTRAINTSOLUTION,6,"2019/05/16 06:05:00",0,"2019/05/16 06:35:00",Q::N_NIL_BI_POT,1209.33249,0,0,"2019/05/16 06:00:26",,"2018/01/15 00:00:00",2,584.97236
D,P5MIN,CONSTRAINTSOLUTION,6,"2019/05/16 06:05:00",0,"2019/05/16 06:35:00",Q:NIL_CS,4335.86893,0,0,"2019/05/16 06:00:26",,"2018/12/27 00:00:00",1,3615.676
D,P5MIN,CONSTRAINTSOLUTION,6,"2019/05/16 06:05:00",0,"2019/05/16 06:35:00",Q:N_NIL_BWRG,1425.66023,0,0,"2019/05/16 06:00:26",,"2013/10/23 00:00:00",1,491.56236
D,P5MIN,CONSTRAINTSOLUTION,6,"2019/05/16 06:05:00",0,"2019/05/16 06:35:00",Q:N_NIL_LDNC,1420.84725,0,0,"2019/05/16 06:00:26",,"2013/10/23 00:00:00",1,491.56236
D,P5MIN,CONSTRAINTSOLUTION,6,"2019/05/16 06:05:00",0,"2019/05/16 06:35:00",Q:N_NIL_OSC,1200,0,0,"2019/05/16 06:00:26",,"2013/07/25 00:00:00",1,491.56236
D,P5MIN,CONSTRAINTSOLUTION,6,"2019/05/16 06:05:00",0,"2019/05/16 06:35:00",Q>>LCCP_BCCP_CLWU_2,3047.60963,0,0,"2019/05/16 06:00:26",,"2018/12/27 00:00:00",1,1828.03896
D,P5MIN,CONSTRAINTSOLUTION,6,"2019/05/16 06:05:00",0,"2019/05/16 06:35:00",Q>>LCCP_CLWU_BCCP_2,2633.2479,0,0,"2019/05/16 06:00:26",,"2018/12/27 00:00:00",1,1693.47367
D,P5MIN,CONSTRAINTSOLUTION,6,"2019/05/16 06:05:00",0,"2019/05/16 06:35:00",Q>>NIL_MRGB_MRTX1,11048.92908,0,0,"2019/05/16 06:00:26",,"2019/01/11 00:00:00",1,980.6886
D,P5MIN,CONSTRAINTSOLUTION,6,"2019/05/16 06:05:00",0,"2019/05/16 06:35:00",Q>>NIL_MRTX5_MRTX4,3072.52064,0,0,"2019/05/16 06:00:26",,"2019/01/11 00:00:00",1,1156.58778
D,P5MIN,CONSTRAINTSOLUTION,6,"2019/05/16 06:05:00",0,"2019/05/16 06:35:00",Q>>WOPW_WOSP_WOGP_1,2991.11178,0,0,"2019/05/16 06:00:26",,"2019/04/10 00:00:00",1,2557.70694
D,P5MIN,CONSTRAINTSOLUTION,6,"2019/05/16 06:05:00",0,"2019/05/16 06:35:00",Q>>WOPW_WOSP_WOGP_2,2842.3806,0,0,"2019/05/16 06:00:26",,"2019/04/10 00:00:00",1,2557.7531
D,P5MIN,CONSTRAINTSOLUTION,6,"2019/05/16 06:05:00",0,"2019/05/16 06:35:00",Q>N-NIL_8L_8M,1379,0,0,"2019/05/16 06:00:26",,"2013/08/21 00:00:00",1,491.56236
D,P5MIN,CONSTRAINTSOLUTION,6,"2019/05/16 06:05:00",0,"2019/05/16 06:35:00",Q>NIL_BI_CAGS_CALV_O,534.23867,0,0,"2019/05/16 06:00:26",,"2019/01/11 00:00:00",1,230
D,P5MIN,CONSTRAINTSOLUTION,6,"2019/05/16 06:05:00",0,"2019/05/16 06:35:00",Q>NIL_MRTA_A,9990,0,0,"2019/05/16 06:00:26",,"2019/01/11 00:00:00",1,0.037
D,P5MIN,CONSTRAINTSOLUTION,6,"2019/05/16 06:05:00",0,"2019/05/16 06:35:00",Q>NIL_MRTA_B,9990,0,0,"2019/05/16 06:00:26",,"2019/01/11 00:00:00",1,0.037
D,P5MIN,CONSTRAINTSOLUTION,6,"2019/05/16 06:05:00",0,"2019/05/16 06:35:00",Q>NIL_MRTA_C,371.25,0,0,"2019/05/16 06:00:26",,"2019/01/11 00:00:00",1,0.037
D,P5MIN,CONSTRAINTSOLUTION,6,"2019/05/16 06:05:00",0,"2019/05/16 06:35:00",Q>NIL_MUTE_757,201.6,0,0,"2019/05/16 06:00:26",,"2014/09/02 00:00:00",1,57
D,P5MIN,CONSTRAINTSOLUTION,6,"2019/05/16 06:05:00",0,"2019/05/16 06:35:00",Q>NIL_MUTE_758,201.6,0,0,"2019/05/16 06:00:26",,"2014/09/02 00:00:00",1,57
D,P5MIN,CONSTRAINTSOLUTION,6,"2019/05/16 06:05:00",0,"2019/05/16 06:35:00",Q>NIL_TV66,410.96679,0,0,"2019/05/16 06:00:26",,"2018/08/20 00:00:00",1,0
D,P5MIN,CONSTRAINTSOLUTION,6,"2019/05/16 06:05:00",0,"2019/05/16 06:35:00",QNI_SOUTH_1150_DYN,1150,0,0,"2019/05/16 06:00:26",,"2019/01/30 00:00:00",1,491.56236
D,P5MIN,CONSTRAINTSOLUTION,6,"2019/05/16 06:05:00",0,"2019/05/16 06:35:00",QNTE_ROC,137,0,0,"2019/05/16 06:00:26",,"2010/11/08 00:00:00",3,57
D,P5MIN,CONSTRAINTSOLUTION,6,"2019/05/16 06:05:00",0,"2019/05/16 06:35:00",QN_1078_OSC_AUTO,11078,0,0,"2019/05/16 06:00:26",,"2013/07/25 00:00:00",1,491.56236
D,P5MIN,CONSTRAINTSOLUTION,6,"2019/05/16 06:05:00",0,"2019/05/16 06:35:00",Q^NIL_CN_FDR,-570.70237,0,0,"2019/05/16 06:00:26",,"2018/08/28 00:00:00",1,190.224
D,P5MIN,CONSTRAINTSOLUTION,6,"2019/05/16 06:05:00",0,"2019/05/16 06:35:00",Q^NIL_CN_GT,-717.18577,0,0,"2019/05/16 06:00:26",,"2018/08/28 00:00:00",1,144
D,P5MIN,CONSTRAINTSOLUTION,6,"2019/05/16 06:05:00",0,"2019/05/16 06:35:00",Q^NIL_FNQ,-329.30542,0,0,"2019/05/16 06:00:26",,"2018/08/28 00:00:00",1,144
D,P5MIN,CONSTRAINTSOLUTION,6,"2019/05/16 06:05:00",0,"2019/05/16 06:35:00",Q^NIL_GC,-5981.70342,0,0,"2019/05/16 06:00:26",,"2013/08/21 00:00:00",1,-57
D,P5MIN,CONSTRAINTSOLUTION,6,"2019/05/16 06:05:00",0,"2019/05/16 06:35:00",Q^^CS_-080,3369.71326,0,0,"2019/05/16 06:00:26",,"2018/08/30 00:00:00",1,2245.34771
D,P5MIN,CONSTRAINTSOLUTION,6,"2019/05/16 06:05:00",0,"2019/05/16 06:35:00",Q^^NIL_CS,3449.71325,0,0,"2019/05/16 06:00:26",,"2018/08/30 00:00:00",1,2245.34771
D,P5MIN,CONSTRAINTSOLUTION,6,"2019/05/16 06:05:00",0,"2019/05/16 06:35:00",Q^^NIL_QNI_SRAR,973.86409,0,0,"2019/05/16 06:00:26",,"2019/04/11 00:00:00",1,734.42836
D,P5MIN,CONSTRAINTSOLUTION,6,"2019/05/16 06:05:00",0,"2019/05/16 06:35:00",Q^^NIL_TR_CLHA,5722.33957,0,0,"2019/05/16 06:00:26",,"2018/12/19 00:00:00",1,3600.51541
D,P5MIN,CONSTRAINTSOLUTION,6,"2019/05/16 06:05:00",0,"2019/05/16 06:35:00",Q^^NIL_TR_TRBK,5956.5169,0,0,"2019/05/16 06:00:26",,"2018/12/19 00:00:00",1,3908.0997
D,P5MIN,CONSTRAINTSOLUTION,6,"2019/05/16 06:05:00",0,"2019/05/16 06:35:00",Q^^TR_CLHA_-250,5232.85063,0,0,"2019/05/16 06:00:26",,"2018/12/19 00:00:00",1,3600.51541
D,P5MIN,CONSTRAINTSOLUTION,6,"2019/05/16 06:05:00",0,"2019/05/16 06:35:00",Q^^TR_TRBK_-150,5660.24057,0,0,"2019/05/16 06:00:26",,"2018/12/19 00:00:00",1,3908.0997
D,P5MIN,CONSTRAINTSOLUTION,6,"2019/05/16 06:05:00",0,"2019/05/16 06:35:00",Q_CS_2000,4657.23324,0,0,"2019/05/16 06:00:26",,"2019/01/15 00:00:00",1,3615.676
D,P5MIN,CONSTRAINTSOLUTION,6,"2019/05/16 06:05:00",0,"2019/05/16 06:35:00",S::V_NIL_TBSE_1,660.07794,0,0,"2019/05/16 06:00:26",,"2019/03/21 00:00:00",1,157.77808
D,P5MIN,CONSTRAINTSOLUTION,6,"2019/05/16 06:05:00",0,"2019/05/16 06:35:00",S::V_NIL_TBSE_2-DS,10000,0,0,"2019/05/16 06:00:26",,"2019/03/21 00:00:00",1,157.56206
D,P5MIN,CONSTRAINTSOLUTION,6,"2019/05/16 06:05:00",0,"2019/05/16 06:35:00",S:VS_580_OSC_AUTO_1,10000,0,0,"2019/05/16 06:00:26",,"2016/06/30 00:00:00",1,170.78007
D,P5MIN,CONSTRAINTSOLUTION,6,"2019/05/16 06:05:00",0,"2019/05/16 06:35:00",S:VS_650_HY_TEST,650,0,0,"2019/05/16 06:00:26",,"2018/08/07 00:00:00",1,170.78007
D,P5MIN,CONSTRAINTSOLUTION,6,"2019/05/16 06:05:00",0,"2019/05/16 06:35:00",S:VS_650_HY_TEST_DYN,650,0,0,"2019/05/16 06:00:26",,"2015/11/25 00:00:00",1,170.78007
D,P5MIN,CONSTRAINTSOLUTION,6,"2019/05/16 06:05:00",0,"2019/05/16 06:35:00",S:VS_700_1,10000,0,0,"2019/05/16 06:00:26",,"2016/08/16 00:00:00",1,170.78007
D,P5MIN,CONSTRAINTSOLUTION,6,"2019/05/16 06:05:00",0,"2019/05/16 06:35:00",S:VS_700_OSC_AUTO,10700,0,0,"2019/05/16 06:00:26",,"2016/06/30 00:00:00",1,170.78007
D,P5MIN,CONSTRAINTSOLUTION,6,"2019/05/16 06:05:00",0,"2019/05/16 06:35:00",S:VS_800,800,0,0,"2019/05/16 06:00:26",,"2018/08/07 00:00:00",1,170.78007
D,P5MIN,CONSTRAINTSOLUTION,6,"2019/05/16 06:05:00",0,"2019/05/16 06:35:00",S:V_460_OSC_AUTO_1,10000,0,0,"2019/05/16 06:00:26",,"2016/06/30 00:00:00",1,160
D,P5MIN,CONSTRAINTSOLUTION,6,"2019/05/16 06:05:00",0,"2019/05/16 06:35:00",S:V_500_HY_TEST,500,0,0,"2019/05/16 06:00:26",,"2018/08/07 00:00:00",1,160
D,P5MIN,CONSTRAINTSOLUTION,6,"2019/05/16 06:05:00",0,"2019/05/16 06:35:00",S:V_500_HY_TEST_DYN,500,0,0,"2019/05/16 06:00:26",,"2015/11/25 00:00:00",1,160
D,P5MIN,CONSTRAINTSOLUTION,6,"2019/05/16 06:05:00",0,"2019/05/16 06:35:00",S:V_550_1,10000,0,0,"2019/05/16 06:00:26",,"2016/08/16 00:00:00",1,160
D,P5MIN,CONSTRAINTSOLUTION,6,"2019/05/16 06:05:00",0,"2019/05/16 06:35:00",S:V_550_OSC_AUTO,10550,0,0,"2019/05/16 06:00:26",,"2016/06/30 00:00:00",1,160
D,P5MIN,CONSTRAINTSOLUTION,6,"2019/05/16 06:05:00",0,"2019/05/16 06:35:00",S:V_650,650,0,0,"2019/05/16 06:00:26",,"2018/08/07 00:00:00",1,160
D,P5MIN,CONSTRAINTSOLUTION,6,"2019/05/16 06:05:00",0,"2019/05/16 06:35:00",S>>HUBG_AWHU_WEWT,325.39033,0,0,"2019/05/16 06:00:26",,"2019/05/15 00:00:00",1,56.08436
D,P5MIN,CONSTRAINTSOLUTION,6,"2019/05/16 06:05:00",0,"2019/05/16 06:35:00",S>>HUBG_BGDV_WEMWP4,255.81351,0,0,"2019/05/16 06:00:26",,"2019/05/15 00:00:00",1,-38.7203
D,P5MIN,CONSTRAINTSOLUTION,6,"2019/05/16 06:05:00",0,"2019/05/16 06:35:00",S>>HUBG_BGDV_WTWE,320.40788,0,0,"2019/05/16 06:00:26",,"2019/05/15 00:00:00",1,-69.3011
D,P5MIN,CONSTRAINTSOLUTION,6,"2019/05/16 06:05:00",0,"2019/05/16 06:35:00",S>>HUBG_BLDV_WEWT,329.10779,0,0,"2019/05/16 06:00:26",,"2019/05/15 00:00:00",1,67.54858
D,P5MIN,CONSTRAINTSOLUTION,6,"2019/05/16 06:05:00",0,"2019/05/16 06:35:00",S>>HUBG_BLDV_WTTP,472.75984,0,0,"2019/05/16 06:00:26",,"2019/05/15 00:00:00",1,84.39498
D,P5MIN,CONSTRAINTSOLUTION,6,"2019/05/16 06:05:00",0,"2019/05/16 06:35:00",S>>HUBG_BWMP_WEWT,329.07904,0,0,"2019/05/16 06:00:26",,"2019/03/13 00:00:00",1,52.4616
D,P5MIN,CONSTRAINTSOLUTION,6,"2019/05/16 06:05:00",0,"2019/05/16 06:35:00",S>>HUBG_LKDV_WEWT,323.75419,0,0,"2019/05/16 06:00:26",,"2019/05/15 00:00:00",1,79.15925
D,P5MIN,CONSTRAINTSOLUTION,6,"2019/05/16 06:05:00",0,"2019/05/16 06:35:00",S>>HUBG_LKDV_WTTP,516.04235,0,0,"2019/05/16 06:00:26",,"2019/05/15 00:00:00",1,87.28303
D,P5MIN,CONSTRAINTSOLUTION,6,"2019/05/16 06:05:00",0,"2019/05/16 06:35:00",S>>HUBG_MNCLN_WEMWP4,203.69551,0,0,"2019/05/16 06:00:26",,"2019/05/15 00:00:00",1,-29.90513
D,P5MIN,CONSTRAINTSOLUTION,6,"2019/05/16 06:05:00",0,"2019/05/16 06:35:00",S>>HUBG_MNCLN_WTWE,271.47456,0,0,"2019/05/16 06:00:26",,"2019/05/15 00:00:00",1,-47.21716
D,P5MIN,CONSTRAINTSOLUTION,6,"2019/05/16 06:05:00",0,"2019/05/16 06:35:00",S>>HUBG_RBTU_WEWT,314.1597,0,0,"2019/05/16 06:00:26",,"2019/05/15 00:00:00",1,88.53222
D,P5MIN,CONSTRAINTSOLUTION,6,"2019/05/16 06:05:00",0,"2019/05/16 06:35:00",S>>HUBG_RBTU_WTTP,480.88252,0,0,"2019/05/16 06:00:26",,"2019/05/15 00:00:00",1,116.76428
D,P5MIN,CONSTRAINTSOLUTION,6,"2019/05/16 06:05:00",0,"2019/05/16 06:35:00",S>>HUBG_RBTX1_WEWT,307.65784,0,0,"2019/05/16 06:00:26",,"2019/05/15 00:00:00",1,45.6674
D,P5MIN,CONSTRAINTSOLUTION,6,"2019/05/16 06:05:00",0,"2019/05/16 06:35:00",S>>HUBG_WTTP_WEMWP4,221.88211,0,0,"2019/05/16 06:00:26",,"2019/05/15 00:00:00",1,7.85678
D,P5MIN,CONSTRAINTSOLUTION,6,"2019/05/16 06:05:00",0,"2019/05/16 06:35:00",S>>HUBG_WTTP_WTWE,286.06018,0,0,"2019/05/16 06:00:26",,"2019/05/15 00:00:00",1,-5.33541
D,P5MIN,CONSTRAINTSOLUTION,6,"2019/05/16 06:05:00",0,"2019/05/16 06:35:00",S>>NIL_BGBW_BRTW,1272.84252,0,0,"2019/05/16 06:00:26",,"2019/05/15 00:00:00",1,230.70559
D,P5MIN,CONSTRAINTSOLUTION,6,"2019/05/16 06:05:00",0,"2019/05/16 06:35:00",S>>NIL_BRTW_WEP4,366.47211,0,0,"2019/05/16 06:00:26",,"2019/05/15 00:00:00",1,-3.6875
D,P5MIN,CONSTRAINTSOLUTION,6,"2019/05/16 06:05:00",0,"2019/05/16 06:35:00",S>>NIL_BRTW_WTTP,574.51665,0,0,"2019/05/16 06:00:26",,"2019/05/15 00:00:00",1,134.4146
D,P5MIN,CONSTRAINTSOLUTION,6,"2019/05/16 06:05:00",0,"2019/05/16 06:35:00",S>>NIL_BRTX_WEP4,325.90535,0,0,"2019/05/16 06:00:26",,"2019/05/15 00:00:00",1,-17.51223
D,P5MIN,CONSTRAINTSOLUTION,6,"2019/05/16 06:05:00",0,"2019/05/16 06:35:00",S>>NIL_BRTX_WTTP,530.68852,0,0,"2019/05/16 06:00:26",,"2019/05/15 00:00:00",1,95.69793
D,P5MIN,CONSTRAINTSOLUTION,6,"2019/05/16 06:05:00",0,"2019/05/16 06:35:00",S>>NIL_BWMP_BRTW,1272.11852,0,0,"2019/05/16 06:00:26",,"2019/05/15 00:00:00",1,277.25531
D,P5MIN,CONSTRAINTSOLUTION,6,"2019/05/16 06:05:00",0,"2019/05/16 06:35:00",S>>NIL_BWMP_TPRS,466.49464,0,0,"2019/05/16 06:00:26",,"2019/05/15 00:00:00",1,96.95355
D,P5MIN,CONSTRAINTSOLUTION,6,"2019/05/16 06:05:00",0,"2019/05/16 06:35:00",S>>NIL_BWMP_TWPA,1146.07514,0,0,"2019/05/16 06:00:26",,"2019/05/15 00:00:00",1,261.57281
D,P5MIN,CONSTRAINTSOLUTION,6,"2019/05/16 06:05:00",0,"2019/05/16 06:35:00",S>>NIL_BWMP_WEP4,285.00132,0,0,"2019/05/16 06:00:26",,"2019/05/15 00:00:00",1,-11.65628
D,P5MIN,CONSTRAINTSOLUTION,6,"2019/05/16 06:05:00",0,"2019/05/16 06:35:00",S>>NIL_BWMP_WTTP,585.46285,0,0,"2019/05/16 06:00:26",,"2019/05/15 00:00:00",1,133.76027
D,P5MIN,CONSTRAINTSOLUTION,6,"2019/05/16 06:05:00",0,"2019/05/16 06:35:00",S>>NIL_CGTB_TUTB_1,677.36385,0,0,"2019/05/16 06:00:26",,"2019/05/15 00:00:00",1,156.94177
D,P5MIN,CONSTRAINTSOLUTION,6,"2019/05/16 06:05:00",0,"2019/05/16 06:35:00",S>>NIL_CNRB_WEMWP4,386.00656,0,0,"2019/05/16 06:00:26",,"2019/05/15 00:00:00",1,26.9994
D,P5MIN,CONSTRAINTSOLUTION,6,"2019/05/16 06:05:00",0,"2019/05/16 06:35:00",S>>NIL_HUBG-T_WEWT,10000,0,0,"2019/05/16 06:00:26",,"2019/05/15 00:00:00",1,56.08436
D,P5MIN,CONSTRAINTSOLUTION,6,"2019/05/16 06:05:00",0,"2019/05/16 06:35:00",S>>NIL_HUBG-T_WEWT2,323.55211,0,0,"2019/05/16 06:00:26",,"2019/05/15 00:00:00",1,56.08436
D,P5MIN,CONSTRAINTSOLUTION,6,"2019/05/16 06:05:00",0,"2019/05/16 06:35:00",S>>NIL_LKDV_WEWT,295.44023,0,0,"2019/05/16 06:00:26",,"2019/05/15 00:00:00",1,71.28137
D,P5MIN,CONSTRAINTSOLUTION,6,"2019/05/16 06:05:00",0,"2019/05/16 06:35:00",S>>NIL_MKRB_WEMWP4,366.94221,0,0,"2019/05/16 06:00:26",,"2019/05/15 00:00:00",1,-8.37158
D,P5MIN,CONSTRAINTSOLUTION,6,"2019/05/16 06:05:00",0,"2019/05/16 06:35:00",S>>NIL_RBPA_RBTU,1193.21355,0,0,"2019/05/16 06:00:26",,"2019/05/15 00:00:00",1,322.47944
D,P5MIN,CONSTRAINTSOLUTION,6,"2019/05/16 06:05:00",0,"2019/05/16 06:35:00",S>>NIL_RBPA_WEWT,316.26761,0,0,"2019/05/16 06:00:26",,"2019/05/15 00:00:00",1,76.18974
D,P5MIN,CONSTRAINTSOLUTION,6,"2019/05/16 06:05:00",0,"2019/05/16 06:35:00",S>>NIL_RBTU_BRTW,1413.82435,0,0,"2019/05/16 06:00:26",,"2019/05/15 00:00:00",1,271.09812
D,P5MIN,CONSTRAINTSOLUTION,6,"2019/05/16 06:05:00",0,"2019/05/16 06:35:00",S>>NIL_RBTU_RBPA,1282.36505,0,0,"2019/05/16 06:00:26",,"2019/05/15 00:00:00",1,321.42597
D,P5MIN,CONSTRAINTSOLUTION,6,"2019/05/16 06:05:00",0,"2019/05/16 06:35:00",S>>NIL_RBTU_TWPA,1130.05565,0,0,"2019/05/16 06:00:26",,"2019/05/15 00:00:00",1,230.23637
D,P5MIN,CONSTRAINTSOLUTION,6,"2019/05/16 06:05:00",0,"2019/05/16 06:35:00",S>>NIL_RBTU_WEWT,308.11991,0,0,"2019/05/16 06:00:26",,"2019/05/15 00:00:00",1,83.99709
D,P5MIN,CONSTRAINTSOLUTION,6,"2019/05/16 06:05:00",0,"2019/05/16 06:35:00",S>>NIL_RBTU_WTTP,598.8249,0,0,"2019/05/16 06:00:26",,"2019/05/15 00:00:00",1,147.59084
D,P5MIN,CONSTRAINTSOLUTION,6,"2019/05/16 06:05:00",0,"2019/05/16 06:35:00",S>>NIL_RBTX1_WTWE,279.50131,0,0,"2019/05/16 06:00:26",,"2019/05/15 00:00:00",1,-36.62501
D,P5MIN,CONSTRAINTSOLUTION,6,"2019/05/16 06:05:00",0,"2019/05/16 06:35:00",S>>NIL_SETB_SETB_1,911.48075,0,0,"2019/05/16 06:00:26",,"2019/05/15 00:00:00",1,-157.04577
D,P5MIN,CONSTRAINTSOLUTION,6,"2019/05/16 06:05:00",0,"2019/05/16 06:35:00",S>>NIL_TBCG_TBTU_1,897.14753,0,0,"2019/05/16 06:00:26",,"2019/05/15 00:00:00",1,-156.94177
D,P5MIN,CONSTRAINTSOLUTION,6,"2019/05/16 06:05:00",0,"2019/05/16 06:35:00",S>>NIL_TBSE_PWSE_1,10000,0,0,"2019/05/16 06:00:26",,"2019/03/11 00:00:00",1,37.48994
D,P5MIN,CONSTRAINTSOLUTION,6,"2019/05/16 06:05:00",0,"2019/05/16 06:35:00",S>>NIL_TBSE_TBSE_1,752.62121,0,0,"2019/05/16 06:00:26",,"2019/05/15 00:00:00",1,157.04577
D,P5MIN,CONSTRAINTSOLUTION,6,"2019/05/16 06:05:00",0,"2019/05/16 06:35:00",S>>NIL_TBTU_TBCG_1,950.50206,0,0,"2019/05/16 06:00:26",,"2019/05/15 00:00:00",1,-156.94177
D,P5MIN,CONSTRAINTSOLUTION,6,"2019/05/16 06:05:00",0,"2019/05/16 06:35:00",S>>NIL_TBTU_TBMO_1,435.81693,0,0,"2019/05/16 06:00:26",,"2019/05/15 00:00:00",1,-78.90996
D,P5MIN,CONSTRAINTSOLUTION,6,"2019/05/16 06:05:00",0,"2019/05/16 06:35:00",S>>NIL_TUTB_CGTB_1,731.06006,0,0,"2019/05/16 06:00:26",,"2019/05/15 00:00:00",1,156.94177
D,P5MIN,CONSTRAINTSOLUTION,6,"2019/05/16 06:05:00",0,"2019/05/16 06:35:00",S>>NIL_TUTB_PAAC,761.46788,0,0,"2019/05/16 06:00:26",,"2019/05/15 00:00:00",1,91.09325
D,P5MIN,CONSTRAINTSOLUTION,6,"2019/05/16 06:05:00",0,"2019/05/16 06:35:00",S>>NIL_TWPA_BWMP,931.71212,0,0,"2019/05/16 06:00:26",,"2019/05/15 00:00:00",1,181.52388
D,P5MIN,CONSTRAINTSOLUTION,6,"2019/05/16 06:05:00",0,"2019/05/16 06:35:00",S>>NIL_TWPA_TPRS,383.63255,0,0,"2019/05/16 06:00:26",,"2019/05/15 00:00:00",1,107.19963
D,P5MIN,CONSTRAINTSOLUTION,6,"2019/05/16 06:05:00",0,"2019/05/16 06:35:00",S>>NIL_TWPA_WEMW4,303.37266,0,0,"2019/05/16 06:00:26",,"2019/05/15 00:00:00",1,12.06742
D,P5MIN,CONSTRAINTSOLUTION,6,"2019/05/16 06:05:00",0,"2019/05/16 06:35:00",S>>TBTX4_CGTB_TUTB,641.13863,0,0,"2019/05/16 06:00:26",,"2019/03/13 00:00:00",1,157.02571
D,P5MIN,CONSTRAINTSOLUTION,6,"2019/05/16 06:05:00",0,"2019/05/16 06:35:00",S>>TBTX4_TBCG_TBTU,806.97255,0,0,"2019/05/16 06:00:26",,"2019/03/13 00:00:00",1,-157.02571
D,P5MIN,CONSTRAINTSOLUTION,6,"2019/05/16 06:05:00",0,"2019/05/16 06:35:00",S>>TBTX4_TBTU_TBCG,804.99847,0,0,"2019/05/16 06:00:26",,"2019/03/13 00:00:00",1,-157.02571
D,P5MIN,CONSTRAINTSOLUTION,6,"2019/05/16 06:05:00",0,"2019/05/16 06:35:00",S>>TBTX4_TUTB_CGTB,647.86648,0,0,"2019/05/16 06:00:26",,"2019/03/13 00:00:00",1,157.02571
D,P5MIN,CONSTRAINTSOLUTION,6,"2019/05/16 06:05:00",0,"2019/05/16 06:35:00",S>>V_NIL_DVBG_STBG,184.25762,0,0,"2019/05/16 06:00:26",,"2019/05/14 00:00:00",1,-2.965
D,P5MIN,CONSTRAINTSOLUTION,6,"2019/05/16 06:05:00",0,"2019/05/16 06:35:00",S>>V_NIL_NIL_HUWT,221.46248,0,0,"2019/05/16 06:00:26",,"2019/05/14 00:00:00",1,-1.85615
D,P5MIN,CONSTRAINTSOLUTION,6,"2019/05/16 06:05:00",0,"2019/05/16 06:35:00",S>>V_NIL_NIL_MNWT,302.43423,0,0,"2019/05/16 06:00:26",,"2019/05/14 00:00:00",1,-0.70054
D,P5MIN,CONSTRAINTSOLUTION,6,"2019/05/16 06:05:00",0,"2019/05/16 06:35:00",S>>V_NIL_RBTX_MW4RB,323.21143,0,0,"2019/05/16 06:00:26",,"2019/05/14 00:00:00",1,-23.02898
D,P5MIN,CONSTRAINTSOLUTION,6,"2019/05/16 06:05:00",0,"2019/05/16 06:35:00",S>>V_NIL_WTTP_WEMW4,307.18911,0,0,"2019/05/16 06:00:26",,"2019/05/14 00:00:00",1,15.64735
D,P5MIN,CONSTRAINTSOLUTION,6,"2019/05/16 06:05:00",0,"2019/05/16 06:35:00",S>DVTX_NIL_DVTX,166.84064,0,0,"2019/05/16 06:00:26",,"2019/01/22 00:00:00",1,0
D,P5MIN,CONSTRAINTSOLUTION,6,"2019/05/16 06:05:00",0,"2019/05/16 06:35:00",S>NIL_BRTW_MNWT,324.08349,0,0,"2019/05/16 06:00:26",,"2019/05/14 00:00:00",1,29.23209
D,P5MIN,CONSTRAINTSOLUTION,6,"2019/05/16 06:05:00",0,"2019/05/16 06:35:00",S>NIL_BWMP_CNRB,739.25034,0,0,"2019/05/16 06:00:26",,"2019/05/14 00:00:00",1,243.03704
D,P5MIN,CONSTRAINTSOLUTION,6,"2019/05/16 06:05:00",0,"2019/05/16 06:35:00",S>NIL_BWMP_HUWT,221.52377,0,0,"2019/05/16 06:00:26",,"2019/05/14 00:00:00",1,7.29687
D,P5MIN,CONSTRAINTSOLUTION,6,"2019/05/16 06:05:00",0,"2019/05/16 06:35:00",S>NIL_BWMP_RHBR-T,310.53286,0,0,"2019/05/16 06:00:26",,"2019/05/14 00:00:00",1,57.47772
D,P5MIN,CONSTRAINTSOLUTION,6,"2019/05/16 06:05:00",0,"2019/05/16 06:35:00",S>NIL_DVBG_BRTW,1605.54426,0,0,"2019/05/16 06:00:26",,"2019/05/14 00:00:00",1,278.67696
D,P5MIN,CONSTRAINTSOLUTION,6,"2019/05/16 06:05:00",0,"2019/05/16 06:35:00",S>NIL_DVTX_DVTX,166.2524,0,0,"2019/05/16 06:00:26",,"2019/01/11 00:00:00",1,0
D,P5MIN,CONSTRAINTSOLUTION,6,"2019/05/16 06:05:00",0,"2019/05/16 06:35:00",S>NIL_HUWT_STBG,10000,0,0,"2019/05/16 06:00:26",,"2019/01/11 00:00:00",1,0
D,P5MIN,CONSTRAINTSOLUTION,6,"2019/05/16 06:05:00",0,"2019/05/16 06:35:00",S>NIL_HUWT_STBG2,124.21803,0,0,"2019/05/16 06:00:26",,"2019/01/11 00:00:00",1,0
D,P5MIN,CONSTRAINTSOLUTION,6,"2019/05/16 06:05:00",0,"2019/05/16 06:35:00",S>NIL_LKDV_CNRB,455.07,0,0,"2019/05/16 06:00:26",,"2019/01/11 00:00:00",1,219.446
D,P5MIN,CONSTRAINTSOLUTION,6,"2019/05/16 06:05:00",0,"2019/05/16 06:35:00",S>NIL_MHNW1_MHNW2,10000,0,0,"2019/05/16 06:00:26",,"2019/01/11 00:00:00",1,-10.78007
D,P5MIN,CONSTRAINTSOLUTION,6,"2019/05/16 06:05:00",0,"2019/05/16 06:35:00",S>NIL_NIL_DLAW,114.40568,0,0,"2019/05/16 06:00:26",,"2019/01/11 00:00:00",1,0
D,P5MIN,CONSTRAINTSOLUTION,6,"2019/05/16 06:05:00",0,"2019/05/16 06:35:00",S>NIL_NIL_MHNW2,270.26061,0,0,"2019/05/16 06:00:26",,"2019/01/11 00:00:00",1,-10.78007
D,P5MIN,CONSTRAINTSOLUTION,6,"2019/05/16 06:05:00",0,"2019/05/16 06:35:00",S>NIL_NIL_MYSG-T,275.88004,0,0,"2019/05/16 06:00:26",,"2019/03/14 00:00:00",2,3.086
D,P5MIN,CONSTRAINTSOLUTION,6,"2019/05/16 06:05:00",0,"2019/05/16 06:35:00",S>NIL_NIL_NWMH2,224.19638,0,0,"2019/05/16 06:00:26",,"2019/01/11 00:00:00",1,10.78007
D,P5MIN,CONSTRAINTSOLUTION,6,"2019/05/16 06:05:00",0,"2019/05/16 06:35:00",S>NIL_NIL_SETX12,389.3968,0,0,"2019/05/16 06:00:26",,"2019/03/14 00:00:00",2,3.086
D,P5MIN,CONSTRAINTSOLUTION,6,"2019/05/16 06:05:00",0,"2019/05/16 06:35:00",S>NIL_NIL_SGBN,349.23442,0,0,"2019/05/16 06:00:26",,"2019/03/14 00:00:00",2,3.086
D,P5MIN,CONSTRAINTSOLUTION,6,"2019/05/16 06:05:00",0,"2019/05/16 06:35:00",S>NIL_NIL_SGMYSE-T2,407.63354,0,0,"2019/05/16 06:00:26",,"2019/03/14 00:00:00",2,3.086
D,P5MIN,CONSTRAINTSOLUTION,6,"2019/05/16 06:05:00",0,"2019/05/16 06:35:00",S>NIL_NWMH1_NWMH2,10000,0,0,"2019/05/16 06:00:26",,"2019/01/11 00:00:00",1,10.78007
D,P5MIN,CONSTRAINTSOLUTION,6,"2019/05/16 06:05:00",0,"2019/05/16 06:35:00",S>NIL_PL_GENMAX,75.92805,0,0,"2019/05/16 06:00:26",,"2019/01/11 00:00:00",1,0
D,P5MIN,CONSTRAINTSOLUTION,6,"2019/05/16 06:05:00",0,"2019/05/16 06:35:00",S>NIL_PL_GENMAX_YDMD,104.09543,0,0,"2019/05/16 06:00:26",,"2019/01/11 00:00:00",1,0
D,P5MIN,CONSTRAINTSOLUTION,6,"2019/05/16 06:05:00",0,"2019/05/16 06:35:00",S>NIL_RBMWP3_RBNW1,10000,0,0,"2019/05/16 06:00:26",,"2019/01/11 00:00:00",1,10.78007
D,P5MIN,CONSTRAINTSOLUTION,6,"2019/05/16 06:05:00",0,"2019/05/16 06:35:00",S>NIL_RBNW1_RBMWP3,10000,0,0,"2019/05/16 06:00:26",,"2019/01/11 00:00:00",1,10.78007
D,P5MIN,CONSTRAINTSOLUTION,6,"2019/05/16 06:05:00",0,"2019/05/16 06:35:00",S>NIL_SGBN_SGSE-T2,10000,0,0,"2019/05/16 06:00:26",,"2019/03/14 00:00:00",2,3.086
D,P5MIN,CONSTRAINTSOLUTION,6,"2019/05/16 06:05:00",0,"2019/05/16 06:35:00",S>NIL_TINO3_TINO4,307.14399,0,0,"2019/05/16 06:00:26",,"2019/03/14 00:00:00",2,-185
D,P5MIN,CONSTRAINTSOLUTION,6,"2019/05/16 06:05:00",0,"2019/05/16 06:35:00",S>NIL_WEMW4_WTTP,384.0003,0,0,"2019/05/16 06:00:26",,"2019/05/14 00:00:00",1,50.72453
D,P5MIN,CONSTRAINTSOLUTION,6,"2019/05/16 06:05:00",0,"2019/05/16 06:35:00",S>SETXH1_SETXL2,69.78274,0,0,"2019/05/16 06:00:26",,"2019/05/16 00:00:00",4,-14.60578
D,P5MIN,CONSTRAINTSOLUTION,6,"2019/05/16 06:05:00",0,"2019/05/16 06:35:00",S>V_NIL_NIL_RBNW,167.53175,0,0,"2019/05/16 06:00:26",,"2019/01/25 00:00:00",1,10.78007
D,P5MIN,CONSTRAINTSOLUTION,6,"2019/05/16 06:05:00",0,"2019/05/16 06:35:00",S>V_NIL_SEHY,742,0,0,"2019/05/16 06:00:26",,"2016/09/13 00:00:00",1,160
D,P5MIN,CONSTRAINTSOLUTION,6,"2019/05/16 06:05:00",0,"2019/05/16 06:35:00",S>V_NIL_SETX_SETX,10000,0,0,"2019/05/16 06:00:26",,"2019/05/08 00:00:00",2,0
D,P5MIN,CONSTRAINTSOLUTION,6,"2019/05/16 06:05:00",0,"2019/05/16 06:35:00",S>V_NIL_SETX_SETX1,182.04811,0,0,"2019/05/16 06:00:26",,"2019/05/08 00:00:00",2,3.086
D,P5MIN,CONSTRAINTSOLUTION,6,"2019/05/16 06:05:00",0,"2019/05/16 06:35:00",SVML_233,233,0,0,"2019/05/16 06:00:26",,"2014/10/01 00:00:00",1,10.78007
D,P5MIN,CONSTRAINTSOLUTION,6,"2019/05/16 06:05:00",0,"2019/05/16 06:35:00",SVML_ROC_80,98,0,0,"2019/05/16 06:00:26",,"2016/08/23 00:00:00",1,10.78007
D,P5MIN,CONSTRAINTSOLUTION,6,"2019/05/16 06:05:00",0,"2019/05/16 06:35:00",S^NIL_PL_MAX,44.79406,0,0,"2019/05/16 06:00:26",,"2017/07/11 00:00:00",1,0
D,P5MIN,CONSTRAINTSOLUTION,6,"2019/05/16 06:05:00",0,"2019/05/16 06:35:00",S_LB2WF_CONF,198,0,0,"2019/05/16 06:00:26",,"2015/08/07 00:00:00",1,3.086
D,P5MIN,CONSTRAINTSOLUTION,6,"2019/05/16 06:05:00",0,"2019/05/16 06:35:00",S_NIL_STRENGTH_1,10516,0,0,"2019/05/16 06:00:26",,"2018/12/05 00:00:00",1,446.816
D,P5MIN,CONSTRAINTSOLUTION,6,"2019/05/16 06:05:00",0,"2019/05/16 06:35:00",S_NIL_STRENGTH_2,1790.84049,0,0,"2019/05/16 06:00:26",,"2018/11/26 00:00:00",1,286.816
D,P5MIN,CONSTRAINTSOLUTION,6,"2019/05/16 06:05:00",0,"2019/05/16 06:35:00",S_V_NIL_ROCOF,1273.80002,0,0,"2019/05/16 06:00:26",,"2019/01/03 00:00:00",1,160
D,P5MIN,CONSTRAINTSOLUTION,6,"2019/05/16 06:05:00",0,"2019/05/16 06:35:00",T::T_NIL_1,730.25207,0,0,"2019/05/16 06:00:26",,"2014/07/31 00:00:00",1,445.38378
D,P5MIN,CONSTRAINTSOLUTION,6,"2019/05/16 06:05:00",0,"2019/05/16 06:35:00",T::T_NIL_2,10641.717,0,0,"2019/05/16 06:00:26",,"2014/07/31 00:00:00",1,438.90541
D,P5MIN,CONSTRAINTSOLUTION,6,"2019/05/16 06:05:00",0,"2019/05/16 06:35:00",T::T_NIL_3,763.16436,0,0,"2019/05/16 06:00:26",,"2014/07/31 00:00:00",1,626.53826
D,P5MIN,CONSTRAINTSOLUTION,6,"2019/05/16 06:05:00",0,"2019/05/16 06:35:00",T::T_NIL_4,10891.64709,0,0,"2019/05/16 06:00:26",,"2014/07/31 00:00:00",1,623.50589
D,P5MIN,CONSTRAINTSOLUTION,6,"2019/05/16 06:05:00",0,"2019/05/16 06:35:00",T:T_LIPM_1,-344.29524,0,0,"2019/05/16 06:00:26",,"2013/08/21 00:00:00",1,-421.10044
D,P5MIN,CONSTRAINTSOLUTION,6,"2019/05/16 06:05:00",0,"2019/05/16 06:35:00",T:T_LIPM_2,489.12166,0,0,"2019/05/16 06:00:26",,"2013/08/21 00:00:00",1,284.54015
D,P5MIN,CONSTRAINTSOLUTION,6,"2019/05/16 06:05:00",0,"2019/05/16 06:35:00",T>>T_NIL_BL_EXP_3F,11137.81748,0,0,"2019/05/16 06:00:26",,"2017/07/17 00:00:00",1,564.6057
D,P5MIN,CONSTRAINTSOLUTION,6,"2019/05/16 06:05:00",0,"2019/05/16 06:35:00",T>>T_NIL_BL_EXP_3G,11314.60614,0,0,"2019/05/16 06:00:26",,"2017/07/17 00:00:00",1,428.9572
D,P5MIN,CONSTRAINTSOLUTION,6,"2019/05/16 06:05:00",0,"2019/05/16 06:35:00",T>>T_NIL_BL_EXP_3H,11631.82307,0,0,"2019/05/16 06:00:26",,"2017/07/17 00:00:00",1,655.46115
D,P5MIN,CONSTRAINTSOLUTION,6,"2019/05/16 06:05:00",0,"2019/05/16 06:35:00",T>>T_NIL_BL_EXP_4E,10427.10018,0,0,"2019/05/16 06:00:26",,"2016/07/26 00:00:00",1,181.11237
D,P5MIN,CONSTRAINTSOLUTION,6,"2019/05/16 06:05:00",0,"2019/05/16 06:35:00",T>>T_NIL_BL_EXP_4F,10381.83625,0,0,"2019/05/16 06:00:26",,"2016/06/16 00:00:00",1,184.24241
D,P5MIN,CONSTRAINTSOLUTION,6,"2019/05/16 06:05:00",0,"2019/05/16 06:35:00",T>>T_NIL_BL_EXP_5F,21087.67226,0,0,"2019/05/16 06:00:26",,"2017/07/17 00:00:00",1,622.55869
D,P5MIN,CONSTRAINTSOLUTION,6,"2019/05/16 06:05:00",0,"2019/05/16 06:35:00",T>>T_NIL_BL_EXP_5G,11323.66295,0,0,"2019/05/16 06:00:26",,"2017/07/17 00:00:00",1,518.28826
D,P5MIN,CONSTRAINTSOLUTION,6,"2019/05/16 06:05:00",0,"2019/05/16 06:35:00",T>>T_NIL_BL_EXP_5H,11525.13324,0,0,"2019/05/16 06:00:26",,"2017/07/17 00:00:00",1,713.01318
D,P5MIN,CONSTRAINTSOLUTION,6,"2019/05/16 06:05:00",0,"2019/05/16 06:35:00",T>>T_NIL_BL_EXP_6E,21030.20735,0,0,"2019/05/16 06:00:26",,"2017/07/17 00:00:00",1,773.38956
D,P5MIN,CONSTRAINTSOLUTION,6,"2019/05/16 06:05:00",0,"2019/05/16 06:35:00",T>>T_NIL_BL_EXP_6F,21104.73268,0,0,"2019/05/16 06:00:26",,"2017/07/17 00:00:00",1,648.14594
D,P5MIN,CONSTRAINTSOLUTION,6,"2019/05/16 06:05:00",0,"2019/05/16 06:35:00",T>>T_NIL_BL_EXP_7C,20569.57316,0,0,"2019/05/16 06:00:26",,"2017/07/17 00:00:00",1,499
D,P5MIN,CONSTRAINTSOLUTION,6,"2019/05/16 06:05:00",0,"2019/05/16 06:35:00",T>T_LIPM_110_2A,-343.70027,-17.71,0,"2019/05/16 06:00:26",,"2019/04/24 00:00:00",2,-343.70026
D,P5MIN,CONSTRAINTSOLUTION,6,"2019/05/16 06:05:00",0,"2019/05/16 06:35:00",T>T_LIPM_110_2B,499.17023,0,0,"2019/05/16 06:00:26",,"2019/04/24 00:00:00",2,343.70026
D,P5MIN,CONSTRAINTSOLUTION,6,"2019/05/16 06:05:00",0,"2019/05/16 06:35:00",T>T_LIPM_110_3_1,334.98673,0,0,"2019/05/16 06:00:26",,"2019/04/24 00:00:00",2,156.83689
D,P5MIN,CONSTRAINTSOLUTION,6,"2019/05/16 06:05:00",0,"2019/05/16 06:35:00",T>T_LIPM_110_5,-31.84333,0,0,"2019/05/16 06:00:26",,"2019/04/24 00:00:00",2,-224.69041
D,P5MIN,CONSTRAINTSOLUTION,6,"2019/05/16 06:05:00",0,"2019/05/16 06:35:00",T>T_NIL_110_4,240.18133,0,0,"2019/05/16 06:00:26",,"2019/01/11 00:00:00",1,-51.59298
D,P5MIN,CONSTRAINTSOLUTION,6,"2019/05/16 06:05:00",0,"2019/05/16 06:35:00",T>T_NIL_110_5,368.02732,0,0,"2019/05/16 06:00:26",,"2019/01/11 00:00:00",1,51.59298
D,P5MIN,CONSTRAINTSOLUTION,6,"2019/05/16 06:05:00",0,"2019/05/16 06:35:00",T>T_NIL_BL_110_18_1,323.01272,0,0,"2019/05/16 06:00:26",,"2019/01/11 00:00:00",1,147.32318
D,P5MIN,CONSTRAINTSOLUTION,6,"2019/05/16 06:05:00",0,"2019/05/16 06:35:00",T>T_NIL_BL_110_8,271.70086,0,0,"2019/05/16 06:00:26",,"2019/01/11 00:00:00",1,136.53284
D,P5MIN,CONSTRAINTSOLUTION,6,"2019/05/16 06:05:00",0,"2019/05/16 06:35:00",T>T_NIL_BL_220_6B,1003.06489,0,0,"2019/05/16 06:00:26",,"2019/01/11 00:00:00",1,312.32426
D,P5MIN,CONSTRAINTSOLUTION,6,"2019/05/16 06:05:00",0,"2019/05/16 06:35:00",T>T_NIL_BL_3A,1612.29628,0,0,"2019/05/16 06:00:26",,"2019/01/11 00:00:00",1,469.44618
D,P5MIN,CONSTRAINTSOLUTION,6,"2019/05/16 06:05:00",0,"2019/05/16 06:35:00",T>T_NIL_BL_3B,1611.53033,0,0,"2019/05/16 06:00:26",,"2019/01/11 00:00:00",1,469.44618
D,P5MIN,CONSTRAINTSOLUTION,6,"2019/05/16 06:05:00",0,"2019/05/16 06:35:00",T>T_NIL_BL_3C,11184.71704,0,0,"2019/05/16 06:00:26",,"2017/07/17 00:00:00",1,471.1757
D,P5MIN,CONSTRAINTSOLUTION,6,"2019/05/16 06:05:00",0,"2019/05/16 06:35:00",T>T_NIL_BL_3D,11361.91178,0,0,"2019/05/16 06:00:26",,"2017/07/17 00:00:00",1,334.3672
D,P5MIN,CONSTRAINTSOLUTION,6,"2019/05/16 06:05:00",0,"2019/05/16 06:35:00",T>T_NIL_BL_3E,11678.94713,0,0,"2019/05/16 06:00:26",,"2017/07/17 00:00:00",1,561.78115
D,P5MIN,CONSTRAINTSOLUTION,6,"2019/05/16 06:05:00",0,"2019/05/16 06:35:00",T>T_NIL_BL_4A,636.63757,0,0,"2019/05/16 06:00:26",,"2019/01/11 00:00:00",1,85.20948
D,P5MIN,CONSTRAINTSOLUTION,6,"2019/05/16 06:05:00",0,"2019/05/16 06:35:00",T>T_NIL_BL_4B,636.90791,0,0,"2019/05/16 06:00:26",,"2019/01/11 00:00:00",1,85.20948
D,P5MIN,CONSTRAINTSOLUTION,6,"2019/05/16 06:05:00",0,"2019/05/16 06:35:00",T>T_NIL_BL_4C,10813.55979,0,0,"2019/05/16 06:00:26",,"2016/07/26 00:00:00",1,138.31452
D,P5MIN,CONSTRAINTSOLUTION,6,"2019/05/16 06:05:00",0,"2019/05/16 06:35:00",T>T_NIL_BL_4D,10966.52675,0,0,"2019/05/16 06:00:26",,"2016/07/26 00:00:00",1,189.85685
D,P5MIN,CONSTRAINTSOLUTION,6,"2019/05/16 06:05:00",0,"2019/05/16 06:35:00",T>T_NIL_BL_5A,1486.85931,0,0,"2019/05/16 06:00:26",,"2019/01/11 00:00:00",1,531.60546
D,P5MIN,CONSTRAINTSOLUTION,6,"2019/05/16 06:05:00",0,"2019/05/16 06:35:00",T>T_NIL_BL_5B,1486.23758,0,0,"2019/05/16 06:00:26",,"2019/01/11 00:00:00",1,531.60546
D,P5MIN,CONSTRAINTSOLUTION,6,"2019/05/16 06:05:00",0,"2019/05/16 06:35:00",T>T_NIL_BL_5C,11132.77546,0,0,"2019/05/16 06:00:26",,"2017/07/17 00:00:00",1,531.58869
D,P5MIN,CONSTRAINTSOLUTION,6,"2019/05/16 06:05:00",0,"2019/05/16 06:35:00",T>T_NIL_BL_5D,11373.66931,0,0,"2019/05/16 06:00:26",,"2017/07/17 00:00:00",1,418.28826
D,P5MIN,CONSTRAINTSOLUTION,6,"2019/05/16 06:05:00",0,"2019/05/16 06:35:00",T>T_NIL_BL_5E,11571.79138,0,0,"2019/05/16 06:00:26",,"2017/07/17 00:00:00",1,620.22318
D,P5MIN,CONSTRAINTSOLUTION,6,"2019/05/16 06:05:00",0,"2019/05/16 06:35:00",T>T_NIL_BL_6A,1450.40501,0,0,"2019/05/16 06:00:26",,"2019/01/11 00:00:00",1,673.3828
D,P5MIN,CONSTRAINTSOLUTION,6,"2019/05/16 06:05:00",0,"2019/05/16 06:35:00",T>T_NIL_BL_6B,1449.72909,0,0,"2019/05/16 06:00:26",,"2019/01/11 00:00:00",1,673.3828
D,P5MIN,CONSTRAINTSOLUTION,6,"2019/05/16 06:05:00",0,"2019/05/16 06:35:00",T>T_NIL_BL_6C,11080.21981,0,0,"2019/05/16 06:00:26",,"2017/07/17 00:00:00",1,346.38956
D,P5MIN,CONSTRAINTSOLUTION,6,"2019/05/16 06:05:00",0,"2019/05/16 06:35:00",T>T_NIL_BL_6D,11155.36267,0,0,"2019/05/16 06:00:26",,"2017/07/17 00:00:00",1,221.14594
D,P5MIN,CONSTRAINTSOLUTION,6,"2019/05/16 06:05:00",0,"2019/05/16 06:35:00",T>T_NIL_BL_IMP_2B,938.21244,0,0,"2019/05/16 06:00:26",,"2019/01/11 00:00:00",1,215.79017
D,P5MIN,CONSTRAINTSOLUTION,6,"2019/05/16 06:05:00",0,"2019/05/16 06:35:00",T>T_NIL_BL_IMP_3F,1207.12764,0,0,"2019/05/16 06:00:26",,"2019/01/11 00:00:00",1,469.47106
D,P5MIN,CONSTRAINTSOLUTION,6,"2019/05/16 06:05:00",0,"2019/05/16 06:35:00",T>T_NIL_BL_IMP_3FF,1206.62552,0,0,"2019/05/16 06:00:26",,"2019/01/11 00:00:00",1,469.47106
D,P5MIN,CONSTRAINTSOLUTION,6,"2019/05/16 06:05:00",0,"2019/05/16 06:35:00",T>T_NIL_BL_IMP_3G,1379.32604,0,0,"2019/05/16 06:00:26",,"2019/01/11 00:00:00",1,332.88867
D,P5MIN,CONSTRAINTSOLUTION,6,"2019/05/16 06:05:00",0,"2019/05/16 06:35:00",T>T_NIL_BL_IMP_3H,1715.82133,0,0,"2019/05/16 06:00:26",,"2019/01/11 00:00:00",1,560.0705
D,P5MIN,CONSTRAINTSOLUTION,6,"2019/05/16 06:05:00",0,"2019/05/16 06:35:00",T>T_NIL_BL_IMP_4E,497.19715,0,0,"2019/05/16 06:00:26",,"2019/01/11 00:00:00",1,85.19149
D,P5MIN,CONSTRAINTSOLUTION,6,"2019/05/16 06:05:00",0,"2019/05/16 06:35:00",T>T_NIL_BL_IMP_4EE,497.40014,0,0,"2019/05/16 06:00:26",,"2019/01/11 00:00:00",1,85.19149
D,P5MIN,CONSTRAINTSOLUTION,6,"2019/05/16 06:05:00",0,"2019/05/16 06:35:00",T>T_NIL_BL_IMP_4F,451.8293,0,0,"2019/05/16 06:00:26",,"2019/01/11 00:00:00",1,88.6631
D,P5MIN,CONSTRAINTSOLUTION,6,"2019/05/16 06:05:00",0,"2019/05/16 06:35:00",T>T_NIL_BL_IMP_5F,1152.72458,0,0,"2019/05/16 06:00:26",,"2019/01/11 00:00:00",1,531.58869
D,P5MIN,CONSTRAINTSOLUTION,6,"2019/05/16 06:05:00",0,"2019/05/16 06:35:00",T>T_NIL_BL_IMP_5FF,1152.32021,0,0,"2019/05/16 06:00:26",,"2019/01/11 00:00:00",1,531.58869
D,P5MIN,CONSTRAINTSOLUTION,6,"2019/05/16 06:05:00",0,"2019/05/16 06:35:00",T>T_NIL_BL_IMP_5G,1383.41435,0,0,"2019/05/16 06:00:26",,"2019/01/11 00:00:00",1,418.28826
D,P5MIN,CONSTRAINTSOLUTION,6,"2019/05/16 06:05:00",0,"2019/05/16 06:35:00",T>T_NIL_BL_IMP_5H,1599.73816,0,0,"2019/05/16 06:00:26",,"2019/01/11 00:00:00",1,620.46115
D,P5MIN,CONSTRAINTSOLUTION,6,"2019/05/16 06:05:00",0,"2019/05/16 06:35:00",T>T_NIL_BL_IMP_6E,1080.42926,0,0,"2019/05/16 06:00:26",,"2019/01/11 00:00:00",1,673.38956
D,P5MIN,CONSTRAINTSOLUTION,6,"2019/05/16 06:05:00",0,"2019/05/16 06:35:00",T>T_NIL_BL_IMP_6EE,1080.42926,0,0,"2019/05/16 06:00:26",,"2019/01/11 00:00:00",1,673.38956
D,P5MIN,CONSTRAINTSOLUTION,6,"2019/05/16 06:05:00",0,"2019/05/16 06:35:00",T>T_NIL_BL_IMP_6F,1169.80434,0,0,"2019/05/16 06:00:26",,"2019/01/11 00:00:00",1,548.14594
D,P5MIN,CONSTRAINTSOLUTION,6,"2019/05/16 06:05:00",0,"2019/05/16 06:35:00",T>T_NIL_BL_IMP_7C,629.63759,0,0,"2019/05/16 06:00:26",,"2019/01/11 00:00:00",1,399
D,P5MIN,CONSTRAINTSOLUTION,6,"2019/05/16 06:05:00",0,"2019/05/16 06:35:00",T>T_NIL_BL_IMP_7CC,629.13772,0,0,"2019/05/16 06:00:26",,"2019/01/11 00:00:00",1,399
D,P5MIN,CONSTRAINTSOLUTION,6,"2019/05/16 06:05:00",0,"2019/05/16 06:35:00",T>T_NIL_BL_IMP_8B,1016.24949,0,0,"2019/05/16 06:00:26",,"2019/01/11 00:00:00",1,288.37637
D,P5MIN,CONSTRAINTSOLUTION,6,"2019/05/16 06:05:00",0,"2019/05/16 06:35:00",T>T_NIL_BL_IMP_8C,46.07802,0,0,"2019/05/16 06:00:26",,"2019/01/11 00:00:00",1,-288.37637
D,P5MIN,CONSTRAINTSOLUTION,6,"2019/05/16 06:05:00",0,"2019/05/16 06:35:00",T>T_NIL_NCSPS5_3F,11207.81228,0,0,"2019/05/16 06:00:26",,"2019/01/11 00:00:00",1,469.47106
D,P5MIN,CONSTRAINTSOLUTION,6,"2019/05/16 06:05:00",0,"2019/05/16 06:35:00",T>T_NIL_NCSPS5_3FF,11207.81228,0,0,"2019/05/16 06:00:26",,"2019/01/11 00:00:00",1,469.47106
D,P5MIN,CONSTRAINTSOLUTION,6,"2019/05/16 06:05:00",0,"2019/05/16 06:35:00",T>T_NIL_NCSPS5_3G,11380.19805,0,0,"2019/05/16 06:00:26",,"2019/01/11 00:00:00",1,332.88867
D,P5MIN,CONSTRAINTSOLUTION,6,"2019/05/16 06:05:00",0,"2019/05/16 06:35:00",T>T_NIL_NCSPS5_3H,11716.92826,0,0,"2019/05/16 06:00:26",,"2019/01/11 00:00:00",1,560.0705
D,P5MIN,CONSTRAINTSOLUTION,6,"2019/05/16 06:05:00",0,"2019/05/16 06:35:00",T>T_NIL_NCSPS5_7C,10658.9539,0,0,"2019/05/16 06:00:26",,"2019/01/11 00:00:00",1,399
D,P5MIN,CONSTRAINTSOLUTION,6,"2019/05/16 06:05:00",0,"2019/05/16 06:35:00",T>T_NIL_TOV_5F,11405.41176,0,0,"2019/05/16 06:00:26",,"2019/01/11 00:00:00",1,531.58869
D,P5MIN,CONSTRAINTSOLUTION,6,"2019/05/16 06:05:00",0,"2019/05/16 06:35:00",T>T_NIL_TOV_5FF,11405.41176,0,0,"2019/05/16 06:00:26",,"2019/01/11 00:00:00",1,531.58869
D,P5MIN,CONSTRAINTSOLUTION,6,"2019/05/16 06:05:00",0,"2019/05/16 06:35:00",TVBL_ROC,60.31742,0,0,"2019/05/16 06:00:26",,"2014/01/15 00:00:00",1,-100
D,P5MIN,CONSTRAINTSOLUTION,6,"2019/05/16 06:05:00",0,"2019/05/16 06:35:00",T^T_LIPM_1,-139.24196,0,0,"2019/05/16 06:00:26",,"2017/07/05 00:00:00",1,-184.43636
D,P5MIN,CONSTRAINTSOLUTION,6,"2019/05/16 06:05:00",0,"2019/05/16 06:35:00",T^T_NIL_BL_1,1695.54609,0,0,"2019/05/16 06:00:26",,"2017/07/05 00:00:00",1,30.50793
D,P5MIN,CONSTRAINTSOLUTION,6,"2019/05/16 06:05:00",0,"2019/05/16 06:35:00",T^T_NIL_BL_2,12701.01168,0,0,"2019/05/16 06:00:26",,"2017/07/05 00:00:00",1,-145.43845
D,P5MIN,CONSTRAINTSOLUTION,6,"2019/05/16 06:05:00",0,"2019/05/16 06:35:00",T^T_NIL_BL_4,1885.07051,0,0,"2019/05/16 06:00:26",,"2017/07/05 00:00:00",1,-124.5935
D,P5MIN,CONSTRAINTSOLUTION,6,"2019/05/16 06:05:00",0,"2019/05/16 06:35:00",T^T_NIL_BL_5,763.03582,0,0,"2019/05/16 06:00:26",,"2017/07/05 00:00:00",1,-106.24104
D,P5MIN,CONSTRAINTSOLUTION,6,"2019/05/16 06:05:00",0,"2019/05/16 06:35:00",T^T_NIL_BL_6,136.98055,0,0,"2019/05/16 06:00:26",,"2017/07/05 00:00:00",1,-125.2203
D,P5MIN,CONSTRAINTSOLUTION,6,"2019/05/16 06:05:00",0,"2019/05/16 06:35:00",T^T_NIL_BL_7,989.89566,0,0,"2019/05/16 06:00:26",,"2017/07/05 00:00:00",1,-99.08373
D,P5MIN,CONSTRAINTSOLUTION,6,"2019/05/16 06:05:00",0,"2019/05/16 06:35:00",T^V_LIPM_BL_6,591.42173,0,0,"2019/05/16 06:00:26",,"2013/08/21 00:00:00",1,-100
D,P5MIN,CONSTRAINTSOLUTION,6,"2019/05/16 06:05:00",0,"2019/05/16 06:35:00",T^V_NIL_10,10688.86472,0,0,"2019/05/16 06:00:26",,"2017/10/10 00:00:00",1,-100
D,P5MIN,CONSTRAINTSOLUTION,6,"2019/05/16 06:05:00",0,"2019/05/16 06:35:00",T^V_NIL_11,10510.75797,0,0,"2019/05/16 06:00:26",,"2019/01/25 00:00:00",1,-81.72115
D,P5MIN,CONSTRAINTSOLUTION,6,"2019/05/16 06:05:00",0,"2019/05/16 06:35:00",T^V_NIL_8,10318.33891,0,0,"2019/05/16 06:00:26",,"2018/05/31 00:00:00",1,-121.76058
D,P5MIN,CONSTRAINTSOLUTION,6,"2019/05/16 06:05:00",0,"2019/05/16 06:35:00",T^V_NIL_9,594,0,0,"2019/05/16 06:00:26",,"2015/09/29 00:00:00",1,-100
D,P5MIN,CONSTRAINTSOLUTION,6,"2019/05/16 06:05:00",0,"2019/05/16 06:35:00",T^V_NIL_BL_6,604.96299,0,0,"2019/05/16 06:00:26",,"2013/08/21 00:00:00",1,-100
D,P5MIN,CONSTRAINTSOLUTION,6,"2019/05/16 06:05:00",0,"2019/05/16 06:35:00",T_LIPM1_SLOAD_1_N-2,526.39645,0,0,"2019/05/16 06:00:26",,"2019/05/10 00:00:00",1,343.70026
D,P5MIN,CONSTRAINTSOLUTION,6,"2019/05/16 06:05:00",0,"2019/05/16 06:35:00",T_ROCOF_1,717.83256,0,0,"2019/05/16 06:00:26",,"2014/07/31 00:00:00",1,151.61637
D,P5MIN,CONSTRAINTSOLUTION,6,"2019/05/16 06:05:00",0,"2019/05/16 06:35:00",T_ROCOF_2,10751.40112,0,0,"2019/05/16 06:00:26",,"2014/07/31 00:00:00",1,114.72363
D,P5MIN,CONSTRAINTSOLUTION,6,"2019/05/16 06:05:00",0,"2019/05/16 06:35:00",T_ROCOF_3,11279.64898,0,0,"2019/05/16 06:00:26",,"2014/01/09 00:00:00",1,123.588
D,P5MIN,CONSTRAINTSOLUTION,6,"2019/05/16 06:05:00",0,"2019/05/16 06:35:00",T_V_NIL_BL1,-50,0,0,"2019/05/16 06:00:26",,"2008/05/26 00:00:00",1,-100
D,P5MIN,CONSTRAINTSOLUTION,6,"2019/05/16 06:05:00",0,"2019/05/16 06:35:00",T_V_NIL_FCSPS,371.75995,0,0,"2019/05/16 06:00:26",,"2013/08/21 00:00:00",1,-100
D,P5MIN,CONSTRAINTSOLUTION,6,"2019/05/16 06:05:00",0,"2019/05/16 06:35:00",V::N_NIL_Q1,20188.91372,0,0,"2019/05/16 06:00:26",,"2019/05/01 00:00:00",1,-1110.02844
D,P5MIN,CONSTRAINTSOLUTION,6,"2019/05/16 06:05:00",0,"2019/05/16 06:35:00",V::N_NIL_Q2,10188.91372,0,0,"2019/05/16 06:00:26",,"2019/05/01 00:00:00",1,-947.88244
D,P5MIN,CONSTRAINTSOLUTION,6,"2019/05/16 06:05:00",0,"2019/05/16 06:35:00",V::N_NIL_S,855.93625,0,0,"2019/05/16 06:00:26",,"2019/05/01 00:00:00",1,-372.8114
D,P5MIN,CONSTRAINTSOLUTION,6,"2019/05/16 06:05:00",0,"2019/05/16 06:35:00",V::N_NIL_SD,10749.50783,0,0,"2019/05/16 06:00:26",,"2019/05/01 00:00:00",1,-338.08776
D,P5MIN,CONSTRAINTSOLUTION,6,"2019/05/16 06:05:00",0,"2019/05/16 06:35:00",V::N_NIL_V,771.5322,0,0,"2019/05/16 06:00:26",,"2019/05/01 00:00:00",1,-396.3213
D,P5MIN,CONSTRAINTSOLUTION,6,"2019/05/16 06:05:00",0,"2019/05/16 06:35:00",V::S_NIL_MAXG_1,669.28264,0,0,"2019/05/16 06:00:26",,"2019/02/05 00:00:00",1,-157.6855
D,P5MIN,CONSTRAINTSOLUTION,6,"2019/05/16 06:05:00",0,"2019/05/16 06:35:00",V::S_NIL_MAXG_2,10000,0,0,"2019/05/16 06:00:26",,"2019/02/05 00:00:00",1,-157.46948
D,P5MIN,CONSTRAINTSOLUTION,6,"2019/05/16 06:05:00",0,"2019/05/16 06:35:00",V::S_NIL_MAXG_3,10000,0,0,"2019/05/16 06:00:26",,"2019/02/05 00:00:00",1,-157.96324
D,P5MIN,CONSTRAINTSOLUTION,6,"2019/05/16 06:05:00",0,"2019/05/16 06:35:00",V::S_NIL_MAXG_SECP_1,10000,0,0,"2019/05/16 06:00:26",,"2019/02/11 00:00:00",1,-157.16088
D,P5MIN,CONSTRAINTSOLUTION,6,"2019/05/16 06:05:00",0,"2019/05/16 06:35:00",V::S_NIL_MAXG_SECP_2,10000,0,0,"2019/05/16 06:00:26",,"2019/02/11 00:00:00",1,-157.46948
D,P5MIN,CONSTRAINTSOLUTION,6,"2019/05/16 06:05:00",0,"2019/05/16 06:35:00",V::S_NIL_SETB_SECP_1,10000,0,0,"2019/05/16 06:00:26",,"2019/02/11 00:00:00",1,-156.88314
D,P5MIN,CONSTRAINTSOLUTION,6,"2019/05/16 06:05:00",0,"2019/05/16 06:35:00",V::S_NIL_SETB_SECP_2,10000,0,0,"2019/05/16 06:00:26",,"2019/02/11 00:00:00",1,-156.97572
D,P5MIN,CONSTRAINTSOLUTION,6,"2019/05/16 06:05:00",0,"2019/05/16 06:35:00",V::S_NIL_TBSE_1,776.51438,0,0,"2019/05/16 06:00:26",,"2019/02/04 00:00:00",1,-156.88314
D,P5MIN,CONSTRAINTSOLUTION,6,"2019/05/16 06:05:00",0,"2019/05/16 06:35:00",V::S_NIL_TBSE_2,10000,0,0,"2019/05/16 06:00:26",,"2019/02/04 00:00:00",1,-156.97572
D,P5MIN,CONSTRAINTSOLUTION,6,"2019/05/16 06:05:00",0,"2019/05/16 06:35:00",V::S_TBTX_MAXG,663.14051,0,0,"2019/05/16 06:00:26",,"2019/02/21 00:00:00",1,-157.62378
D,P5MIN,CONSTRAINTSOLUTION,6,"2019/05/16 06:05:00",0,"2019/05/16 06:35:00",V::S_TBTX_MAXG_2-DS,10000,0,0,"2019/05/16 06:00:26",,"2019/02/21 00:00:00",1,-156.72884
D,P5MIN,CONSTRAINTSOLUTION,6,"2019/05/16 06:05:00",0,"2019/05/16 06:35:00",V::S_TBTX_SETB,769.93653,0,0,"2019/05/16 06:00:26",,"2019/02/21 00:00:00",1,-156.2968
D,P5MIN,CONSTRAINTSOLUTION,6,"2019/05/16 06:05:00",0,"2019/05/16 06:35:00",V::S_TBTX_SETB_2-DS,10000,0,0,"2019/05/16 06:00:26",,"2019/02/21 00:00:00",1,-156.72884
D,P5MIN,CONSTRAINTSOLUTION,6,"2019/05/16 06:05:00",0,"2019/05/16 06:35:00",V::V_1900,1968.10001,0,0,"2019/05/16 06:00:26",,"2018/08/24 00:00:00",1,390.70444
D,P5MIN,CONSTRAINTSOLUTION,6,"2019/05/16 06:05:00",0,"2019/05/16 06:35:00",V:SS_680_OSC_AUTO,10000,0,0,"2019/05/16 06:00:26",,"2016/06/30 00:00:00",1,-170.78007
D,P5MIN,CONSTRAINTSOLUTION,6,"2019/05/16 06:05:00",0,"2019/05/16 06:35:00",V:SS_790_1,10000,0,0,"2019/05/16 06:00:26",,"2016/08/16 00:00:00",1,-170.78007
D,P5MIN,CONSTRAINTSOLUTION,6,"2019/05/16 06:05:00",0,"2019/05/16 06:35:00",V:SS_790_OSC_AUTO,10790,0,0,"2019/05/16 06:00:26",,"2016/06/30 00:00:00",1,-170.78007
D,P5MIN,CONSTRAINTSOLUTION,6,"2019/05/16 06:05:00",0,"2019/05/16 06:35:00",V:SS_820_HY_TEST,820,0,0,"2019/05/16 06:00:26",,"2018/08/07 00:00:00",1,-170.78007
D,P5MIN,CONSTRAINTSOLUTION,6,"2019/05/16 06:05:00",0,"2019/05/16 06:35:00",V:SS_820_HY_TEST_DYN,820,0,0,"2019/05/16 06:00:26",,"2016/11/21 00:00:00",1,-170.78007
D,P5MIN,CONSTRAINTSOLUTION,6,"2019/05/16 06:05:00",0,"2019/05/16 06:35:00",V:SS_870_HY_TEST,870,0,0,"2019/05/16 06:00:26",,"2018/08/07 00:00:00",1,-170.78007
D,P5MIN,CONSTRAINTSOLUTION,6,"2019/05/16 06:05:00",0,"2019/05/16 06:35:00",V:SS_870_HY_TEST_DYN,870,0,0,"2019/05/16 06:00:26",,"2016/11/21 00:00:00",1,-170.78007
D,P5MIN,CONSTRAINTSOLUTION,6,"2019/05/16 06:05:00",0,"2019/05/16 06:35:00",V:SS_920,920,0,0,"2019/05/16 06:00:26",,"2018/08/07 00:00:00",1,-170.78007
D,P5MIN,CONSTRAINTSOLUTION,6,"2019/05/16 06:05:00",0,"2019/05/16 06:35:00",V:S_460_OSC_AUTO,10000,0,0,"2019/05/16 06:00:26",,"2016/06/30 00:00:00",1,-160
D,P5MIN,CONSTRAINTSOLUTION,6,"2019/05/16 06:05:00",0,"2019/05/16 06:35:00",V:S_570_1,10000,0,0,"2019/05/16 06:00:26",,"2016/08/16 00:00:00",1,-160
D,P5MIN,CONSTRAINTSOLUTION,6,"2019/05/16 06:05:00",0,"2019/05/16 06:35:00",V:S_570_OSC_AUTO,10570,0,0,"2019/05/16 06:00:26",,"2016/06/30 00:00:00",1,-160
D,P5MIN,CONSTRAINTSOLUTION,6,"2019/05/16 06:05:00",0,"2019/05/16 06:35:00",V:S_600_HY_TEST,600,0,0,"2019/05/16 06:00:26",,"2018/08/07 00:00:00",1,-160
D,P5MIN,CONSTRAINTSOLUTION,6,"2019/05/16 06:05:00",0,"2019/05/16 06:35:00",V:S_600_HY_TEST_DYN,600,0,0,"2019/05/16 06:00:26",,"2016/11/21 00:00:00",1,-160
D,P5MIN,CONSTRAINTSOLUTION,6,"2019/05/16 06:05:00",0,"2019/05/16 06:35:00",V:S_650_HY_TEST,650,0,0,"2019/05/16 06:00:26",,"2018/08/07 00:00:00",1,-160
D,P5MIN,CONSTRAINTSOLUTION,6,"2019/05/16 06:05:00",0,"2019/05/16 06:35:00",V:S_650_HY_TEST_DYN,650,0,0,"2019/05/16 06:00:26",,"2016/11/21 00:00:00",1,-160
D,P5MIN,CONSTRAINTSOLUTION,6,"2019/05/16 06:05:00",0,"2019/05/16 06:35:00",V:S_700,700,0,0,"2019/05/16 06:00:26",,"2018/08/07 00:00:00",1,-160
D,P5MIN,CONSTRAINTSOLUTION,6,"2019/05/16 06:05:00",0,"2019/05/16 06:35:00",V:T_NIL_BL_1,889.41518,0,0,"2019/05/16 06:00:26",,"2013/08/21 00:00:00",1,100
D,P5MIN,CONSTRAINTSOLUTION,6,"2019/05/16 06:05:00",0,"2019/05/16 06:35:00",V>>N-NIL_HA,1551.52944,0,0,"2019/05/16 06:00:26",,"2019/05/06 00:00:00",1,132.62498
D,P5MIN,CONSTRAINTSOLUTION,6,"2019/05/16 06:05:00",0,"2019/05/16 06:35:00",V>>N-NIL_HB,1608.19413,0,0,"2019/05/16 06:00:26",,"2019/05/06 00:00:00",1,161.85576
D,P5MIN,CONSTRAINTSOLUTION,6,"2019/05/16 06:05:00",0,"2019/05/16 06:35:00",V>>N-NIL_HG,1643.87096,0,0,"2019/05/16 06:00:26",,"2019/05/06 00:00:00",1,56.90498
D,P5MIN,CONSTRAINTSOLUTION,6,"2019/05/16 06:05:00",0,"2019/05/16 06:35:00",V>>N-NIL_HH,2172.21907,0,0,"2019/05/16 06:00:26",,"2019/05/06 00:00:00",1,277.27166
D,P5MIN,CONSTRAINTSOLUTION,6,"2019/05/16 06:05:00",0,"2019/05/16 06:35:00",V>>SML_NIL_5,716.07666,0,0,"2019/05/16 06:00:26",,"2019/05/06 00:00:00",1,-106.53361
D,P5MIN,CONSTRAINTSOLUTION,6,"2019/05/16 06:05:00",0,"2019/05/16 06:35:00",V>>SML_NIL_6,734.70953,0,0,"2019/05/16 06:00:26",,"2019/05/06 00:00:00",1,50.22939
D,P5MIN,CONSTRAINTSOLUTION,6,"2019/05/16 06:05:00",0,"2019/05/16 06:35:00",V>>SML_NIL_7A,10135.70126,0,0,"2019/05/16 06:00:26",,"2019/04/23 00:00:00",1,-38.32263
D,P5MIN,CONSTRAINTSOLUTION,6,"2019/05/16 06:05:00",0,"2019/05/16 06:35:00",V>>SML_NIL_7B,10169.88249,0,0,"2019/05/16 06:00:26",,"2019/05/06 00:00:00",1,-39.72478
D,P5MIN,CONSTRAINTSOLUTION,6,"2019/05/16 06:05:00",0,"2019/05/16 06:35:00",V>>SML_NIL_7C,10177.75439,0,0,"2019/05/16 06:00:26",,"2019/04/23 00:00:00",1,-39.54556
D,P5MIN,CONSTRAINTSOLUTION,6,"2019/05/16 06:05:00",0,"2019/05/16 06:35:00",V>>SML_NIL_8,394.52711,0,0,"2019/05/16 06:00:26",,"2019/05/06 00:00:00",1,-54.74226
D,P5MIN,CONSTRAINTSOLUTION,6,"2019/05/16 06:05:00",0,"2019/05/16 06:35:00",V>>SML_NIL_8_5M,394.52711,0,0,"2019/05/16 06:00:26",,"2019/05/06 00:00:00",1,-54.74226
D,P5MIN,CONSTRAINTSOLUTION,6,"2019/05/16 06:05:00",0,"2019/05/16 06:35:00",V>>SML_NSWRB_11,605.17258,0,0,"2019/05/16 06:00:26",,"2019/05/06 00:00:00",1,-120.0204
D,P5MIN,CONSTRAINTSOLUTION,6,"2019/05/16 06:05:00",0,"2019/05/16 06:35:00",V>>S_NIL_DVBG_DVBR,1262.34547,0,0,"2019/05/16 06:00:26",,"2019/05/14 00:00:00",1,216.09357
D,P5MIN,CONSTRAINTSOLUTION,6,"2019/05/16 06:05:00",0,"2019/05/16 06:35:00",V>>V_NIL1A_R,1269.72174,0,0,"2019/05/16 06:00:26",,"2019/05/06 00:00:00",1,-368.89378
D,P5MIN,CONSTRAINTSOLUTION,6,"2019/05/16 06:05:00",0,"2019/05/16 06:35:00",V>>V_NIL_1A,2001.29592,0,0,"2019/05/16 06:00:26",,"2019/05/06 00:00:00",1,343.66489
D,P5MIN,CONSTRAINTSOLUTION,6,"2019/05/16 06:05:00",0,"2019/05/16 06:35:00",V>>V_NIL_1B,2005.32212,0,0,"2019/05/16 06:00:26",,"2019/05/06 00:00:00",1,343.66489
D,P5MIN,CONSTRAINTSOLUTION,6,"2019/05/16 06:05:00",0,"2019/05/16 06:35:00",V>>V_NIL_2A_R,4943.54619,0,0,"2019/05/16 06:00:26",,"2019/05/06 00:00:00",1,2766.72965
D,P5MIN,CONSTRAINTSOLUTION,6,"2019/05/16 06:05:00",0,"2019/05/16 06:35:00",V>>V_NIL_2B_R,14943.54619,0,0,"2019/05/16 06:00:26",,"2019/05/06 00:00:00",1,2586.95165
D,P5MIN,CONSTRAINTSOLUTION,6,"2019/05/16 06:05:00",0,"2019/05/16 06:35:00",V>>V_NIL_3,2230.54788,0,0,"2019/05/16 06:00:26",,"2019/05/06 00:00:00",1,368.85519
D,P5MIN,CONSTRAINTSOLUTION,6,"2019/05/16 06:05:00",0,"2019/05/16 06:35:00",V>>V_NIL_4A,1309.86134,0,0,"2019/05/16 06:00:26",,"2019/05/06 00:00:00",1,55.82995
D,P5MIN,CONSTRAINTSOLUTION,6,"2019/05/16 06:05:00",0,"2019/05/16 06:35:00",V>>V_NIL_4B,1218.90184,0,0,"2019/05/16 06:00:26",,"2019/05/06 00:00:00",1,55.80059
D,P5MIN,CONSTRAINTSOLUTION,6,"2019/05/16 06:05:00",0,"2019/05/16 06:35:00",V>>V_NIL_4C,841.68478,0,0,"2019/05/16 06:00:26",,"2019/05/06 00:00:00",1,55.86935
D,P5MIN,CONSTRAINTSOLUTION,6,"2019/05/16 06:05:00",0,"2019/05/16 06:35:00",V>>V_NIL_5,905.07519,0,0,"2019/05/16 06:00:26",,"2019/05/06 00:00:00",1,-50.60353
D,P5MIN,CONSTRAINTSOLUTION,6,"2019/05/16 06:05:00",0,"2019/05/16 06:35:00",V>>V_NIL_6,422.71698,0,0,"2019/05/16 06:00:26",,"2019/05/06 00:00:00",1,-54.33658
D,P5MIN,CONSTRAINTSOLUTION,6,"2019/05/16 06:05:00",0,"2019/05/16 06:35:00",V>>V_NIL_6A_R,6411.37563,0,0,"2019/05/16 06:00:26",,"2019/05/06 00:00:00",1,3615.66824
D,P5MIN,CONSTRAINTSOLUTION,6,"2019/05/16 06:05:00",0,"2019/05/16 06:35:00",V>>V_NIL_6B_R,16411.37563,0,0,"2019/05/16 06:00:26",,"2019/05/06 00:00:00",1,3319.42024
D,P5MIN,CONSTRAINTSOLUTION,6,"2019/05/16 06:05:00",0,"2019/05/16 06:35:00",V>SML_NSWRB_10,504.18014,0,0,"2019/05/16 06:00:26",,"2019/05/06 00:00:00",1,-107.77718
D,P5MIN,CONSTRAINTSOLUTION,6,"2019/05/16 06:05:00",0,"2019/05/16 06:35:00",V>SML_NSWRB_9,350.89774,0,0,"2019/05/16 06:00:26",,"2019/05/06 00:00:00",1,-81.55209
D,P5MIN,CONSTRAINTSOLUTION,6,"2019/05/16 06:05:00",0,"2019/05/16 06:35:00",V>S_NIL_HYSE,742,0,0,"2019/05/16 06:00:26",,"2015/07/02 00:00:00",1,-160
D,P5MIN,CONSTRAINTSOLUTION,6,"2019/05/16 06:05:00",0,"2019/05/16 06:35:00",V>S_NIL_SETX_SETX,121.16829,0,0,"2019/05/16 06:00:26",,"2019/03/14 00:00:00",2,-3.086
D,P5MIN,CONSTRAINTSOLUTION,6,"2019/05/16 06:05:00",0,"2019/05/16 06:35:00",V>V_NIL_13,468.64668,0,0,"2019/05/16 06:00:26",,"2019/01/11 00:00:00",1,0.34484
D,P5MIN,CONSTRAINTSOLUTION,6,"2019/05/16 06:05:00",0,"2019/05/16 06:35:00",V>V_NIL_14,313.80084,0,0,"2019/05/16 06:00:26",,"2019/01/11 00:00:00",1,0.34484
D,P5MIN,CONSTRAINTSOLUTION,6,"2019/05/16 06:05:00",0,"2019/05/16 06:35:00",V>V_NIL_16,10281.48884,0,0,"2019/05/16 06:00:26",,"2019/01/11 00:00:00",1,0.34484
D,P5MIN,CONSTRAINTSOLUTION,6,"2019/05/16 06:05:00",0,"2019/05/16 06:35:00",V>V_NIL_17,10138.13,0,0,"2019/05/16 06:00:26",,"2019/02/28 00:00:00",1,0
D,P5MIN,CONSTRAINTSOLUTION,6,"2019/05/16 06:05:00",0,"2019/05/16 06:35:00",V>V_NIL_6,649.0902,0,0,"2019/05/16 06:00:26",,"2019/04/23 00:00:00",1,7.96083
D,P5MIN,CONSTRAINTSOLUTION,6,"2019/05/16 06:05:00",0,"2019/05/16 06:35:00",V>V_NIL_7,1018.49978,0,0,"2019/05/16 06:00:26",,"2019/01/29 00:00:00",1,32
D,P5MIN,CONSTRAINTSOLUTION,6,"2019/05/16 06:05:00",0,"2019/05/16 06:35:00",V>V_NIL_9,581.02963,0,0,"2019/05/16 06:00:26",,"2019/03/05 00:00:00",1,7.488
D,P5MIN,CONSTRAINTSOLUTION,6,"2019/05/16 06:05:00",0,"2019/05/16 06:35:00",V>V_NIL_RADIAL_10,12364.84865,0,0,"2019/05/16 06:00:26",,"2019/05/06 00:00:00",1,1456
D,P5MIN,CONSTRAINTSOLUTION,6,"2019/05/16 06:05:00",0,"2019/05/16 06:35:00",V>V_NIL_RADIAL_11,2161.38196,0,0,"2019/05/16 06:00:26",,"2019/01/11 00:00:00",1,1076
D,P5MIN,CONSTRAINTSOLUTION,6,"2019/05/16 06:05:00",0,"2019/05/16 06:35:00",VSML_220,220,0,0,"2019/05/16 06:00:26",,"2012/07/04 00:00:00",1,-10.78007
D,P5MIN,CONSTRAINTSOLUTION,6,"2019/05/16 06:05:00",0,"2019/05/16 06:35:00",VSML_ROC_80,62,0,0,"2019/05/16 06:00:26",,"2016/08/23 00:00:00",1,-10.78007
D,P5MIN,CONSTRAINTSOLUTION,6,"2019/05/16 06:05:00",0,"2019/05/16 06:35:00",VSML_VFRB_OFF,240,0,0,"2019/05/16 06:00:26",,"2013/08/21 00:00:00",1,-10.78007
D,P5MIN,CONSTRAINTSOLUTION,6,"2019/05/16 06:05:00",0,"2019/05/16 06:35:00",VTBL_ROC,339.68258,0,0,"2019/05/16 06:00:26",,"2014/01/15 00:00:00",1,100
D,P5MIN,CONSTRAINTSOLUTION,6,"2019/05/16 06:05:00",0,"2019/05/16 06:35:00",V^SML_NIL_3,194.21998,0,0,"2019/05/16 06:00:26",,"2017/04/18 00:00:00",1,-10.78007
D,P5MIN,CONSTRAINTSOLUTION,6,"2019/05/16 06:05:00",0,"2019/05/16 06:35:00",V^SML_NSWRB_2,242.22497,0,0,"2019/05/16 06:00:26",,"2018/08/06 00:00:00",1,-10.78007
D,P5MIN,CONSTRAINTSOLUTION,6,"2019/05/16 06:05:00",0,"2019/05/16 06:35:00",V^S_HYCP,684.04844,0,0,"2019/05/16 06:00:26",,"2016/07/25 00:00:00",1,-160
D,P5MIN,CONSTRAINTSOLUTION,6,"2019/05/16 06:05:00",0,"2019/05/16 06:35:00",V^^N_NIL_1,573.13324,0,0,"2019/05/16 06:00:26",,"2019/05/15 00:00:00",1,-38.93395
D,P5MIN,CONSTRAINTSOLUTION,6,"2019/05/16 06:05:00",0,"2019/05/16 06:35:00",V^^S_NIL_MAXG_1,639.95286,0,0,"2019/05/16 06:00:26",,"2019/02/05 00:00:00",1,-157.56206
D,P5MIN,CONSTRAINTSOLUTION,6,"2019/05/16 06:05:00",0,"2019/05/16 06:35:00",V^^S_NIL_MAXG_2,10000,0,0,"2019/05/16 06:00:26",,"2019/02/05 00:00:00",1,-157.13002
D,P5MIN,CONSTRAINTSOLUTION,6,"2019/05/16 06:05:00",0,"2019/05/16 06:35:00",V^^S_NIL_MAXG_3,10000,0,0,"2019/05/16 06:00:26",,"2019/02/05 00:00:00",1,-157.3769
D,P5MIN,CONSTRAINTSOLUTION,6,"2019/05/16 06:05:00",0,"2019/05/16 06:35:00",V^^S_NIL_MAXG_SECP_1,10000,0,0,"2019/05/16 06:00:26",,"2019/02/11 00:00:00",1,-157.6855
D,P5MIN,CONSTRAINTSOLUTION,6,"2019/05/16 06:05:00",0,"2019/05/16 06:35:00",V^^S_NIL_MAXG_SECP_2,10000,0,0,"2019/05/16 06:00:26",,"2019/02/11 00:00:00",1,-157.13002
D,P5MIN,CONSTRAINTSOLUTION,6,"2019/05/16 06:05:00",0,"2019/05/16 06:35:00",V^^S_NIL_SETB_SECP_1,10000,0,0,"2019/05/16 06:00:26",,"2019/02/11 00:00:00",1,-157.16088
D,P5MIN,CONSTRAINTSOLUTION,6,"2019/05/16 06:05:00",0,"2019/05/16 06:35:00",V^^S_NIL_SETB_SECP_2,10000,0,0,"2019/05/16 06:00:26",,"2019/02/11 00:00:00",1,-157.00658
D,P5MIN,CONSTRAINTSOLUTION,6,"2019/05/16 06:05:00",0,"2019/05/16 06:35:00",V^^S_NIL_TBSE_1,789.40572,0,0,"2019/05/16 06:00:26",,"2019/02/04 00:00:00",1,-157.16088
D,P5MIN,CONSTRAINTSOLUTION,6,"2019/05/16 06:05:00",0,"2019/05/16 06:35:00",V^^S_NIL_TBSE_2,10000,0,0,"2019/05/16 06:00:26",,"2019/02/04 00:00:00",1,-157.00658
D,P5MIN,CONSTRAINTSOLUTION,6,"2019/05/16 06:05:00",0,"2019/05/16 06:35:00",V^^S_TBTX_MAXG,633.57993,0,0,"2019/05/16 06:00:26",,"2019/02/21 00:00:00",1,-157.43862
D,P5MIN,CONSTRAINTSOLUTION,6,"2019/05/16 06:05:00",0,"2019/05/16 06:35:00",V^^S_TBTX_MAXG_2-DS,10000,0,0,"2019/05/16 06:00:26",,"2019/02/21 00:00:00",1,-156.79056
D,P5MIN,CONSTRAINTSOLUTION,6,"2019/05/16 06:05:00",0,"2019/05/16 06:35:00",V^^S_TBTX_SETB,799.40097,0,0,"2019/05/16 06:00:26",,"2019/02/21 00:00:00",1,-156.94486
D,P5MIN,CONSTRAINTSOLUTION,6,"2019/05/16 06:05:00",0,"2019/05/16 06:35:00",V^^S_TBTX_SETB_2-DS,10000,0,0,"2019/05/16 06:00:26",,"2019/02/21 00:00:00",1,-156.7597
D,P5MIN,CONSTRAINTSOLUTION,6,"2019/05/16 06:05:00",0,"2019/05/16 06:35:00",V_GANWR_SF_BAT_50,50.001,0,0,"2019/05/16 06:00:26",,"2019/01/24 00:00:00",1,0
D,P5MIN,CONSTRAINTSOLUTION,6,"2019/05/16 06:05:00",0,"2019/05/16 06:35:00",V_S_NIL_ROCOF,1273.80002,0,0,"2019/05/16 06:00:26",,"2019/01/03 00:00:00",1,-160
D,P5MIN,CONSTRAINTSOLUTION,6,"2019/05/16 06:05:00",0,"2019/05/16 06:35:00",V_T_NIL_BL1,478,0,0,"2019/05/16 06:00:26",,"2014/11/11 00:00:00",1,100
D,P5MIN,CONSTRAINTSOLUTION,6,"2019/05/16 06:05:00",0,"2019/05/16 06:35:00",V_T_NIL_FCSPS,443.3606,0,0,"2019/05/16 06:00:26",,"2016/12/20 00:00:00",1,100
D,P5MIN,CONSTRAINTSOLUTION,6,"2019/05/16 06:05:00",0,"2019/05/16 06:40:00",#R018834_001_RAMP_F,18.50688,0,0,"2019/05/16 06:00:26",,"2019/05/16 00:00:00",1,9.25394
D,P5MIN,CONSTRAINTSOLUTION,6,"2019/05/16 06:05:00",0,"2019/05/16 06:40:00",#R018834_001_RAMP_V,9.25394,-97.99665,0,"2019/05/16 06:00:26",,"2019/05/16 00:00:00",1,9.25394
D,P5MIN,CONSTRAINTSOLUTION,6,"2019/05/16 06:05:00",0,"2019/05/16 06:40:00",#R018836_001_RAMP_F,92,0,0,"2019/05/16 06:00:26",,"2019/05/16 00:00:00",1,-65
D,P5MIN,CONSTRAINTSOLUTION,6,"2019/05/16 06:05:00",0,"2019/05/16 06:40:00",#R018836_001_RAMP_V,92,0,0,"2019/05/16 06:00:26",,"2019/05/16 00:00:00",1,-65
D,P5MIN,CONSTRAINTSOLUTION,6,"2019/05/16 06:05:00",0,"2019/05/16 06:40:00",#R018836_002_RAMP_F,145,0,0,"2019/05/16 06:00:26",,"2019/05/16 00:00:00",1,65
D,P5MIN,CONSTRAINTSOLUTION,6,"2019/05/16 06:05:00",0,"2019/05/16 06:40:00",#R018836_002_RAMP_V,145,0,0,"2019/05/16 06:00:26",,"2019/05/16 00:00:00",1,65
D,P5MIN,CONSTRAINTSOLUTION,6,"2019/05/16 06:05:00",0,"2019/05/16 06:40:00",DATASNAP,10075.237,0,0,"2019/05/16 06:00:26",,"2018/04/13 00:00:00",1,-65
D,P5MIN,CONSTRAINTSOLUTION,6,"2019/05/16 06:05:00",0,"2019/05/16 06:40:00",DATASNAP_DFS_LS,10040.54472,0,0,"2019/05/16 06:00:26",,"2018/04/13 00:00:00",1,-65
D,P5MIN,CONSTRAINTSOLUTION,6,"2019/05/16 06:05:00",0,"2019/05/16 06:40:00",DATASNAP_DFS_NCAN,10422.86758,0,0,"2019/05/16 06:00:26",,"2013/08/21 00:00:00",1,-65
D,P5MIN,CONSTRAINTSOLUTION,6,"2019/05/16 06:05:00",0,"2019/05/16 06:40:00",DATASNAP_DFS_NCWEST,10491.93262,0,0,"2019/05/16 06:00:26",,"2013/08/21 00:00:00",1,-65
D,P5MIN,CONSTRAINTSOLUTION,6,"2019/05/16 06:05:00",0,"2019/05/16 06:40:00",DATASNAP_DFS_NNTH,10429.49515,0,0,"2019/05/16 06:00:26",,"2013/08/21 00:00:00",1,-65
D,P5MIN,CONSTRAINTSOLUTION,6,"2019/05/16 06:05:00",0,"2019/05/16 06:40:00",DATASNAP_DFS_NSYD,13053.99756,0,0,"2019/05/16 06:00:26",,"2013/08/21 00:00:00",1,-65
D,P5MIN,CONSTRAINTSOLUTION,6,"2019/05/16 06:05:00",0,"2019/05/16 06:40:00",DATASNAP_DFS_NTE,10016.5,0,0,"2019/05/16 06:00:26",,"2018/04/13 00:00:00",1,-65
D,P5MIN,CONSTRAINTSOLUTION,6,"2019/05/16 06:05:00",0,"2019/05/16 06:40:00",DATASNAP_DFS_QCEN,10719.8429,0,0,"2019/05/16 06:00:26",,"2013/08/21 00:00:00",1,-65
D,P5MIN,CONSTRAINTSOLUTION,6,"2019/05/16 06:05:00",0,"2019/05/16 06:40:00",DATASNAP_DFS_QCIND,10858.3009,0,0,"2019/05/16 06:00:26",,"2013/08/21 00:00:00",1,-65
D,P5MIN,CONSTRAINTSOLUTION,6,"2019/05/16 06:05:00",0,"2019/05/16 06:40:00",DATASNAP_DFS_QFNQ,10167.22055,0,0,"2019/05/16 06:00:26",,"2013/08/21 00:00:00",1,-65
D,P5MIN,CONSTRAINTSOLUTION,6,"2019/05/16 06:05:00",0,"2019/05/16 06:40:00",DATASNAP_DFS_QNTH,10612.99072,0,0,"2019/05/16 06:00:26",,"2013/08/21 00:00:00",1,-65
D,P5MIN,CONSTRAINTSOLUTION,6,"2019/05/16 06:05:00",0,"2019/05/16 06:40:00",DATASNAP_DFS_QSTHE,11788.17114,0,0,"2019/05/16 06:00:26",,"2013/08/21 00:00:00",1,-65
D,P5MIN,CONSTRAINTSOLUTION,6,"2019/05/16 06:05:00",0,"2019/05/16 06:40:00",DATASNAP_DFS_QSTHW,11721.88648,0,0,"2019/05/16 06:00:26",,"2013/08/21 00:00:00",1,-65
D,P5MIN,CONSTRAINTSOLUTION,6,"2019/05/16 06:05:00",0,"2019/05/16 06:40:00",DATASNAP_DFS_Q_BCCP,10733.14429,0,0,"2019/05/16 06:00:26",,"2015/12/16 00:00:00",1,-65
D,P5MIN,CONSTRAINTSOLUTION,6,"2019/05/16 06:05:00",0,"2019/05/16 06:40:00",DATASNAP_DFS_Q_BCRG,10781.61249,0,0,"2019/05/16 06:00:26",,"2015/12/16 00:00:00",1,-65
D,P5MIN,CONSTRAINTSOLUTION,6,"2019/05/16 06:05:00",0,"2019/05/16 06:40:00",DATASNAP_DFS_Q_CLST,10863.02783,0,0,"2019/05/16 06:00:26",,"2013/08/21 00:00:00",1,-65
D,P5MIN,CONSTRAINTSOLUTION,6,"2019/05/16 06:05:00",0,"2019/05/16 06:40:00",DATASNAP_DFS_Q_CLWU,10862.10803,0,0,"2019/05/16 06:00:26",,"2013/08/21 00:00:00",1,-65
D,P5MIN,CONSTRAINTSOLUTION,6,"2019/05/16 06:05:00",0,"2019/05/16 06:40:00",DATASNAP_DFS_Q_LCCP,10764.94641,0,0,"2019/05/16 06:00:26",,"2015/12/16 00:00:00",1,-65
D,P5MIN,CONSTRAINTSOLUTION,6,"2019/05/16 06:05:00",0,"2019/05/16 06:40:00",DATASNAP_DFS_Q_RGLC,10742.92328,0,0,"2019/05/16 06:00:26",,"2017/10/19 00:00:00",1,-65
D,P5MIN,CONSTRAINTSOLUTION,6,"2019/05/16 06:05:00",0,"2019/05/16 06:40:00",DATASNAP_DFS_Q_TAMR,10315.4393,0,0,"2019/05/16 06:00:26",,"2013/08/21 00:00:00",1,-65
D,P5MIN,CONSTRAINTSOLUTION,6,"2019/05/16 06:05:00",0,"2019/05/16 06:40:00",DATASNAP_DFS_Q_TAMR2,10315.4393,0,0,"2019/05/16 06:00:26",,"2017/10/19 00:00:00",1,-65
D,P5MIN,CONSTRAINTSOLUTION,6,"2019/05/16 06:05:00",0,"2019/05/16 06:40:00",DATASNAP_DFS_SADL,10645.47986,0,0,"2019/05/16 06:00:26",,"2013/08/21 00:00:00",1,-65
D,P5MIN,CONSTRAINTSOLUTION,6,"2019/05/16 06:05:00",0,"2019/05/16 06:40:00",DATASNAP_DFS_SNTH,10222.45367,0,0,"2019/05/16 06:00:26",,"2013/08/21 00:00:00",1,-65
D,P5MIN,CONSTRAINTSOLUTION,6,"2019/05/16 06:05:00",0,"2019/05/16 06:40:00",DATASNAP_DFS_SRIV,10036.63096,0,0,"2019/05/16 06:00:26",,"2013/08/21 00:00:00",1,-65
D,P5MIN,CONSTRAINTSOLUTION,6,"2019/05/16 06:05:00",0,"2019/05/16 06:40:00",DATASNAP_DFS_SSE,10072.76515,0,0,"2019/05/16 06:00:26",,"2013/08/21 00:00:00",1,-65
D,P5MIN,CONSTRAINTSOLUTION,6,"2019/05/16 06:05:00",0,"2019/05/16 06:40:00",DATASNAP_DFS_SWNSW,10683.52637,0,0,"2019/05/16 06:00:26",,"2018/04/13 00:00:00",1,-65
D,P5MIN,CONSTRAINTSOLUTION,6,"2019/05/16 06:05:00",0,"2019/05/16 06:40:00",DATASNAP_DFS_TNTH,10115.55936,0,0,"2019/05/16 06:00:26",,"2013/08/21 00:00:00",1,-65
D,P5MIN,CONSTRAINTSOLUTION,6,"2019/05/16 06:05:00",0,"2019/05/16 06:40:00",DATASNAP_DFS_TNWEST,10136.63858,0,0,"2019/05/16 06:00:26",,"2013/08/21 00:00:00",1,-65
D,P5MIN,CONSTRAINTSOLUTION,6,"2019/05/16 06:05:00",0,"2019/05/16 06:40:00",DATASNAP_DFS_TWCST,10062.04958,0,0,"2019/05/16 06:00:26",,"2013/08/21 00:00:00",1,-65
D,P5MIN,CONSTRAINTSOLUTION,6,"2019/05/16 06:05:00",0,"2019/05/16 06:40:00",DATASNAP_DFS_T_FASH1,10603.84314,0,0,"2019/05/16 06:00:26",,"2016/03/17 00:00:00",1,-65
D,P5MIN,CONSTRAINTSOLUTION,6,"2019/05/16 06:05:00",0,"2019/05/16 06:40:00",DATASNAP_DFS_T_GOCS1,10475.63501,0,0,"2019/05/16 06:00:26",,"2016/03/17 00:00:00",1,-65
D,P5MIN,CONSTRAINTSOLUTION,6,"2019/05/16 06:05:00",0,"2019/05/16 06:40:00",DATASNAP_DFS_T_HAGT1,10460.06867,0,0,"2019/05/16 06:00:26",,"2016/03/17 00:00:00",1,-65
D,P5MIN,CONSTRAINTSOLUTION,6,"2019/05/16 06:05:00",0,"2019/05/16 06:40:00",DATASNAP_DFS_T_PMHA1,10476.4953,0,0,"2019/05/16 06:00:26",,"2016/03/17 00:00:00",1,-65
D,P5MIN,CONSTRAINTSOLUTION,6,"2019/05/16 06:05:00",0,"2019/05/16 06:40:00",DATASNAP_DFS_T_PMHA3,10145.60226,0,0,"2019/05/16 06:00:26",,"2016/03/17 00:00:00",1,-65
D,P5MIN,CONSTRAINTSOLUTION,6,"2019/05/16 06:05:00",0,"2019/05/16 06:40:00",DATASNAP_DFS_T_SHGT,10517.61713,0,0,"2019/05/16 06:00:26",,"2013/08/21 00:00:00",1,-65
D,P5MIN,CONSTRAINTSOLUTION,6,"2019/05/16 06:05:00",0,"2019/05/16 06:40:00",DATASNAP_DFS_T_SHPM,10394.73419,0,0,"2019/05/16 06:00:26",,"2016/03/17 00:00:00",1,-65
D,P5MIN,CONSTRAINTSOLUTION,6,"2019/05/16 06:05:00",0,"2019/05/16 06:40:00",DATASNAP_DFS_T_TATU,10119.94269,0,0,"2019/05/16 06:00:26",,"2013/08/21 00:00:00",1,-65
D,P5MIN,CONSTRAINTSOLUTION,6,"2019/05/16 06:05:00",0,"2019/05/16 06:40:00",DATASNAP_DFS_T_WALE,10145.79652,0,0,"2019/05/16 06:00:26",,"2016/03/17 00:00:00",1,-65
D,P5MIN,CONSTRAINTSOLUTION,6,"2019/05/16 06:05:00",0,"2019/05/16 06:40:00",DATASNAP_DFS_VIC_SG,10717.1673,0,0,"2019/05/16 06:00:26",,"2018/04/13 00:00:00",1,-65
D,P5MIN,CONSTRAINTSOLUTION,6,"2019/05/16 06:05:00",0,"2019/05/16 06:40:00",DATASNAP_DFS_VMEL,13086.47705,0,0,"2019/05/16 06:00:26",,"2013/08/21 00:00:00",1,-65
D,P5MIN,CONSTRAINTSOLUTION,6,"2019/05/16 06:05:00",0,"2019/05/16 06:40:00",DATASNAP_DFS_V_BABE,10437.45743,0,0,"2019/05/16 06:00:26",,"2013/08/21 00:00:00",1,-65
D,P5MIN,CONSTRAINTSOLUTION,6,"2019/05/16 06:05:00",0,"2019/05/16 06:40:00",DATASNAP_PDID_1,10020,0,0,"2019/05/16 06:00:26",,"2018/04/13 00:00:00",1,-65
D,P5MIN,CONSTRAINTSOLUTION,6,"2019/05/16 06:05:00",0,"2019/05/16 06:40:00",DATASNAP_Q::NIL_CS,14344.55219,0,0,"2019/05/16 06:00:26",,"2018/09/17 00:00:00",2,3671.305
D,P5MIN,CONSTRAINTSOLUTION,6,"2019/05/16 06:05:00",0,"2019/05/16 06:40:00",DATASNAP_Q>NIL_BI_FB,10534.77702,0,0,"2019/05/16 06:00:26",,"2018/10/16 00:00:00",1,-65
D,P5MIN,CONSTRAINTSOLUTION,6,"2019/05/16 06:05:00",0,"2019/05/16 06:40:00",DATASNAP_TE_967_1,10016.5,0,0,"2019/05/16 06:00:26",,"2018/04/13 00:00:00",1,-65
D,P5MIN,CONSTRAINTSOLUTION,6,"2019/05/16 06:05:00",0,"2019/05/16 06:40:00",DATASNAP_T_PD_INER,10075.237,0,0,"2019/05/16 06:00:26",,"2018/04/13 00:00:00",1,-65
D,P5MIN,CONSTRAINTSOLUTION,6,"2019/05/16 06:05:00",0,"2019/05/16 06:40:00",DATASNAP_T_PD_INER2,10075.237,0,0,"2019/05/16 06:00:26",,"2018/04/13 00:00:00",1,-65
D,P5MIN,CONSTRAINTSOLUTION,6,"2019/05/16 06:05:00",0,"2019/05/16 06:40:00",DATA_MMS_ALERT1,10274,0,0,"2019/05/16 06:00:26",,"2013/08/21 00:00:00",1,-65
D,P5MIN,CONSTRAINTSOLUTION,6,"2019/05/16 06:05:00",0,"2019/05/16 06:40:00",DSANP_Q^^NIL_TR_CLHA,16672.76868,0,0,"2019/05/16 06:00:26",,"2018/01/10 00:00:00",1,3728.64471
D,P5MIN,CONSTRAINTSOLUTION,6,"2019/05/16 06:05:00",0,"2019/05/16 06:40:00",DSNAP_DFS_V_BABE_5M,10437.45743,0,0,"2019/05/16 06:00:26",,"2014/05/19 00:00:00",1,-65
D,P5MIN,CONSTRAINTSOLUTION,6,"2019/05/16 06:05:00",0,"2019/05/16 06:40:00",DSNAP_DFS_V_BAML,10547.03973,0,0,"2019/05/16 06:00:26",,"2014/05/19 00:00:00",1,-65
D,P5MIN,CONSTRAINTSOLUTION,6,"2019/05/16 06:05:00",0,"2019/05/16 06:40:00",DSNAP_DFS_V_BAML_5M,10612.92407,0,0,"2019/05/16 06:00:26",,"2014/05/19 00:00:00",1,-65
D,P5MIN,CONSTRAINTSOLUTION,6,"2019/05/16 06:05:00",0,"2019/05/16 06:40:00",DSNAP_DFS_V_DDMB,10596.1756,0,0,"2019/05/16 06:00:26",,"2014/05/19 00:00:00",1,-65
D,P5MIN,CONSTRAINTSOLUTION,6,"2019/05/16 06:05:00",0,"2019/05/16 06:40:00",DSNAP_DFS_V_DDMS,11405.73242,0,0,"2019/05/16 06:00:26",,"2019/01/29 00:00:00",1,-65
D,P5MIN,CONSTRAINTSOLUTION,6,"2019/05/16 06:05:00",0,"2019/05/16 06:40:00",DSNAP_DFS_V_DDSM,11177.79468,0,0,"2019/05/16 06:00:26",,"2014/05/19 00:00:00",1,-65
D,P5MIN,CONSTRAINTSOLUTION,6,"2019/05/16 06:05:00",0,"2019/05/16 06:40:00",DSNAP_DFS_V_NIL_3,12186.42602,0,0,"2019/05/16 06:00:26",,"2018/09/03 00:00:00",1,507.03622
D,P5MIN,CONSTRAINTSOLUTION,6,"2019/05/16 06:05:00",0,"2019/05/16 06:40:00",DSNAP_DFS_V_NIL_8,10739.00539,0,0,"2019/05/16 06:00:26",,"2018/09/03 00:00:00",1,-41.24658
D,P5MIN,CONSTRAINTSOLUTION,6,"2019/05/16 06:05:00",0,"2019/05/16 06:40:00",DSNAP_DFS_V_ROYP,10550.91681,0,0,"2019/05/16 06:00:26",,"2014/05/19 00:00:00",1,-65
D,P5MIN,CONSTRAINTSOLUTION,6,"2019/05/16 06:05:00",0,"2019/05/16 06:40:00",DSNAP_Q>>CPGG1_OUT,14097.45727,0,0,"2019/05/16 06:00:26",,"2018/08/24 00:00:00",1,-65
D,P5MIN,CONSTRAINTSOLUTION,6,"2019/05/16 06:05:00",0,"2019/05/16 06:40:00",DSNAP_Q>>GGWU_OUT_1,13057.74263,0,0,"2019/05/16 06:00:26",,"2018/06/27 00:00:00",1,-65
D,P5MIN,CONSTRAINTSOLUTION,6,"2019/05/16 06:05:00",0,"2019/05/16 06:40:00",DSNAP_Q>>GGWU_OUT_2,14076.81143,0,0,"2019/05/16 06:00:26",,"2018/07/19 00:00:00",1,-65
D,P5MIN,CONSTRAINTSOLUTION,6,"2019/05/16 06:05:00",0,"2019/05/16 06:40:00",DSNAP_Q>NIL_TV66,10410.96679,0,0,"2019/05/16 06:00:26",,"2018/08/17 00:00:00",2,0.001
D,P5MIN,CONSTRAINTSOLUTION,6,"2019/05/16 06:05:00",0,"2019/05/16 06:40:00",DSNAP_QNI_1100_DYN,11100,0,0,"2019/05/16 06:00:26",,"2019/03/11 00:00:00",1,514.17889
D,P5MIN,CONSTRAINTSOLUTION,6,"2019/05/16 06:05:00",0,"2019/05/16 06:40:00",DSNAP_QNI_1150_DYN,11150,0,0,"2019/05/16 06:00:26",,"2019/03/11 00:00:00",1,514.17889
D,P5MIN,CONSTRAINTSOLUTION,6,"2019/05/16 06:05:00",0,"2019/05/16 06:40:00",DSNAP_Q^CN_FDR-180,-10674.29447,0,0,"2019/05/16 06:00:26",,"2018/11/30 00:00:00",2,46.224
D,P5MIN,CONSTRAINTSOLUTION,6,"2019/05/16 06:05:00",0,"2019/05/16 06:40:00",DSNAP_Q^CN_FDR_CO_OP,-10390.71547,0,0,"2019/05/16 06:00:26",,"2018/11/30 00:00:00",2,374.09389
D,P5MIN,CONSTRAINTSOLUTION,6,"2019/05/16 06:05:00",0,"2019/05/16 06:40:00",DSNAP_Q^WOPW_WOSP_O,14202.83274,0,0,"2019/05/16 06:00:26",,"2019/05/01 00:00:00",1,3673.45806
D,P5MIN,CONSTRAINTSOLUTION,6,"2019/05/16 06:05:00",0,"2019/05/16 06:40:00",DSNAP_Q^^NIL_SRAR,10973.86409,0,0,"2019/05/16 06:00:26",,"2019/03/29 00:00:00",1,757.41097
D,P5MIN,CONSTRAINTSOLUTION,6,"2019/05/16 06:05:00",0,"2019/05/16 06:40:00",DSNAP_Q^^TR_CLHA,15231.06762,0,0,"2019/05/16 06:00:26",,"2018/01/12 00:00:00",1,2120.17648
D,P5MIN,CONSTRAINTSOLUTION,6,"2019/05/16 06:05:00",0,"2019/05/16 06:40:00",DSNAP_Q^^TR_TRBK,15537.78724,0,0,"2019/05/16 06:00:26",,"2018/01/12 00:00:00",1,2919.6995
D,P5MIN,CONSTRAINTSOLUTION,6,"2019/05/16 06:05:00",0,"2019/05/16 06:40:00",DSNAP_Q^^TR_TRBK_2,16064.74024,0,0,"2019/05/16 06:00:26",,"2018/12/12 00:00:00",1,3961.47427
D,P5MIN,CONSTRAINTSOLUTION,6,"2019/05/16 06:05:00",0,"2019/05/16 06:40:00",DSNAP_Q_TR_2000,14520.49967,0,0,"2019/05/16 06:00:26",,"2018/12/24 00:00:00",1,4546.80934
D,P5MIN,CONSTRAINTSOLUTION,6,"2019/05/16 06:05:00",0,"2019/05/16 06:40:00",DSNAP_S:VS_650_DYN,10650,0,0,"2019/05/16 06:00:26",,"2019/03/11 00:00:00",1,141.77518
D,P5MIN,CONSTRAINTSOLUTION,6,"2019/05/16 06:05:00",0,"2019/05/16 06:40:00",DSNAP_S:VS_700_DYN,10700,0,0,"2019/05/16 06:00:26",,"2019/03/11 00:00:00",1,141.77518
D,P5MIN,CONSTRAINTSOLUTION,6,"2019/05/16 06:05:00",0,"2019/05/16 06:40:00",DSNAP_S:V_500_DYN,10500,0,0,"2019/05/16 06:00:26",,"2019/03/11 00:00:00",1,132.77518
D,P5MIN,CONSTRAINTSOLUTION,6,"2019/05/16 06:05:00",0,"2019/05/16 06:40:00",DSNAP_S:V_550_DYN,10550,0,0,"2019/05/16 06:00:26",,"2019/03/11 00:00:00",1,132.77518
D,P5MIN,CONSTRAINTSOLUTION,6,"2019/05/16 06:05:00",0,"2019/05/16 06:40:00",DSNAP_S>V_460_DYN,10460,0,0,"2019/05/16 06:00:26",,"2019/03/11 00:00:00",1,132.77518
D,P5MIN,CONSTRAINTSOLUTION,6,"2019/05/16 06:05:00",0,"2019/05/16 06:40:00",DSNAP_SA_UNITS_ON,10010,0,0,"2019/05/16 06:00:26",,"2016/05/16 00:00:00",1,-65
D,P5MIN,CONSTRAINTSOLUTION,6,"2019/05/16 06:05:00",0,"2019/05/16 06:40:00",DSNAP_SNIL_1,10660.07794,0,0,"2019/05/16 06:00:26",,"2016/04/11 00:00:00",1,130.60222
D,P5MIN,CONSTRAINTSOLUTION,6,"2019/05/16 06:05:00",0,"2019/05/16 06:40:00",DSNAP_SNIL_2,10670.73269,0,0,"2019/05/16 06:00:26",,"2016/04/11 00:00:00",1,-130.51168
D,P5MIN,CONSTRAINTSOLUTION,6,"2019/05/16 06:05:00",0,"2019/05/16 06:40:00",DSNAP_SNIL_3,20643.77227,0,0,"2019/05/16 06:00:26",,"2016/04/11 00:00:00",1,-129.99862
D,P5MIN,CONSTRAINTSOLUTION,6,"2019/05/16 06:05:00",0,"2019/05/16 06:40:00",DSNAP_SNIL_4,20725.30827,0,0,"2019/05/16 06:00:26",,"2016/04/11 00:00:00",1,-129.727
D,P5MIN,CONSTRAINTSOLUTION,6,"2019/05/16 06:05:00",0,"2019/05/16 06:40:00",DSNAP_SNIL_5,10639.91123,0,0,"2019/05/16 06:00:26",,"2016/04/11 00:00:00",1,-130.39096
D,P5MIN,CONSTRAINTSOLUTION,6,"2019/05/16 06:05:00",0,"2019/05/16 06:40:00",DSNAP_SNIL_6,10776.51438,0,0,"2019/05/16 06:00:26",,"2016/04/11 00:00:00",1,-129.727
D,P5MIN,CONSTRAINTSOLUTION,6,"2019/05/16 06:05:00",0,"2019/05/16 06:40:00",DSNAP_SNIL_7,20580.48063,0,0,"2019/05/16 06:00:26",,"2016/04/11 00:00:00",1,-130.51168
D,P5MIN,CONSTRAINTSOLUTION,6,"2019/05/16 06:05:00",0,"2019/05/16 06:40:00",DSNAP_SNIL_8,20764.30753,0,0,"2019/05/16 06:00:26",,"2016/04/11 00:00:00",1,-129.99862
D,P5MIN,CONSTRAINTSOLUTION,6,"2019/05/16 06:05:00",0,"2019/05/16 06:40:00",DSNAP_SNIL_9,10789.40572,0,0,"2019/05/16 06:00:26",,"2016/04/11 00:00:00",1,-129.99862
D,P5MIN,CONSTRAINTSOLUTION,6,"2019/05/16 06:05:00",0,"2019/05/16 06:40:00",DSNAP_SNIL_TBTU_TBMO,10230.34592,0,0,"2019/05/16 06:00:26",,"2015/06/29 00:00:00",2,-65
D,P5MIN,CONSTRAINTSOLUTION,6,"2019/05/16 06:05:00",0,"2019/05/16 06:40:00",DSNAP_SV_250_DYN,10250,0,0,"2019/05/16 06:00:26",,"2019/03/11 00:00:00",1,132.77518
D,P5MIN,CONSTRAINTSOLUTION,6,"2019/05/16 06:05:00",0,"2019/05/16 06:40:00",DSNAP_S_NOTI_NOTI_3,10139.58484,0,0,"2019/05/16 06:00:26",,"2014/02/24 00:00:00",1,-65
D,P5MIN,CONSTRAINTSOLUTION,6,"2019/05/16 06:05:00",0,"2019/05/16 06:40:00",DSNAP_S_SETX_SETX,10296.8586,0,0,"2019/05/16 06:00:26",,"2014/02/17 00:00:00",1,-65
D,P5MIN,CONSTRAINTSOLUTION,6,"2019/05/16 06:05:00",0,"2019/05/16 06:40:00",DSNAP_S_V_000_DYN,9975,0,0,"2019/05/16 06:00:26",,"2019/03/11 00:00:00",1,132.77518
D,P5MIN,CONSTRAINTSOLUTION,6,"2019/05/16 06:05:00",0,"2019/05/16 06:40:00",DSNAP_T_NIL_BL_6,10138.34555,0,0,"2019/05/16 06:00:26",,"2017/07/21 00:00:00",1,-126.78338
D,P5MIN,CONSTRAINTSOLUTION,6,"2019/05/16 06:05:00",0,"2019/05/16 06:40:00",DSNAP_V:SS_650_DYN,10650,0,0,"2019/05/16 06:00:26",,"2019/03/11 00:00:00",1,-141.77518
D,P5MIN,CONSTRAINTSOLUTION,6,"2019/05/16 06:05:00",0,"2019/05/16 06:40:00",DSNAP_V:SS_720_DYN,10720,0,0,"2019/05/16 06:00:26",,"2019/03/11 00:00:00",1,-141.77518
D,P5MIN,CONSTRAINTSOLUTION,6,"2019/05/16 06:05:00",0,"2019/05/16 06:40:00",DSNAP_V:SS_790_DYN,10790,0,0,"2019/05/16 06:00:26",,"2019/03/11 00:00:00",1,-141.77518
D,P5MIN,CONSTRAINTSOLUTION,6,"2019/05/16 06:05:00",0,"2019/05/16 06:40:00",DSNAP_V:SS_820_DYN,10820,0,0,"2019/05/16 06:00:26",,"2019/03/11 00:00:00",1,-141.77518
D,P5MIN,CONSTRAINTSOLUTION,6,"2019/05/16 06:05:00",0,"2019/05/16 06:40:00",DSNAP_V:SS_850_DYN,10850,0,0,"2019/05/16 06:00:26",,"2019/03/11 00:00:00",1,-141.77518
D,P5MIN,CONSTRAINTSOLUTION,6,"2019/05/16 06:05:00",0,"2019/05/16 06:40:00",DSNAP_V:SS_870_DYN,10870,0,0,"2019/05/16 06:00:26",,"2019/03/11 00:00:00",1,-141.77518
D,P5MIN,CONSTRAINTSOLUTION,6,"2019/05/16 06:05:00",0,"2019/05/16 06:40:00",DSNAP_V:S_500_DYN,10500,0,0,"2019/05/16 06:00:26",,"2019/03/11 00:00:00",1,-132.77518
D,P5MIN,CONSTRAINTSOLUTION,6,"2019/05/16 06:05:00",0,"2019/05/16 06:40:00",DSNAP_V:S_570_DYN,10570,0,0,"2019/05/16 06:00:26",,"2019/03/11 00:00:00",1,-132.77518
D,P5MIN,CONSTRAINTSOLUTION,6,"2019/05/16 06:05:00",0,"2019/05/16 06:40:00",DSNAP_V:S_600_DYN,10600,0,0,"2019/05/16 06:00:26",,"2019/03/11 00:00:00",1,-132.77518
D,P5MIN,CONSTRAINTSOLUTION,6,"2019/05/16 06:05:00",0,"2019/05/16 06:40:00",DSNAP_V:S_650_DYN,10650,0,0,"2019/05/16 06:00:26",,"2019/03/11 00:00:00",1,-132.77518
D,P5MIN,CONSTRAINTSOLUTION,6,"2019/05/16 06:05:00",0,"2019/05/16 06:40:00",DSNAP_V>>V_NIL_1A,12003.98964,0,0,"2019/05/16 06:00:26",,"2019/01/29 00:00:00",1,441.53855
D,P5MIN,CONSTRAINTSOLUTION,6,"2019/05/16 06:05:00",0,"2019/05/16 06:40:00",DSNAP_V>>V_NIL_1C,11958.12297,0,0,"2019/05/16 06:00:26",,"2019/01/23 00:00:00",1,441.53855
D,P5MIN,CONSTRAINTSOLUTION,6,"2019/05/16 06:05:00",0,"2019/05/16 06:40:00",DSNAP_V>>V_NIL_1D,11961.42713,0,0,"2019/05/16 06:00:26",,"2019/01/23 00:00:00",1,441.53855
D,P5MIN,CONSTRAINTSOLUTION,6,"2019/05/16 06:05:00",0,"2019/05/16 06:40:00",DSNAP_V>S_460_DYN,10460,0,0,"2019/05/16 06:00:26",,"2019/03/11 00:00:00",1,-132.77518
D,P5MIN,CONSTRAINTSOLUTION,6,"2019/05/16 06:05:00",0,"2019/05/16 06:40:00",DSNAP_V>V_NIL_7,11050.49978,0,0,"2019/05/16 06:00:26",,"2019/01/24 00:00:00",1,32
D,P5MIN,CONSTRAINTSOLUTION,6,"2019/05/16 06:05:00",0,"2019/05/16 06:40:00",DSNAP_VS_250_DYN,10250,0,0,"2019/05/16 06:00:26",,"2019/03/11 00:00:00",1,-132.77518
D,P5MIN,CONSTRAINTSOLUTION,6,"2019/05/16 06:05:00",0,"2019/05/16 06:40:00",F_I+LREG_0120,120,0,0,"2019/05/16 06:00:26",,"2013/08/21 00:00:00",1,190
D,P5MIN,CONSTRAINTSOLUTION,6,"2019/05/16 06:05:00",0,"2019/05/16 06:40:00",F_I+LREG_0190,190,12.31,0,"2019/05/16 06:00:26",,"2019/04/16 00:00:00",1,190
D,P5MIN,CONSTRAINTSOLUTION,6,"2019/05/16 06:05:00",0,"2019/05/16 06:40:00",F_I+ML_L5_0400,300.05834,0,0,"2019/05/16 06:00:26",,"2013/08/21 00:00:00",1,393.36
D,P5MIN,CONSTRAINTSOLUTION,6,"2019/05/16 06:05:00",0,"2019/05/16 06:40:00",F_I+ML_L60_0400,29.95848,0,0,"2019/05/16 06:00:26",,"2013/08/21 00:00:00",1,123.26
D,P5MIN,CONSTRAINTSOLUTION,6,"2019/05/16 06:05:00",0,"2019/05/16 06:40:00",F_I+ML_L6_0400,29.95848,0.01,0,"2019/05/16 06:00:26",,"2013/08/21 00:00:00",1,29.96
D,P5MIN,CONSTRAINTSOLUTION,6,"2019/05/16 06:05:00",0,"2019/05/16 06:40:00",F_I+NIL_APD_TL_L5,393.35833,0.19,0,"2019/05/16 06:00:26",,"2014/03/03 00:00:00",1,393.36
D,P5MIN,CONSTRAINTSOLUTION,6,"2019/05/16 06:05:00",0,"2019/05/16 06:40:00",F_I+NIL_APD_TL_L6,-197.57951,0,0,"2019/05/16 06:00:26",,"2014/03/03 00:00:00",1,29.96
D,P5MIN,CONSTRAINTSOLUTION,6,"2019/05/16 06:05:00",0,"2019/05/16 06:40:00",F_I+NIL_APD_TL_L60,123.25847,0.05,0,"2019/05/16 06:00:26",,"2014/03/03 00:00:00",1,123.26
D,P5MIN,CONSTRAINTSOLUTION,6,"2019/05/16 06:05:00",0,"2019/05/16 06:40:00",F_I+NIL_BB_TG_R5,-99.94166,0,0,"2019/05/16 06:00:26",,"2013/08/21 00:00:00",1,670.16
D,P5MIN,CONSTRAINTSOLUTION,6,"2019/05/16 06:05:00",0,"2019/05/16 06:40:00",F_I+NIL_BB_TG_R6,-690.8795,0,0,"2019/05/16 06:00:26",,"2013/08/21 00:00:00",1,443.67
D,P5MIN,CONSTRAINTSOLUTION,6,"2019/05/16 06:05:00",0,"2019/05/16 06:40:00",F_I+NIL_BB_TG_R60,-370.04152,0,0,"2019/05/16 06:00:26",,"2013/08/21 00:00:00",1,459.09
D,P5MIN,CONSTRAINTSOLUTION,6,"2019/05/16 06:05:00",0,"2019/05/16 06:40:00",F_I+NIL_MG_R5,649.88559,0,0,"2019/05/16 06:00:26",,"2013/08/21 00:00:00",1,670.16
D,P5MIN,CONSTRAINTSOLUTION,6,"2019/05/16 06:05:00",0,"2019/05/16 06:40:00",F_I+NIL_MG_R6,379.95848,0,0,"2019/05/16 06:00:26",,"2013/08/21 00:00:00",1,443.67
D,P5MIN,CONSTRAINTSOLUTION,6,"2019/05/16 06:05:00",0,"2019/05/16 06:40:00",F_I+NIL_MG_R60,379.95848,0,0,"2019/05/16 06:00:26",,"2013/08/21 00:00:00",1,459.09
D,P5MIN,CONSTRAINTSOLUTION,6,"2019/05/16 06:05:00",0,"2019/05/16 06:40:00",F_I+NIL_RREG,130,0,0,"2019/05/16 06:00:26",,"2018/12/12 00:00:00",1,200
D,P5MIN,CONSTRAINTSOLUTION,6,"2019/05/16 06:05:00",0,"2019/05/16 06:40:00",F_I+NIL_WF_TG_R5,-80.54909,0,0,"2019/05/16 06:00:26",,"2013/08/21 00:00:00",1,670.16
D,P5MIN,CONSTRAINTSOLUTION,6,"2019/05/16 06:05:00",0,"2019/05/16 06:40:00",F_I+NIL_WF_TG_R6,-690.8795,0,0,"2019/05/16 06:00:26",,"2013/08/21 00:00:00",1,443.67
D,P5MIN,CONSTRAINTSOLUTION,6,"2019/05/16 06:05:00",0,"2019/05/16 06:40:00",F_I+NIL_WF_TG_R60,-370.04152,0,0,"2019/05/16 06:00:26",,"2013/08/21 00:00:00",1,459.09
D,P5MIN,CONSTRAINTSOLUTION,6,"2019/05/16 06:05:00",0,"2019/05/16 06:40:00",F_I+RREG_0200,200,12.5,0,"2019/05/16 06:00:26",,"2013/08/21 00:00:00",1,200
D,P5MIN,CONSTRAINTSOLUTION,6,"2019/05/16 06:05:00",0,"2019/05/16 06:40:00",F_I+WIP_N-2_ML_L5,-99.94166,0,0,"2019/05/16 06:00:26",,"2017/05/16 00:00:00",1,393.36
D,P5MIN,CONSTRAINTSOLUTION,6,"2019/05/16 06:05:00",0,"2019/05/16 06:40:00",F_I+WIP_N-2_ML_L6,-370.04152,0,0,"2019/05/16 06:00:26",,"2017/05/16 00:00:00",1,29.96
D,P5MIN,CONSTRAINTSOLUTION,6,"2019/05/16 06:05:00",0,"2019/05/16 06:40:00",F_I+WIP_N-2_ML_L60,-370.04152,0,0,"2019/05/16 06:00:26",,"2017/05/16 00:00:00",1,123.26
D,P5MIN,CONSTRAINTSOLUTION,6,"2019/05/16 06:05:00",0,"2019/05/16 06:40:00",F_I+WIV_N-2_MG_R5,-100.11441,0,0,"2019/05/16 06:00:26",,"2017/05/16 00:00:00",1,670.16
D,P5MIN,CONSTRAINTSOLUTION,6,"2019/05/16 06:05:00",0,"2019/05/16 06:40:00",F_I+WIV_N-2_MG_R6,-370.04152,0,0,"2019/05/16 06:00:26",,"2017/05/16 00:00:00",1,443.67
D,P5MIN,CONSTRAINTSOLUTION,6,"2019/05/16 06:05:00",0,"2019/05/16 06:40:00",F_I+WIV_N-2_MG_R60,-370.04152,0,0,"2019/05/16 06:00:26",,"2017/05/16 00:00:00",1,459.09
D,P5MIN,CONSTRAINTSOLUTION,6,"2019/05/16 06:05:00",0,"2019/05/16 06:40:00",F_MAIN++APD_TL_L5,-80.95141,0,0,"2019/05/16 06:00:26",,"2014/03/03 00:00:00",1,222.19797
D,P5MIN,CONSTRAINTSOLUTION,6,"2019/05/16 06:05:00",0,"2019/05/16 06:40:00",F_MAIN++APD_TL_L6,-626.37596,0,0,"2019/05/16 06:00:26",,"2014/03/03 00:00:00",1,-67.20203
D,P5MIN,CONSTRAINTSOLUTION,6,"2019/05/16 06:05:00",0,"2019/05/16 06:40:00",F_MAIN++APD_TL_L60,-305.53799,0,0,"2019/05/16 06:00:26",,"2014/03/03 00:00:00",1,17.37797
D,P5MIN,CONSTRAINTSOLUTION,6,"2019/05/16 06:05:00",0,"2019/05/16 06:40:00",F_MAIN++LREG_0120,-358,0,0,"2019/05/16 06:00:26",,"2013/08/21 00:00:00",1,48.83797
D,P5MIN,CONSTRAINTSOLUTION,6,"2019/05/16 06:05:00",0,"2019/05/16 06:40:00",F_MAIN++LREG_0190,-288,0,0,"2019/05/16 06:00:26",,"2019/04/16 00:00:00",1,48.83797
D,P5MIN,CONSTRAINTSOLUTION,6,"2019/05/16 06:05:00",0,"2019/05/16 06:40:00",F_MAIN++ML_L5_0400,-174.25139,0,0,"2019/05/16 06:00:26",,"2013/08/21 00:00:00",1,222.19797
D,P5MIN,CONSTRAINTSOLUTION,6,"2019/05/16 06:05:00",0,"2019/05/16 06:40:00",F_MAIN++ML_L60_0400,-398.83798,0,0,"2019/05/16 06:00:26",,"2013/08/21 00:00:00",1,17.37797
D,P5MIN,CONSTRAINTSOLUTION,6,"2019/05/16 06:05:00",0,"2019/05/16 06:40:00",F_MAIN++ML_L6_0400,-398.83798,0,0,"2019/05/16 06:00:26",,"2013/08/21 00:00:00",1,-67.20203
D,P5MIN,CONSTRAINTSOLUTION,6,"2019/05/16 06:05:00",0,"2019/05/16 06:40:00",F_MAIN++NIL_BL_L5,-226.25139,0,0,"2019/05/16 06:00:26",,"2013/08/21 00:00:00",1,222.19797
D,P5MIN,CONSTRAINTSOLUTION,6,"2019/05/16 06:05:00",0,"2019/05/16 06:40:00",F_MAIN++NIL_BL_L6,-641.67595,0,0,"2019/05/16 06:00:26",,"2013/08/21 00:00:00",1,-67.20203
D,P5MIN,CONSTRAINTSOLUTION,6,"2019/05/16 06:05:00",0,"2019/05/16 06:40:00",F_MAIN++NIL_BL_L60,-320.83798,0,0,"2019/05/16 06:00:26",,"2013/08/21 00:00:00",1,17.37797
D,P5MIN,CONSTRAINTSOLUTION,6,"2019/05/16 06:05:00",0,"2019/05/16 06:40:00",F_MAIN++NIL_BL_R5,-10226.25139,0,0,"2019/05/16 06:00:26",,"2013/08/21 00:00:00",1,703.75203
D,P5MIN,CONSTRAINTSOLUTION,6,"2019/05/16 06:05:00",0,"2019/05/16 06:40:00",F_MAIN++NIL_BL_R6,-10641.67595,0,0,"2019/05/16 06:00:26",,"2013/08/21 00:00:00",1,479.16203
D,P5MIN,CONSTRAINTSOLUTION,6,"2019/05/16 06:05:00",0,"2019/05/16 06:40:00",F_MAIN++NIL_BL_R60,-10320.83798,0,0,"2019/05/16 06:00:26",,"2013/08/21 00:00:00",1,479.16203
D,P5MIN,CONSTRAINTSOLUTION,6,"2019/05/16 06:05:00",0,"2019/05/16 06:40:00",F_MAIN++NIL_MG_R5,703.74861,2,0,"2019/05/16 06:00:26",,"2013/08/21 00:00:00",1,703.75203
D,P5MIN,CONSTRAINTSOLUTION,6,"2019/05/16 06:05:00",0,"2019/05/16 06:40:00",F_MAIN++NIL_MG_R6,479.16203,6.73969,0,"2019/05/16 06:00:26",,"2013/08/21 00:00:00",1,479.16203
D,P5MIN,CONSTRAINTSOLUTION,6,"2019/05/16 06:05:00",0,"2019/05/16 06:40:00",F_MAIN++NIL_MG_R60,479.16203,5.89,0,"2019/05/16 06:00:26",,"2013/08/21 00:00:00",1,479.16203
D,P5MIN,CONSTRAINTSOLUTION,6,"2019/05/16 06:05:00",0,"2019/05/16 06:40:00",F_MAIN++NIL_RREG,180,0,0,"2019/05/16 06:00:26",,"2018/12/12 00:00:00",1,250.00203
D,P5MIN,CONSTRAINTSOLUTION,6,"2019/05/16 06:05:00",0,"2019/05/16 06:40:00",F_MAIN++RREG_0200,250,5.5,0,"2019/05/16 06:00:26",,"2013/08/21 00:00:00",1,250.00203
D,P5MIN,CONSTRAINTSOLUTION,6,"2019/05/16 06:05:00",0,"2019/05/16 06:40:00",F_MAIN++WIPN-2_MLL60,-798.83798,0,0,"2019/05/16 06:00:26",,"2017/05/16 00:00:00",1,17.37797
D,P5MIN,CONSTRAINTSOLUTION,6,"2019/05/16 06:05:00",0,"2019/05/16 06:40:00",F_MAIN++WIP_N-2_MLL5,-574.25139,0,0,"2019/05/16 06:00:26",,"2017/05/16 00:00:00",1,222.19797
D,P5MIN,CONSTRAINTSOLUTION,6,"2019/05/16 06:05:00",0,"2019/05/16 06:40:00",F_MAIN++WIP_N-2_MLL6,-798.83798,0,0,"2019/05/16 06:00:26",,"2017/05/16 00:00:00",1,-67.20203
D,P5MIN,CONSTRAINTSOLUTION,6,"2019/05/16 06:05:00",0,"2019/05/16 06:40:00",F_MAIN++WIVN-2_MGR60,-270.83798,0,0,"2019/05/16 06:00:26",,"2017/05/16 00:00:00",1,479.16203
D,P5MIN,CONSTRAINTSOLUTION,6,"2019/05/16 06:05:00",0,"2019/05/16 06:40:00",F_MAIN++WIV_N-2_MGR5,-46.25139,0,0,"2019/05/16 06:00:26",,"2017/05/16 00:00:00",1,703.75203
D,P5MIN,CONSTRAINTSOLUTION,6,"2019/05/16 06:05:00",0,"2019/05/16 06:40:00",F_MAIN++WIV_N-2_MGR6,-270.83798,0,0,"2019/05/16 06:00:26",,"2017/05/16 00:00:00",1,479.16203
D,P5MIN,CONSTRAINTSOLUTION,6,"2019/05/16 06:05:00",0,"2019/05/16 06:40:00",F_MAIN+APD_TL_L5,-9602.95141,0,0,"2019/05/16 06:00:26",,"2014/03/03 00:00:00",1,319.36
D,P5MIN,CONSTRAINTSOLUTION,6,"2019/05/16 06:05:00",0,"2019/05/16 06:40:00",F_MAIN+APD_TL_L6,-10148.37596,0,0,"2019/05/16 06:00:26",,"2014/03/03 00:00:00",1,29.96
D,P5MIN,CONSTRAINTSOLUTION,6,"2019/05/16 06:05:00",0,"2019/05/16 06:40:00",F_MAIN+APD_TL_L60,-9827.53799,0,0,"2019/05/16 06:00:26",,"2014/03/03 00:00:00",1,114.54
D,P5MIN,CONSTRAINTSOLUTION,6,"2019/05/16 06:05:00",0,"2019/05/16 06:40:00",F_MAIN+BLFCTRL_L5,-56.25139,0,0,"2019/05/16 06:00:26",,"2014/07/01 00:00:00",1,319.36
D,P5MIN,CONSTRAINTSOLUTION,6,"2019/05/16 06:05:00",0,"2019/05/16 06:40:00",F_MAIN+BLFCTRL_L6,-280.83798,0,0,"2019/05/16 06:00:26",,"2014/07/01 00:00:00",1,29.96
D,P5MIN,CONSTRAINTSOLUTION,6,"2019/05/16 06:05:00",0,"2019/05/16 06:40:00",F_MAIN+BLFCTRL_L60,-280.83798,0,0,"2019/05/16 06:00:26",,"2014/07/01 00:00:00",1,114.54
D,P5MIN,CONSTRAINTSOLUTION,6,"2019/05/16 06:05:00",0,"2019/05/16 06:40:00",F_MAIN+BLFCTRL_R5,53.74861,0,0,"2019/05/16 06:00:26",,"2014/07/01 00:00:00",1,606.59
D,P5MIN,CONSTRAINTSOLUTION,6,"2019/05/16 06:05:00",0,"2019/05/16 06:40:00",F_MAIN+BLFCTRL_R6,-170.83798,0,0,"2019/05/16 06:00:26",,"2014/07/01 00:00:00",1,382
D,P5MIN,CONSTRAINTSOLUTION,6,"2019/05/16 06:05:00",0,"2019/05/16 06:40:00",F_MAIN+BLFCTRL_R60,-170.83798,0,0,"2019/05/16 06:00:26",,"2014/07/01 00:00:00",1,382
D,P5MIN,CONSTRAINTSOLUTION,6,"2019/05/16 06:05:00",0,"2019/05/16 06:40:00",F_MAIN+LREG_0120,-9880,0,0,"2019/05/16 06:00:26",,"2013/08/21 00:00:00",1,146
D,P5MIN,CONSTRAINTSOLUTION,6,"2019/05/16 06:05:00",0,"2019/05/16 06:40:00",F_MAIN+LREG_0190,-9810,0,0,"2019/05/16 06:00:26",,"2019/04/16 00:00:00",1,146
D,P5MIN,CONSTRAINTSOLUTION,6,"2019/05/16 06:05:00",0,"2019/05/16 06:40:00",F_MAIN+ML_L5_0400,-9696.25139,0,0,"2019/05/16 06:00:26",,"2013/08/21 00:00:00",1,319.36
D,P5MIN,CONSTRAINTSOLUTION,6,"2019/05/16 06:05:00",0,"2019/05/16 06:40:00",F_MAIN+ML_L60_0400,-9920.83798,0,0,"2019/05/16 06:00:26",,"2013/08/21 00:00:00",1,114.54
D,P5MIN,CONSTRAINTSOLUTION,6,"2019/05/16 06:05:00",0,"2019/05/16 06:40:00",F_MAIN+ML_L6_0400,-9920.83798,0,0,"2019/05/16 06:00:26",,"2013/08/21 00:00:00",1,29.96
D,P5MIN,CONSTRAINTSOLUTION,6,"2019/05/16 06:05:00",0,"2019/05/16 06:40:00",F_MAIN+NIL_DYN_LREG,0,0,0,"2019/05/16 06:00:26",,"2019/03/22 00:00:00",2,146
D,P5MIN,CONSTRAINTSOLUTION,6,"2019/05/16 06:05:00",0,"2019/05/16 06:40:00",F_MAIN+NIL_DYN_RREG,0,0,0,"2019/05/16 06:00:26",,"2019/03/22 00:00:00",2,152.84
D,P5MIN,CONSTRAINTSOLUTION,6,"2019/05/16 06:05:00",0,"2019/05/16 06:40:00",F_MAIN+NIL_MG_R5,-9346.25139,0,0,"2019/05/16 06:00:26",,"2013/08/21 00:00:00",1,606.59
D,P5MIN,CONSTRAINTSOLUTION,6,"2019/05/16 06:05:00",0,"2019/05/16 06:40:00",F_MAIN+NIL_MG_R6,-9570.83798,0,0,"2019/05/16 06:00:26",,"2013/08/21 00:00:00",1,382
D,P5MIN,CONSTRAINTSOLUTION,6,"2019/05/16 06:05:00",0,"2019/05/16 06:40:00",F_MAIN+NIL_MG_R60,-9570.83798,0,0,"2019/05/16 06:00:26",,"2013/08/21 00:00:00",1,382
D,P5MIN,CONSTRAINTSOLUTION,6,"2019/05/16 06:05:00",0,"2019/05/16 06:40:00",F_MAIN+NIL_RREG,-9870,0,0,"2019/05/16 06:00:26",,"2018/12/12 00:00:00",1,152.84
D,P5MIN,CONSTRAINTSOLUTION,6,"2019/05/16 06:05:00",0,"2019/05/16 06:40:00",F_MAIN+RREG_0200,-9800,0,0,"2019/05/16 06:00:26",,"2013/08/21 00:00:00",1,152.84
D,P5MIN,CONSTRAINTSOLUTION,6,"2019/05/16 06:05:00",0,"2019/05/16 06:40:00",F_MAIN+TASCAP_LREG,70,0,0,"2019/05/16 06:00:26",,"2019/01/11 00:00:00",1,146
D,P5MIN,CONSTRAINTSOLUTION,6,"2019/05/16 06:05:00",0,"2019/05/16 06:40:00",F_MAIN+TASCAP_RREG,80,0,0,"2019/05/16 06:00:26",,"2019/01/11 00:00:00",1,152.84
D,P5MIN,CONSTRAINTSOLUTION,6,"2019/05/16 06:05:00",0,"2019/05/16 06:40:00",F_MAIN+WIP_N-2_MLL60,-10320.83798,0,0,"2019/05/16 06:00:26",,"2017/05/16 00:00:00",1,114.54
D,P5MIN,CONSTRAINTSOLUTION,6,"2019/05/16 06:05:00",0,"2019/05/16 06:40:00",F_MAIN+WIP_N-2_ML_L5,-10096.25139,0,0,"2019/05/16 06:00:26",,"2017/05/16 00:00:00",1,319.36
D,P5MIN,CONSTRAINTSOLUTION,6,"2019/05/16 06:05:00",0,"2019/05/16 06:40:00",F_MAIN+WIP_N-2_ML_L6,-10320.83798,0,0,"2019/05/16 06:00:26",,"2017/05/16 00:00:00",1,29.96
D,P5MIN,CONSTRAINTSOLUTION,6,"2019/05/16 06:05:00",0,"2019/05/16 06:40:00",F_MAIN+WIV_N-2_MGR60,-10320.83798,0,0,"2019/05/16 06:00:26",,"2017/05/16 00:00:00",1,382
D,P5MIN,CONSTRAINTSOLUTION,6,"2019/05/16 06:05:00",0,"2019/05/16 06:40:00",F_MAIN+WIV_N-2_MG_R5,-10096.25139,0,0,"2019/05/16 06:00:26",,"2017/05/16 00:00:00",1,606.59
D,P5MIN,CONSTRAINTSOLUTION,6,"2019/05/16 06:05:00",0,"2019/05/16 06:40:00",F_MAIN+WIV_N-2_MG_R6,-10320.83798,0,0,"2019/05/16 06:00:26",,"2017/05/16 00:00:00",1,382
D,P5MIN,CONSTRAINTSOLUTION,6,"2019/05/16 06:05:00",0,"2019/05/16 06:40:00",F_Q++NIL_R5,1360,0,0,"2019/05/16 06:00:26",,"2013/10/02 00:00:00",1,630.01889
D,P5MIN,CONSTRAINTSOLUTION,6,"2019/05/16 06:05:00",0,"2019/05/16 06:40:00",F_Q++NIL_R6,1360,0,0,"2019/05/16 06:00:26",,"2013/10/02 00:00:00",1,593.17889
D,P5MIN,CONSTRAINTSOLUTION,6,"2019/05/16 06:05:00",0,"2019/05/16 06:40:00",F_Q++NIL_R60,1360,0,0,"2019/05/16 06:00:26",,"2013/10/02 00:00:00",1,567.17889
D,P5MIN,CONSTRAINTSOLUTION,6,"2019/05/16 06:05:00",0,"2019/05/16 06:40:00",F_Q_W/HOE_R5,10000,0,0,"2019/05/16 06:00:26",,"2017/05/17 00:00:00",1,60
D,P5MIN,CONSTRAINTSOLUTION,6,"2019/05/16 06:05:00",0,"2019/05/16 06:40:00",F_Q_W/HOE_R60,10000,0,0,"2019/05/16 06:00:26",,"2017/05/17 00:00:00",1,0
D,P5MIN,CONSTRAINTSOLUTION,6,"2019/05/16 06:05:00",0,"2019/05/16 06:40:00",F_S+NIL_HPR_G+L_LREG,300000,0,0,"2019/05/16 06:00:26",,"2017/11/13 00:00:00",1,40
D,P5MIN,CONSTRAINTSOLUTION,6,"2019/05/16 06:05:00",0,"2019/05/16 06:40:00",F_S+NIL_HPR_G+L_RREG,300000,0,0,"2019/05/16 06:00:26",,"2017/11/13 00:00:00",1,30
D,P5MIN,CONSTRAINTSOLUTION,6,"2019/05/16 06:05:00",0,"2019/05/16 06:40:00",F_T++LREG_0050,100,0,0,"2019/05/16 06:00:26",,"2015/01/29 00:00:00",1,141.16203
D,P5MIN,CONSTRAINTSOLUTION,6,"2019/05/16 06:05:00",0,"2019/05/16 06:40:00",F_T++NIL_BB_TG_R5,-10053.81404,0,0,"2019/05/16 06:00:26",,"2016/04/12 00:00:00",1,-33.59203
D,P5MIN,CONSTRAINTSOLUTION,6,"2019/05/16 06:05:00",0,"2019/05/16 06:40:00",F_T++NIL_BB_TG_R6,-10162.67611,0,0,"2019/05/16 06:00:26",,"2016/04/12 00:00:00",1,-35.49203
D,P5MIN,CONSTRAINTSOLUTION,6,"2019/05/16 06:05:00",0,"2019/05/16 06:40:00",F_T++NIL_BB_TG_R60,-9984.64123,0,0,"2019/05/16 06:00:26",,"2016/04/12 00:00:00",1,-20.07203
D,P5MIN,CONSTRAINTSOLUTION,6,"2019/05/16 06:05:00",0,"2019/05/16 06:40:00",F_T++NIL_BLSPS_L5,-20000.0001,0,0,"2019/05/16 06:00:26",,"2013/08/21 00:00:00",1,165.87447
D,P5MIN,CONSTRAINTSOLUTION,6,"2019/05/16 06:05:00",0,"2019/05/16 06:40:00",F_T++NIL_BLSPS_L60_1,-20000.0001,0,0,"2019/05/16 06:00:26",,"2013/08/21 00:00:00",1,123.97651
D,P5MIN,CONSTRAINTSOLUTION,6,"2019/05/16 06:05:00",0,"2019/05/16 06:40:00",F_T++NIL_BLSPS_L60_2,-20000.0001,0,0,"2019/05/16 06:00:26",,"2013/08/21 00:00:00",1,296.8676
D,P5MIN,CONSTRAINTSOLUTION,6,"2019/05/16 06:05:00",0,"2019/05/16 06:40:00",F_T++NIL_BLSPS_L60_3,-20000.0001,0,0,"2019/05/16 06:00:26",,"2013/08/21 00:00:00",1,507.00478
D,P5MIN,CONSTRAINTSOLUTION,6,"2019/05/16 06:05:00",0,"2019/05/16 06:40:00",F_T++NIL_BLSPS_L60_4,-20000.0001,0,0,"2019/05/16 06:00:26",,"2013/08/21 00:00:00",1,804.73353
D,P5MIN,CONSTRAINTSOLUTION,6,"2019/05/16 06:05:00",0,"2019/05/16 06:40:00",F_T++NIL_BLSPS_L6_1,-20000.0001,0,0,"2019/05/16 06:00:26",,"2013/08/21 00:00:00",1,83.88775
D,P5MIN,CONSTRAINTSOLUTION,6,"2019/05/16 06:05:00",0,"2019/05/16 06:40:00",F_T++NIL_BLSPS_L6_2,-20000.0001,0,0,"2019/05/16 06:00:26",,"2013/08/21 00:00:00",1,203.262
D,P5MIN,CONSTRAINTSOLUTION,6,"2019/05/16 06:05:00",0,"2019/05/16 06:40:00",F_T++NIL_BLSPS_L6_3,-20000.0001,0,0,"2019/05/16 06:00:26",,"2013/08/21 00:00:00",1,365.15045
D,P5MIN,CONSTRAINTSOLUTION,6,"2019/05/16 06:05:00",0,"2019/05/16 06:40:00",F_T++NIL_BLSPS_L6_4,-20000.0001,0,0,"2019/05/16 06:00:26",,"2013/08/21 00:00:00",1,601.83133
D,P5MIN,CONSTRAINTSOLUTION,6,"2019/05/16 06:05:00",0,"2019/05/16 06:40:00",F_T++NIL_BLSPS_R5,-10000.0001,0,0,"2019/05/16 06:00:26",,"2013/08/21 00:00:00",1,-22.63993
D,P5MIN,CONSTRAINTSOLUTION,6,"2019/05/16 06:05:00",0,"2019/05/16 06:40:00",F_T++NIL_BLSPS_R60_1,-10000.0001,0,0,"2019/05/16 06:00:26",,"2013/08/21 00:00:00",1,-40.99782
D,P5MIN,CONSTRAINTSOLUTION,6,"2019/05/16 06:05:00",0,"2019/05/16 06:40:00",F_T++NIL_BLSPS_R60_2,-10000.0001,0,0,"2019/05/16 06:00:26",,"2013/08/21 00:00:00",1,-118.22123
D,P5MIN,CONSTRAINTSOLUTION,6,"2019/05/16 06:05:00",0,"2019/05/16 06:40:00",F_T++NIL_BLSPS_R60_3,-10000.0001,0,0,"2019/05/16 06:00:26",,"2013/08/21 00:00:00",1,-195.21145
D,P5MIN,CONSTRAINTSOLUTION,6,"2019/05/16 06:05:00",0,"2019/05/16 06:40:00",F_T++NIL_BLSPS_R60_4,-10000.0001,0,0,"2019/05/16 06:00:26",,"2013/08/21 00:00:00",1,-311.8875
D,P5MIN,CONSTRAINTSOLUTION,6,"2019/05/16 06:05:00",0,"2019/05/16 06:40:00",F_T++NIL_BLSPS_R6_1,-10000.0001,0,0,"2019/05/16 06:00:26",,"2013/08/21 00:00:00",1,-34.65158
D,P5MIN,CONSTRAINTSOLUTION,6,"2019/05/16 06:05:00",0,"2019/05/16 06:40:00",F_T++NIL_BLSPS_R6_2,-10000.0001,0,0,"2019/05/16 06:00:26",,"2013/08/21 00:00:00",1,-111.78074
D,P5MIN,CONSTRAINTSOLUTION,6,"2019/05/16 06:05:00",0,"2019/05/16 06:40:00",F_T++NIL_BLSPS_R6_3,-10000.0001,0,0,"2019/05/16 06:00:26",,"2013/08/21 00:00:00",1,-184.1888
D,P5MIN,CONSTRAINTSOLUTION,6,"2019/05/16 06:05:00",0,"2019/05/16 06:40:00",F_T++NIL_BLSPS_R6_4,-10000.0001,0,0,"2019/05/16 06:00:26",,"2013/08/21 00:00:00",1,-249.60702
D,P5MIN,CONSTRAINTSOLUTION,6,"2019/05/16 06:05:00",0,"2019/05/16 06:40:00",F_T++NIL_MG_R5,-9937.29372,0,0,"2019/05/16 06:00:26",,"2016/04/12 00:00:00",1,-33.59203
D,P5MIN,CONSTRAINTSOLUTION,6,"2019/05/16 06:05:00",0,"2019/05/16 06:40:00",F_T++NIL_MG_R6,-9988.01253,0,0,"2019/05/16 06:00:26",,"2016/04/12 00:00:00",1,-35.49203
D,P5MIN,CONSTRAINTSOLUTION,6,"2019/05/16 06:05:00",0,"2019/05/16 06:40:00",F_T++NIL_MG_R60,-9896.77594,0,0,"2019/05/16 06:00:26",,"2016/04/12 00:00:00",1,-20.07203
D,P5MIN,CONSTRAINTSOLUTION,6,"2019/05/16 06:05:00",0,"2019/05/16 06:40:00",F_T++NIL_MG_RECL_R5,-9949.73229,0,0,"2019/05/16 06:00:26",,"2016/12/02 00:00:00",1,-33.59203
D,P5MIN,CONSTRAINTSOLUTION,6,"2019/05/16 06:05:00",0,"2019/05/16 06:40:00",F_T++NIL_MG_RECL_R6,-10004.98588,0,0,"2019/05/16 06:00:26",,"2016/12/02 00:00:00",1,-35.49203
D,P5MIN,CONSTRAINTSOLUTION,6,"2019/05/16 06:05:00",0,"2019/05/16 06:40:00",F_T++NIL_MG_RECL_R60,-9906.60417,0,0,"2019/05/16 06:00:26",,"2016/12/02 00:00:00",1,-20.07203
D,P5MIN,CONSTRAINTSOLUTION,6,"2019/05/16 06:05:00",0,"2019/05/16 06:40:00",F_T++NIL_ML_L5,100.13953,0,0,"2019/05/16 06:00:26",,"2016/04/12 00:00:00",1,171.16203
D,P5MIN,CONSTRAINTSOLUTION,6,"2019/05/16 06:05:00",0,"2019/05/16 06:40:00",F_T++NIL_ML_L6,85.14518,0,0,"2019/05/16 06:00:26",,"2016/04/12 00:00:00",1,97.16203
D,P5MIN,CONSTRAINTSOLUTION,6,"2019/05/16 06:05:00",0,"2019/05/16 06:40:00",F_T++NIL_ML_L60,105.54478,0,0,"2019/05/16 06:00:26",,"2016/04/12 00:00:00",1,105.88203
D,P5MIN,CONSTRAINTSOLUTION,6,"2019/05/16 06:05:00",0,"2019/05/16 06:40:00",F_T++NIL_TL_L5_DS,-9833.03418,0,0,"2019/05/16 06:00:26",,"2016/10/25 00:00:00",1,171.16203
D,P5MIN,CONSTRAINTSOLUTION,6,"2019/05/16 06:05:00",0,"2019/05/16 06:40:00",F_T++NIL_TL_L60_DS,-9832.42498,0,0,"2019/05/16 06:00:26",,"2016/10/25 00:00:00",1,105.88203
D,P5MIN,CONSTRAINTSOLUTION,6,"2019/05/16 06:05:00",0,"2019/05/16 06:40:00",F_T++NIL_TL_L6_DS,-9824.67846,0,0,"2019/05/16 06:00:26",,"2016/10/25 00:00:00",1,97.16203
D,P5MIN,CONSTRAINTSOLUTION,6,"2019/05/16 06:05:00",0,"2019/05/16 06:40:00",F_T++NIL_WF_TG_R5,-10030.04913,0,0,"2019/05/16 06:00:26",,"2016/04/12 00:00:00",1,-33.59203
D,P5MIN,CONSTRAINTSOLUTION,6,"2019/05/16 06:05:00",0,"2019/05/16 06:40:00",F_T++NIL_WF_TG_R6,-10131.02573,0,0,"2019/05/16 06:00:26",,"2016/04/12 00:00:00",1,-35.49203
D,P5MIN,CONSTRAINTSOLUTION,6,"2019/05/16 06:05:00",0,"2019/05/16 06:40:00",F_T++NIL_WF_TG_R60,-9965.27784,0,0,"2019/05/16 06:00:26",,"2016/04/12 00:00:00",1,-20.07203
D,P5MIN,CONSTRAINTSOLUTION,6,"2019/05/16 06:05:00",0,"2019/05/16 06:40:00",F_T++RREG_0050,-428,0,0,"2019/05/16 06:00:26",,"2015/01/29 00:00:00",1,-50.00203
D,P5MIN,CONSTRAINTSOLUTION,6,"2019/05/16 06:05:00",0,"2019/05/16 06:40:00",F_T+LREG_0050,-9950,0,0,"2019/05/16 06:00:26",,"2015/01/29 00:00:00",1,44
D,P5MIN,CONSTRAINTSOLUTION,6,"2019/05/16 06:05:00",0,"2019/05/16 06:40:00",F_T+NIL_BB_TG_R5,-49.9999,0,0,"2019/05/16 06:00:26",,"2016/04/12 00:00:00",1,63.57
D,P5MIN,CONSTRAINTSOLUTION,6,"2019/05/16 06:05:00",0,"2019/05/16 06:40:00",F_T+NIL_BB_TG_R6,0.0001,0,0,"2019/05/16 06:00:26",,"2016/04/12 00:00:00",1,61.67
D,P5MIN,CONSTRAINTSOLUTION,6,"2019/05/16 06:05:00",0,"2019/05/16 06:40:00",F_T+NIL_BB_TG_R60,0.0001,0,0,"2019/05/16 06:00:26",,"2016/04/12 00:00:00",1,77.09
D,P5MIN,CONSTRAINTSOLUTION,6,"2019/05/16 06:05:00",0,"2019/05/16 06:40:00",F_T+NIL_MG_R5,63.57223,2,0,"2019/05/16 06:00:26",,"2016/04/12 00:00:00",1,63.57
D,P5MIN,CONSTRAINTSOLUTION,6,"2019/05/16 06:05:00",0,"2019/05/16 06:40:00",F_T+NIL_MG_R6,61.66973,0.49,0,"2019/05/16 06:00:26",,"2016/04/12 00:00:00",1,61.67
D,P5MIN,CONSTRAINTSOLUTION,6,"2019/05/16 06:05:00",0,"2019/05/16 06:40:00",F_T+NIL_MG_R60,77.08714,4,0,"2019/05/16 06:00:26",,"2016/04/12 00:00:00",1,77.09
D,P5MIN,CONSTRAINTSOLUTION,6,"2019/05/16 06:05:00",0,"2019/05/16 06:40:00",F_T+NIL_MG_RECL_R5,51.85029,0,0,"2019/05/16 06:00:26",,"2016/12/02 00:00:00",1,63.57
D,P5MIN,CONSTRAINTSOLUTION,6,"2019/05/16 06:05:00",0,"2019/05/16 06:40:00",F_T+NIL_MG_RECL_R6,48.66846,0,0,"2019/05/16 06:00:26",,"2016/12/02 00:00:00",1,61.67
D,P5MIN,CONSTRAINTSOLUTION,6,"2019/05/16 06:05:00",0,"2019/05/16 06:40:00",F_T+NIL_MG_RECL_R60,60.83555,0,0,"2019/05/16 06:00:26",,"2016/12/02 00:00:00",1,77.09
D,P5MIN,CONSTRAINTSOLUTION,6,"2019/05/16 06:05:00",0,"2019/05/16 06:40:00",F_T+NIL_ML_L5,-9935.535,0,0,"2019/05/16 06:00:26",,"2016/04/12 00:00:00",1,74
D,P5MIN,CONSTRAINTSOLUTION,6,"2019/05/16 06:05:00",0,"2019/05/16 06:40:00",F_T+NIL_ML_L6,-9939.87486,0,0,"2019/05/16 06:00:26",,"2016/04/12 00:00:00",1,0
D,P5MIN,CONSTRAINTSOLUTION,6,"2019/05/16 06:05:00",0,"2019/05/16 06:40:00",F_T+NIL_ML_L60,-9924.84357,0,0,"2019/05/16 06:00:26",,"2016/04/12 00:00:00",1,8.72
D,P5MIN,CONSTRAINTSOLUTION,6,"2019/05/16 06:05:00",0,"2019/05/16 06:40:00",F_T+NIL_TL_L5_DS,-19883.99803,0,0,"2019/05/16 06:00:26",,"2016/10/25 00:00:00",1,74
D,P5MIN,CONSTRAINTSOLUTION,6,"2019/05/16 06:05:00",0,"2019/05/16 06:40:00",F_T+NIL_TL_L60_DS,-19859.5363,0,0,"2019/05/16 06:00:26",,"2016/10/25 00:00:00",1,8.72
D,P5MIN,CONSTRAINTSOLUTION,6,"2019/05/16 06:05:00",0,"2019/05/16 06:40:00",F_T+NIL_TL_L6_DS,-19887.62904,0,0,"2019/05/16 06:00:26",,"2016/10/25 00:00:00",1,0
D,P5MIN,CONSTRAINTSOLUTION,6,"2019/05/16 06:05:00",0,"2019/05/16 06:40:00",F_T+NIL_WF_TG_R5,-30.60733,0,0,"2019/05/16 06:00:26",,"2016/04/12 00:00:00",1,63.57
D,P5MIN,CONSTRAINTSOLUTION,6,"2019/05/16 06:05:00",0,"2019/05/16 06:40:00",F_T+NIL_WF_TG_R6,0.0001,0,0,"2019/05/16 06:00:26",,"2016/04/12 00:00:00",1,61.67
D,P5MIN,CONSTRAINTSOLUTION,6,"2019/05/16 06:05:00",0,"2019/05/16 06:40:00",F_T+NIL_WF_TG_R60,0.0001,0,0,"2019/05/16 06:00:26",,"2016/04/12 00:00:00",1,77.09
D,P5MIN,CONSTRAINTSOLUTION,6,"2019/05/16 06:05:00",0,"2019/05/16 06:40:00",F_T+RREG_0050,-9950,0,0,"2019/05/16 06:00:26",,"2015/01/29 00:00:00",1,47.16
D,P5MIN,CONSTRAINTSOLUTION,6,"2019/05/16 06:05:00",0,"2019/05/16 06:40:00",F_TASCAP_LREG_0190,140,0,0,"2019/05/16 06:00:26",,"2019/04/16 00:00:00",1,146
D,P5MIN,CONSTRAINTSOLUTION,6,"2019/05/16 06:05:00",0,"2019/05/16 06:40:00",F_TASCAP_RREG_0200,150,0,0,"2019/05/16 06:00:26",,"2019/03/18 00:00:00",1,152.84
D,P5MIN,CONSTRAINTSOLUTION,6,"2019/05/16 06:05:00",0,"2019/05/16 06:40:00",F_T_NIL_MINP_R6,35,0.96,0,"2019/05/16 06:00:26",,"2018/04/30 00:00:00",1,35.00027
D,P5MIN,CONSTRAINTSOLUTION,6,"2019/05/16 06:05:00",0,"2019/05/16 06:40:00",N::Q_BWLD_KC,1278.22008,0,0,"2019/05/16 06:00:26",,"2018/01/19 00:00:00",1,354.59661
D,P5MIN,CONSTRAINTSOLUTION,6,"2019/05/16 06:05:00",0,"2019/05/16 06:40:00",N::Q_BWLD_LDMU,709.96089,0,0,"2019/05/16 06:00:26",,"2018/01/19 00:00:00",1,-686.80289
D,P5MIN,CONSTRAINTSOLUTION,6,"2019/05/16 06:05:00",0,"2019/05/16 06:40:00",N::Q_BWLD_LDTW,624.81607,0,0,"2019/05/16 06:00:26",,"2018/01/19 00:00:00",1,-690.24789
D,P5MIN,CONSTRAINTSOLUTION,6,"2019/05/16 06:05:00",0,"2019/05/16 06:40:00",N::Q_BWLD_TNT,1314.83946,0,0,"2019/05/16 06:00:26",,"2018/01/19 00:00:00",1,23.98861
D,P5MIN,CONSTRAINTSOLUTION,6,"2019/05/16 06:05:00",0,"2019/05/16 06:40:00",N::Q_NIL_KC,1358.22008,0,0,"2019/05/16 06:00:26",,"2017/12/06 00:00:00",1,354.59661
D,P5MIN,CONSTRAINTSOLUTION,6,"2019/05/16 06:05:00",0,"2019/05/16 06:40:00",N::Q_NIL_LDMU,789.96089,0,0,"2019/05/16 06:00:26",,"2017/12/06 00:00:00",1,-686.80289
D,P5MIN,CONSTRAINTSOLUTION,6,"2019/05/16 06:05:00",0,"2019/05/16 06:40:00",N::Q_NIL_LDTW,704.81607,0,0,"2019/05/16 06:00:26",,"2017/12/06 00:00:00",1,-690.24789
D,P5MIN,CONSTRAINTSOLUTION,6,"2019/05/16 06:05:00",0,"2019/05/16 06:40:00",N::Q_NIL_TNT,1394.83946,0,0,"2019/05/16 06:00:26",,"2017/12/06 00:00:00",1,23.98861
D,P5MIN,CONSTRAINTSOLUTION,6,"2019/05/16 06:05:00",0,"2019/05/16 06:40:00",N::V_NIL_BWSW,1510.59418,0,0,"2019/05/16 06:00:26",,"2018/06/26 00:00:00",1,-155.75819
D,P5MIN,CONSTRAINTSOLUTION,6,"2019/05/16 06:05:00",0,"2019/05/16 06:40:00",N::V_NIL_MSDD,1462.35786,0,0,"2019/05/16 06:00:26",,"2018/06/26 00:00:00",1,-107.21142
D,P5MIN,CONSTRAINTSOLUTION,6,"2019/05/16 06:05:00",0,"2019/05/16 06:40:00",N::V_NIL_UTMS,1645.97441,0,0,"2019/05/16 06:00:26",,"2018/06/26 00:00:00",1,-155.75819
D,P5MIN,CONSTRAINTSOLUTION,6,"2019/05/16 06:05:00",0,"2019/05/16 06:40:00",N:V_NIL_BWRG,1209.41923,0,0,"2019/05/16 06:00:26",,"2018/06/26 00:00:00",1,-155.75819
D,P5MIN,CONSTRAINTSOLUTION,6,"2019/05/16 06:05:00",0,"2019/05/16 06:40:00",N:V_NIL_BYYS,1631.99549,0,0,"2019/05/16 06:00:26",,"2018/06/26 00:00:00",1,-155.75819
D,P5MIN,CONSTRAINTSOLUTION,6,"2019/05/16 06:05:00",0,"2019/05/16 06:40:00",N>>N-BWLD_ONE_A,1207.32272,0,0,"2019/05/16 06:00:26",,"2019/03/04 00:00:00",1,-1328.55155
D,P5MIN,CONSTRAINTSOLUTION,6,"2019/05/16 06:05:00",0,"2019/05/16 06:40:00",N>>N-BWLD_ONE_B,2864.80419,0,0,"2019/05/16 06:00:26",,"2019/03/04 00:00:00",1,1328.55155
D,P5MIN,CONSTRAINTSOLUTION,6,"2019/05/16 06:05:00",0,"2019/05/16 06:40:00",N>>N-BWLD_ONE_C,1860.24855,0,0,"2019/05/16 06:00:26",,"2019/03/04 00:00:00",1,-861.65219
D,P5MIN,CONSTRAINTSOLUTION,6,"2019/05/16 06:05:00",0,"2019/05/16 06:40:00",N>>N-BWLD_ONE_D,2638.87099,0,0,"2019/05/16 06:00:26",,"2019/03/04 00:00:00",1,1398.50222
D,P5MIN,CONSTRAINTSOLUTION,6,"2019/05/16 06:05:00",0,"2019/05/16 06:40:00",N>>N-BWLD_ONE_E,2695.47668,0,0,"2019/05/16 06:00:26",,"2019/03/04 00:00:00",1,1389.06219
D,P5MIN,CONSTRAINTSOLUTION,6,"2019/05/16 06:05:00",0,"2019/05/16 06:40:00",N>>N-BYSW_A1_15M,3697.57558,0,0,"2019/05/16 06:00:26",,"2019/03/04 00:00:00",1,562.84773
D,P5MIN,CONSTRAINTSOLUTION,6,"2019/05/16 06:05:00",0,"2019/05/16 06:40:00",N>>N-BYSW_A2_15M,1252.89993,0,0,"2019/05/16 06:00:26",,"2019/03/04 00:00:00",1,-562.84773
D,P5MIN,CONSTRAINTSOLUTION,6,"2019/05/16 06:05:00",0,"2019/05/16 06:40:00",N>>N-BYSW_B,3700.92028,0,0,"2019/05/16 06:00:26",,"2019/03/04 00:00:00",1,1410.92123
D,P5MIN,CONSTRAINTSOLUTION,6,"2019/05/16 06:05:00",0,"2019/05/16 06:40:00",N>>N-BYSW_C,3902.94514,0,0,"2019/05/16 06:00:26",,"2019/03/04 00:00:00",1,2107.5487
D,P5MIN,CONSTRAINTSOLUTION,6,"2019/05/16 06:05:00",0,"2019/05/16 06:40:00",N>>N-BYSW_G1_15M,3899.89613,0,0,"2019/05/16 06:00:26",,"2019/03/04 00:00:00",1,562.75154
D,P5MIN,CONSTRAINTSOLUTION,6,"2019/05/16 06:05:00",0,"2019/05/16 06:40:00",N>>N-BYSW_G2_15M,1534.65462,0,0,"2019/05/16 06:00:26",,"2019/03/04 00:00:00",1,-562.75154
D,P5MIN,CONSTRAINTSOLUTION,6,"2019/05/16 06:05:00",0,"2019/05/16 06:40:00",N>>N-BYSW_H_15M,3899.64869,0,0,"2019/05/16 06:00:26",,"2019/03/04 00:00:00",1,562.75154
D,P5MIN,CONSTRAINTSOLUTION,6,"2019/05/16 06:05:00",0,"2019/05/16 06:40:00",N>>N-BYSW_J,3748.54776,0,0,"2019/05/16 06:00:26",,"2019/03/04 00:00:00",1,1419.52201
D,P5MIN,CONSTRAINTSOLUTION,6,"2019/05/16 06:05:00",0,"2019/05/16 06:40:00",N>>N-BYSW_K,3600.59452,0,0,"2019/05/16 06:00:26",,"2019/03/04 00:00:00",1,1177.14483
D,P5MIN,CONSTRAINTSOLUTION,6,"2019/05/16 06:05:00",0,"2019/05/16 06:40:00",N>>N-KC_TX_01,2973.50118,0,0,"2019/05/16 06:00:26",,"2019/03/04 00:00:00",1,2575.13611
D,P5MIN,CONSTRAINTSOLUTION,6,"2019/05/16 06:05:00",0,"2019/05/16 06:40:00",N>>N-KC_TX_02,3897.56621,0,0,"2019/05/16 06:00:26",,"2019/03/04 00:00:00",1,2875.78645
D,P5MIN,CONSTRAINTSOLUTION,6,"2019/05/16 06:05:00",0,"2019/05/16 06:40:00",N>>N-KC_TX_03,3893.46798,0,0,"2019/05/16 06:00:26",,"2019/03/04 00:00:00",1,2917.02657
D,P5MIN,CONSTRAINTSOLUTION,6,"2019/05/16 06:05:00",0,"2019/05/16 06:40:00",N>>N-KC_TX_05,3911.71643,0,0,"2019/05/16 06:00:26",,"2019/03/04 00:00:00",1,2764.03645
D,P5MIN,CONSTRAINTSOLUTION,6,"2019/05/16 06:05:00",0,"2019/05/16 06:40:00",N>>N-KC_TX_06,3831.50328,0,0,"2019/05/16 06:00:26",,"2019/03/04 00:00:00",1,3170.28243
D,P5MIN,CONSTRAINTSOLUTION,6,"2019/05/16 06:05:00",0,"2019/05/16 06:40:00",N>>N-NIL_01N,2209.45008,0,0,"2019/05/16 06:00:26",,"2019/03/01 00:00:00",1,283.8242
D,P5MIN,CONSTRAINTSOLUTION,6,"2019/05/16 06:05:00",0,"2019/05/16 06:40:00",N>>N-NIL_01S,559.35896,0,0,"2019/05/16 06:00:26",,"2019/03/01 00:00:00",1,-283.8242
D,P5MIN,CONSTRAINTSOLUTION,6,"2019/05/16 06:05:00",0,"2019/05/16 06:40:00",N>>N-NIL_03,558.75252,0,0,"2019/05/16 06:00:26",,"2019/03/01 00:00:00",1,-283.8242
D,P5MIN,CONSTRAINTSOLUTION,6,"2019/05/16 06:05:00",0,"2019/05/16 06:40:00",N>>N-NIL_17N,3961.46663,0,0,"2019/05/16 06:00:26",,"2019/03/01 00:00:00",1,559.01624
D,P5MIN,CONSTRAINTSOLUTION,6,"2019/05/16 06:05:00",0,"2019/05/16 06:40:00",N>>N-NIL_17S,1500.62281,0,0,"2019/05/16 06:00:26",,"2019/03/01 00:00:00",1,-559.01624
D,P5MIN,CONSTRAINTSOLUTION,6,"2019/05/16 06:05:00",0,"2019/05/16 06:40:00",N>>N-NIL_1A,1309.58557,0,0,"2019/05/16 06:00:26",,"2019/02/28 00:00:00",1,-1349.6493
D,P5MIN,CONSTRAINTSOLUTION,6,"2019/05/16 06:05:00",0,"2019/05/16 06:40:00",N>>N-NIL_1E_OPENED,5920.34737,0,0,"2019/05/16 06:00:26",,"2019/02/28 00:00:00",1,1529.46002
D,P5MIN,CONSTRAINTSOLUTION,6,"2019/05/16 06:05:00",0,"2019/05/16 06:40:00",N>>N-NIL_1G,4592.16043,0,0,"2019/05/16 06:00:26",,"2019/02/28 00:00:00",1,3491.49241
D,P5MIN,CONSTRAINTSOLUTION,6,"2019/05/16 06:05:00",0,"2019/05/16 06:40:00",N>>N-NIL_1N_OPENED,6532.07516,0,0,"2019/05/16 06:00:26",,"2019/02/28 00:00:00",1,1524.18438
D,P5MIN,CONSTRAINTSOLUTION,6,"2019/05/16 06:05:00",0,"2019/05/16 06:40:00",N>>N-NIL_1O,7056.03434,0,0,"2019/05/16 06:00:26",,"2019/02/28 00:00:00",1,2120.68981
D,P5MIN,CONSTRAINTSOLUTION,6,"2019/05/16 06:05:00",0,"2019/05/16 06:40:00",N>>N-NIL_1R,4442.64764,0,0,"2019/05/16 06:00:26",,"2019/02/28 00:00:00",1,3218.87525
D,P5MIN,CONSTRAINTSOLUTION,6,"2019/05/16 06:05:00",0,"2019/05/16 06:40:00",N>>N-NIL_1S,6879.72924,0,0,"2019/05/16 06:00:26",,"2019/02/28 00:00:00",1,1532.7494
D,P5MIN,CONSTRAINTSOLUTION,6,"2019/05/16 06:05:00",0,"2019/05/16 06:40:00",N>>N-NIL_1T,8083.88009,0,0,"2019/05/16 06:00:26",,"2019/02/28 00:00:00",1,1520.30269
D,P5MIN,CONSTRAINTSOLUTION,6,"2019/05/16 06:05:00",0,"2019/05/16 06:40:00",N>>N-NIL_1WN,3753.9028,0,0,"2019/05/16 06:00:26",,"2019/03/01 00:00:00",1,559.61352
D,P5MIN,CONSTRAINTSOLUTION,6,"2019/05/16 06:05:00",0,"2019/05/16 06:40:00",N>>N-NIL_1WS,1228.8235,0,0,"2019/05/16 06:00:26",,"2019/03/01 00:00:00",1,-559.61352
D,P5MIN,CONSTRAINTSOLUTION,6,"2019/05/16 06:05:00",0,"2019/05/16 06:40:00",N>>N-NIL_1XN,3701.49192,0,0,"2019/05/16 06:00:26",,"2019/03/01 00:00:00",1,559.61487
D,P5MIN,CONSTRAINTSOLUTION,6,"2019/05/16 06:05:00",0,"2019/05/16 06:40:00",N>>N-NIL_1XS,1175.92754,0,0,"2019/05/16 06:00:26",,"2019/03/01 00:00:00",1,-559.61487
D,P5MIN,CONSTRAINTSOLUTION,6,"2019/05/16 06:05:00",0,"2019/05/16 06:40:00",N>>N-NIL_1Y,3961.7731,0,0,"2019/05/16 06:00:26",,"2019/03/01 00:00:00",1,559.01437
D,P5MIN,CONSTRAINTSOLUTION,6,"2019/05/16 06:05:00",0,"2019/05/16 06:40:00",N>>N-NIL_1YS,1501.10665,0,0,"2019/05/16 06:00:26",,"2019/03/01 00:00:00",1,-559.01437
D,P5MIN,CONSTRAINTSOLUTION,6,"2019/05/16 06:05:00",0,"2019/05/16 06:40:00",N>>N-NIL_1Z,4066.79159,0,0,"2019/05/16 06:00:26",,"2019/03/01 00:00:00",1,559.01437
D,P5MIN,CONSTRAINTSOLUTION,6,"2019/05/16 06:05:00",0,"2019/05/16 06:40:00",N>>N-NIL_1ZS,1606.64618,0,0,"2019/05/16 06:00:26",,"2019/03/01 00:00:00",1,-559.01437
D,P5MIN,CONSTRAINTSOLUTION,6,"2019/05/16 06:05:00",0,"2019/05/16 06:40:00",N>>N-NIL_23N,4066.51354,0,0,"2019/05/16 06:00:26",,"2019/03/01 00:00:00",1,559.01437
D,P5MIN,CONSTRAINTSOLUTION,6,"2019/05/16 06:05:00",0,"2019/05/16 06:40:00",N>>N-NIL_23S,1642.45249,0,0,"2019/05/16 06:00:26",,"2019/01/11 00:00:00",1,-558.97678
D,P5MIN,CONSTRAINTSOLUTION,6,"2019/05/16 06:05:00",0,"2019/05/16 06:40:00",N>>N-NIL_28,4337.51125,0,0,"2019/05/16 06:00:26",,"2019/02/28 00:00:00",1,963.57451
D,P5MIN,CONSTRAINTSOLUTION,6,"2019/05/16 06:05:00",0,"2019/05/16 06:40:00",N>>N-NIL_29N,3755.00537,0,0,"2019/05/16 06:00:26",,"2019/03/01 00:00:00",1,529.29254
D,P5MIN,CONSTRAINTSOLUTION,6,"2019/05/16 06:05:00",0,"2019/05/16 06:40:00",N>>N-NIL_29S,1093.0855,0,0,"2019/05/16 06:00:26",,"2019/03/01 00:00:00",1,-567.44997
D,P5MIN,CONSTRAINTSOLUTION,6,"2019/05/16 06:05:00",0,"2019/05/16 06:40:00",N>>N-NIL_31N,3848.89315,0,0,"2019/05/16 06:00:26",,"2019/03/01 00:00:00",1,529.29254
D,P5MIN,CONSTRAINTSOLUTION,6,"2019/05/16 06:05:00",0,"2019/05/16 06:40:00",N>>N-NIL_31S,1182.43744,0,0,"2019/05/16 06:00:26",,"2019/03/01 00:00:00",1,-567.44997
D,P5MIN,CONSTRAINTSOLUTION,6,"2019/05/16 06:05:00",0,"2019/05/16 06:40:00",N>>N-NIL_36,2880.16791,0,0,"2019/05/16 06:00:26",,"2019/05/06 00:00:00",1,112.24267
D,P5MIN,CONSTRAINTSOLUTION,6,"2019/05/16 06:05:00",0,"2019/05/16 06:40:00",N>>N-NIL_45,1973.81648,0,0,"2019/05/16 06:00:26",,"2019/03/01 00:00:00",1,291.88421
D,P5MIN,CONSTRAINTSOLUTION,6,"2019/05/16 06:05:00",0,"2019/05/16 06:40:00",N>>N-NIL_46,965.11771,0,0,"2019/05/16 06:00:26",,"2019/03/01 00:00:00",1,-166.84103
D,P5MIN,CONSTRAINTSOLUTION,6,"2019/05/16 06:05:00",0,"2019/05/16 06:40:00",N>>N-NIL_47,1676.71059,0,0,"2019/05/16 06:00:26",,"2019/03/01 00:00:00",1,165.38399
D,P5MIN,CONSTRAINTSOLUTION,6,"2019/05/16 06:05:00",0,"2019/05/16 06:40:00",N>>N-NIL_48,1678.85795,0,0,"2019/05/16 06:00:26",,"2019/03/01 00:00:00",1,166.84103
D,P5MIN,CONSTRAINTSOLUTION,6,"2019/05/16 06:05:00",0,"2019/05/16 06:40:00",N>>N-NIL_49,969.49117,0,0,"2019/05/16 06:00:26",,"2019/03/01 00:00:00",1,-165.38399
D,P5MIN,CONSTRAINTSOLUTION,6,"2019/05/16 06:05:00",0,"2019/05/16 06:40:00",N>>N-NIL_56,2019.29185,0,0,"2019/05/16 06:00:26",,"2019/03/01 00:00:00",1,314.71295
D,P5MIN,CONSTRAINTSOLUTION,6,"2019/05/16 06:05:00",0,"2019/05/16 06:40:00",N>>N-NIL_57,960.40712,0,0,"2019/05/16 06:00:26",,"2019/03/01 00:00:00",1,-173.33544
D,P5MIN,CONSTRAINTSOLUTION,6,"2019/05/16 06:05:00",0,"2019/05/16 06:40:00",N>>N-NIL_58,6138.43391,0,0,"2019/05/16 06:00:26",,"2019/02/28 00:00:00",1,1171.95633
D,P5MIN,CONSTRAINTSOLUTION,6,"2019/05/16 06:05:00",0,"2019/05/16 06:40:00",N>>N-NIL_59,6141.48847,0,0,"2019/05/16 06:00:26",,"2019/02/28 00:00:00",1,1171.95633
D,P5MIN,CONSTRAINTSOLUTION,6,"2019/05/16 06:05:00",0,"2019/05/16 06:40:00",N>>N-NIL_60,1973.6676,0,0,"2019/05/16 06:00:26",,"2019/03/01 00:00:00",1,291.89394
D,P5MIN,CONSTRAINTSOLUTION,6,"2019/05/16 06:05:00",0,"2019/05/16 06:40:00",N>>N-NIL_61,2015.03328,0,0,"2019/05/16 06:00:26",,"2019/03/01 00:00:00",1,311.61946
D,P5MIN,CONSTRAINTSOLUTION,6,"2019/05/16 06:05:00",0,"2019/05/16 06:40:00",N>>N-NIL_62,1652.99793,0,0,"2019/05/16 06:00:26",,"2019/03/01 00:00:00",1,150.87959
D,P5MIN,CONSTRAINTSOLUTION,6,"2019/05/16 06:05:00",0,"2019/05/16 06:40:00",N>>N-NIL_63,1666.17649,0,0,"2019/05/16 06:00:26",,"2019/03/01 00:00:00",1,153.13687
D,P5MIN,CONSTRAINTSOLUTION,6,"2019/05/16 06:05:00",0,"2019/05/16 06:40:00",N>>N-NIL_64,5906.81788,0,0,"2019/05/16 06:00:26",,"2019/02/28 00:00:00",1,2709.6046
D,P5MIN,CONSTRAINTSOLUTION,6,"2019/05/16 06:05:00",0,"2019/05/16 06:40:00",N>>N-NIL_65,5653.74695,0,0,"2019/05/16 06:00:26",,"2019/02/28 00:00:00",1,2558.02632
D,P5MIN,CONSTRAINTSOLUTION,6,"2019/05/16 06:05:00",0,"2019/05/16 06:40:00",N>>N-NIL_8E_8C,1322,0,0,"2019/05/16 06:00:26",,"2019/01/11 00:00:00",1,748.05589
D,P5MIN,CONSTRAINTSOLUTION,6,"2019/05/16 06:05:00",0,"2019/05/16 06:40:00",N>>N-NIL_996_IN,617.49956,0,0,"2019/05/16 06:00:26",,"2019/05/06 00:00:00",1,60.3471
D,P5MIN,CONSTRAINTSOLUTION,6,"2019/05/16 06:05:00",0,"2019/05/16 06:40:00",N>>N-NIL_DPTX,458.52001,0,0,"2019/05/16 06:00:26",,"2019/05/06 00:00:00",1,-61.6426
D,P5MIN,CONSTRAINTSOLUTION,6,"2019/05/16 06:05:00",0,"2019/05/16 06:40:00",N>>N-NIL_DPTX_2,854.39238,0,0,"2019/05/16 06:00:26",,"2019/05/06 00:00:00",1,61.6426
D,P5MIN,CONSTRAINTSOLUTION,6,"2019/05/16 06:05:00",0,"2019/05/16 06:40:00",N>>N-NIL_H01,3427.36761,0,0,"2019/05/16 06:00:26",,"2019/03/01 00:00:00",1,440.15481
D,P5MIN,CONSTRAINTSOLUTION,6,"2019/05/16 06:05:00",0,"2019/05/16 06:40:00",N>>N-NIL_H02,4063.06644,0,0,"2019/05/16 06:00:26",,"2019/01/11 00:00:00",1,457.21754
D,P5MIN,CONSTRAINTSOLUTION,6,"2019/05/16 06:05:00",0,"2019/05/16 06:40:00",N>>N-NIL_H03,3888.96178,0,0,"2019/05/16 06:00:26",,"2019/01/11 00:00:00",1,387.88252
D,P5MIN,CONSTRAINTSOLUTION,6,"2019/05/16 06:05:00",0,"2019/05/16 06:40:00",N>>N-NIL_H051,1232.19545,0,0,"2019/05/16 06:00:26",,"2019/05/06 00:00:00",1,59.99008
D,P5MIN,CONSTRAINTSOLUTION,6,"2019/05/16 06:05:00",0,"2019/05/16 06:40:00",N>>N-NIL_H060,1696.52478,0,0,"2019/05/16 06:00:26",,"2019/05/06 00:00:00",1,-92.85636
D,P5MIN,CONSTRAINTSOLUTION,6,"2019/05/16 06:05:00",0,"2019/05/16 06:40:00",N>>N-NIL_H07,3779.00081,0,0,"2019/05/16 06:00:26",,"2019/03/01 00:00:00",1,338.29055
D,P5MIN,CONSTRAINTSOLUTION,6,"2019/05/16 06:05:00",0,"2019/05/16 06:40:00",N>>N-NIL_HE,3319.0455,0,0,"2019/05/16 06:00:26",,"2019/01/11 00:00:00",1,-152.49574
D,P5MIN,CONSTRAINTSOLUTION,6,"2019/05/16 06:05:00",0,"2019/05/16 06:40:00",N>>N-NIL_HF,3144.1182,0,0,"2019/05/16 06:00:26",,"2019/05/06 00:00:00",1,535.43908
D,P5MIN,CONSTRAINTSOLUTION,6,"2019/05/16 06:05:00",0,"2019/05/16 06:40:00",N>>N-NIL_HI_15M,3572.47168,0,0,"2019/05/16 06:00:26",,"2019/05/06 00:00:00",1,446.93316
D,P5MIN,CONSTRAINTSOLUTION,6,"2019/05/16 06:05:00",0,"2019/05/16 06:40:00",N>>N-NIL_HK_15M,3729.99392,0,0,"2019/05/16 06:00:26",,"2019/03/01 00:00:00",1,461.08925
D,P5MIN,CONSTRAINTSOLUTION,6,"2019/05/16 06:05:00",0,"2019/05/16 06:40:00",N>>N-NIL_HL,3676.96776,0,0,"2019/05/16 06:00:26",,"2019/05/06 00:00:00",1,-387.27207
D,P5MIN,CONSTRAINTSOLUTION,6,"2019/05/16 06:05:00",0,"2019/05/16 06:40:00",N>>N-NIL_HM,3242.39793,0,0,"2019/05/16 06:00:26",,"2019/05/06 00:00:00",1,387.27207
D,P5MIN,CONSTRAINTSOLUTION,6,"2019/05/16 06:05:00",0,"2019/05/16 06:40:00",N>>N-NIL_HU_15M,3629.02289,0,0,"2019/05/16 06:00:26",,"2019/05/06 00:00:00",1,444.47107
D,P5MIN,CONSTRAINTSOLUTION,6,"2019/05/16 06:05:00",0,"2019/05/16 06:40:00",N>>N-NIL__2_OPENED,619.40937,0,0,"2019/05/16 06:00:26",,"2019/01/11 00:00:00",1,-816.97137
D,P5MIN,CONSTRAINTSOLUTION,6,"2019/05/16 06:05:00",0,"2019/05/16 06:40:00",N>>N-NIL__3_OPENED,616.72661,0,0,"2019/05/16 06:00:26",,"2019/01/11 00:00:00",1,-816.97137
D,P5MIN,CONSTRAINTSOLUTION,6,"2019/05/16 06:05:00",0,"2019/05/16 06:40:00",N>>N-NIL__A_15M,3399.86178,0,0,"2019/05/16 06:00:26",,"2019/05/06 00:00:00",1,427.48594
D,P5MIN,CONSTRAINTSOLUTION,6,"2019/05/16 06:05:00",0,"2019/05/16 06:40:00",N>>N-NIL__B_15M,3005.94839,0,0,"2019/05/16 06:00:26",,"2019/05/06 00:00:00",1,464.58868
D,P5MIN,CONSTRAINTSOLUTION,6,"2019/05/16 06:05:00",0,"2019/05/16 06:40:00",N>>N-NIL__C_15M,3298.16877,0,0,"2019/05/16 06:00:26",,"2019/01/11 00:00:00",1,375.9751
D,P5MIN,CONSTRAINTSOLUTION,6,"2019/05/16 06:05:00",0,"2019/05/16 06:40:00",N>>N-NIL__D_15M,3257.22934,0,0,"2019/05/16 06:00:26",,"2019/03/01 00:00:00",1,454.53896
D,P5MIN,CONSTRAINTSOLUTION,6,"2019/05/16 06:05:00",0,"2019/05/16 06:40:00",N>>N-NIL__E_15M,2850.70477,0,0,"2019/05/16 06:00:26",,"2019/03/01 00:00:00",1,444.5719
D,P5MIN,CONSTRAINTSOLUTION,6,"2019/05/16 06:05:00",0,"2019/05/16 06:40:00",N>>N-NIL__F_15M,3292.38463,0,0,"2019/05/16 06:00:26",,"2019/01/11 00:00:00",1,453.07933
D,P5MIN,CONSTRAINTSOLUTION,6,"2019/05/16 06:05:00",0,"2019/05/16 06:40:00",N>>N-NIL__G_15M,3625.95754,0,0,"2019/05/16 06:00:26",,"2019/01/11 00:00:00",1,473.57585
D,P5MIN,CONSTRAINTSOLUTION,6,"2019/05/16 06:05:00",0,"2019/05/16 06:40:00",N>>N-NIL__H_15M,3143.01232,0,0,"2019/05/16 06:00:26",,"2019/03/01 00:00:00",1,353.35641
D,P5MIN,CONSTRAINTSOLUTION,6,"2019/05/16 06:05:00",0,"2019/05/16 06:40:00",N>>N-NIL__K,5770.73786,0,0,"2019/05/16 06:00:26",,"2019/02/28 00:00:00",1,1933.88038
D,P5MIN,CONSTRAINTSOLUTION,6,"2019/05/16 06:05:00",0,"2019/05/16 06:40:00",N>>N-NIL__L,5798.82475,0,0,"2019/05/16 06:00:26",,"2019/02/28 00:00:00",1,1933.88127
D,P5MIN,CONSTRAINTSOLUTION,6,"2019/05/16 06:05:00",0,"2019/05/16 06:40:00",N>>N-NIL__M,4393.19255,0,0,"2019/05/16 06:00:26",,"2019/02/28 00:00:00",1,962.10213
D,P5MIN,CONSTRAINTSOLUTION,6,"2019/05/16 06:05:00",0,"2019/05/16 06:40:00",N>>N-NIL__N,6194.12434,0,0,"2019/05/16 06:00:26",,"2019/02/28 00:00:00",1,1131.81476
D,P5MIN,CONSTRAINTSOLUTION,6,"2019/05/16 06:05:00",0,"2019/05/16 06:40:00",N>>N-NIL__O,6196.896,0,0,"2019/05/16 06:00:26",,"2019/02/28 00:00:00",1,1131.87164
D,P5MIN,CONSTRAINTSOLUTION,6,"2019/05/16 06:05:00",0,"2019/05/16 06:40:00",N>>N-NIL__P,5146.22365,0,0,"2019/05/16 06:00:26",,"2019/02/28 00:00:00",1,1422.05894
D,P5MIN,CONSTRAINTSOLUTION,6,"2019/05/16 06:05:00",0,"2019/05/16 06:40:00",N>>N-NIL__R,6053.51413,0,0,"2019/05/16 06:00:26",,"2019/02/28 00:00:00",1,1151.92574
D,P5MIN,CONSTRAINTSOLUTION,6,"2019/05/16 06:05:00",0,"2019/05/16 06:40:00",N>>N-NIL__S,3843.44289,0,0,"2019/05/16 06:00:26",,"2019/02/28 00:00:00",1,1859.13783
D,P5MIN,CONSTRAINTSOLUTION,6,"2019/05/16 06:05:00",0,"2019/05/16 06:40:00",N>>Q-BWLD_ONE,359.22452,0,0,"2019/05/16 06:00:26",,"2019/03/06 00:00:00",1,-1328.55155
D,P5MIN,CONSTRAINTSOLUTION,6,"2019/05/16 06:05:00",0,"2019/05/16 06:40:00",N>>V-NIL_0X1,517.05489,0,0,"2019/05/16 06:00:26",,"2019/05/06 00:00:00",1,86.67847
D,P5MIN,CONSTRAINTSOLUTION,6,"2019/05/16 06:05:00",0,"2019/05/16 06:40:00",N>>V-NIL_HC,975.48518,0,0,"2019/05/16 06:00:26",,"2019/05/06 00:00:00",1,-291.42466
D,P5MIN,CONSTRAINTSOLUTION,6,"2019/05/16 06:05:00",0,"2019/05/16 06:40:00",N>>V-NIL_HD,1041.82401,0,0,"2019/05/16 06:00:26",,"2019/05/06 00:00:00",1,-323.84838
D,P5MIN,CONSTRAINTSOLUTION,6,"2019/05/16 06:05:00",0,"2019/05/16 06:40:00",N>>V-NIL_HJ,991.25993,0,0,"2019/05/16 06:00:26",,"2019/05/06 00:00:00",1,-207.5103
D,P5MIN,CONSTRAINTSOLUTION,6,"2019/05/16 06:05:00",0,"2019/05/16 06:40:00",N>>V-NIL_HK,2731.28904,0,0,"2019/05/16 06:00:26",,"2019/05/06 00:00:00",1,-452.06959
D,P5MIN,CONSTRAINTSOLUTION,6,"2019/05/16 06:05:00",0,"2019/05/16 06:40:00",N>>V-NIL_N,1269.0079,0,0,"2019/05/16 06:00:26",,"2019/01/11 00:00:00",1,-275.72099
D,P5MIN,CONSTRAINTSOLUTION,6,"2019/05/16 06:05:00",0,"2019/05/16 06:40:00",N>>V-NIL_O,615.39712,0,0,"2019/05/16 06:00:26",,"2019/01/11 00:00:00",1,-141.26145
D,P5MIN,CONSTRAINTSOLUTION,6,"2019/05/16 06:05:00",0,"2019/05/16 06:40:00",N>N-ARKK_CH_CB892A,9983.5,0,0,"2019/05/16 06:00:26",,"2016/01/11 00:00:00",1,-65
D,P5MIN,CONSTRAINTSOLUTION,6,"2019/05/16 06:05:00",0,"2019/05/16 06:40:00",N>N-ARKK_C_BYPASS,10597.96307,0,0,"2019/05/16 06:00:26",,"2018/09/14 00:00:00",1,137.05555
D,P5MIN,CONSTRAINTSOLUTION,6,"2019/05/16 06:05:00",0,"2019/05/16 06:40:00",N>N-ARKK_C_PSTMAN,10698.24663,0,0,"2019/05/16 06:00:26",,"2019/03/08 00:00:00",1,136.22703
D,P5MIN,CONSTRAINTSOLUTION,6,"2019/05/16 06:05:00",0,"2019/05/16 06:40:00",N>N-KC_TX_07,1766.96851,0,0,"2019/05/16 06:00:26",,"2019/03/08 00:00:00",1,1400
D,P5MIN,CONSTRAINTSOLUTION,6,"2019/05/16 06:05:00",0,"2019/05/16 06:40:00",N>N-NIL_8J_8C,1322,0,0,"2019/05/16 06:00:26",,"2019/01/11 00:00:00",1,514.17889
D,P5MIN,CONSTRAINTSOLUTION,6,"2019/05/16 06:05:00",0,"2019/05/16 06:40:00",N>N-NIL_DC,1502.08359,0,0,"2019/05/16 06:00:26",,"2019/01/21 00:00:00",1,816.70378
D,P5MIN,CONSTRAINTSOLUTION,6,"2019/05/16 06:05:00",0,"2019/05/16 06:40:00",N>N-NIL_F7_15M,803.19204,0,0,"2019/05/16 06:00:26",,"2019/01/11 00:00:00",1,-816.70378
D,P5MIN,CONSTRAINTSOLUTION,6,"2019/05/16 06:05:00",0,"2019/05/16 06:40:00",N>N-NIL_LSDU,84.79163,0,0,"2019/05/16 06:00:26",,"2019/01/11 00:00:00",1,-65
D,P5MIN,CONSTRAINTSOLUTION,6,"2019/05/16 06:05:00",0,"2019/05/16 06:40:00",N>N-NIL_MBDU,229.32828,0,0,"2019/05/16 06:00:26",,"2019/01/11 00:00:00",1,65
D,P5MIN,CONSTRAINTSOLUTION,6,"2019/05/16 06:05:00",0,"2019/05/16 06:40:00",N>N-NIL_TE_D2,257.48667,0,0,"2019/05/16 06:00:26",,"2019/01/11 00:00:00",1,-65
D,P5MIN,CONSTRAINTSOLUTION,6,"2019/05/16 06:05:00",0,"2019/05/16 06:40:00",N>N-NIL_TE_E1,9982.16667,0,0,"2019/05/16 06:00:26",,"2019/01/11 00:00:00",1,-65
D,P5MIN,CONSTRAINTSOLUTION,6,"2019/05/16 06:05:00",0,"2019/05/16 06:40:00",N>N-NIL_TE_E2,9982.16667,0,0,"2019/05/16 06:00:26",,"2019/01/11 00:00:00",1,-65
D,P5MIN,CONSTRAINTSOLUTION,6,"2019/05/16 06:05:00",0,"2019/05/16 06:40:00",N>N-NIL_TE_LOAD,9999,0,0,"2019/05/16 06:00:26",,"2013/08/21 00:00:00",1,65
D,P5MIN,CONSTRAINTSOLUTION,6,"2019/05/16 06:05:00",0,"2019/05/16 06:40:00",N>N-NIL__4_15M,627.7569,0,0,"2019/05/16 06:00:26",,"2019/01/11 00:00:00",1,-816.50749
D,P5MIN,CONSTRAINTSOLUTION,6,"2019/05/16 06:05:00",0,"2019/05/16 06:40:00",N>N-NIL__7,1548.45381,0,0,"2019/05/16 06:00:26",,"2019/01/11 00:00:00",1,-816.70378
D,P5MIN,CONSTRAINTSOLUTION,6,"2019/05/16 06:05:00",0,"2019/05/16 06:40:00",NQTE_ROC,23,0,0,"2019/05/16 06:00:26",,"2010/11/08 00:00:00",2,-65
D,P5MIN,CONSTRAINTSOLUTION,6,"2019/05/16 06:05:00",0,"2019/05/16 06:40:00",NRM_NSW1_QLD1,10000,0,0,"2019/05/16 06:00:26",,"2012/06/12 00:00:00",1,-579.17889
D,P5MIN,CONSTRAINTSOLUTION,6,"2019/05/16 06:05:00",0,"2019/05/16 06:40:00",NRM_NSW1_VIC1,10014.50555,0,0,"2019/05/16 06:00:26",,"2012/06/12 00:00:00",1,-97.27099
D,P5MIN,CONSTRAINTSOLUTION,6,"2019/05/16 06:05:00",0,"2019/05/16 06:40:00",NRM_QLD1_NSW1,10548.56236,0,0,"2019/05/16 06:00:26",,"2012/06/12 00:00:00",1,579.17889
D,P5MIN,CONSTRAINTSOLUTION,6,"2019/05/16 06:05:00",0,"2019/05/16 06:40:00",NRM_SA1_VIC1,10170.78007,0,0,"2019/05/16 06:00:26",,"2012/06/12 00:00:00",1,141.77518
D,P5MIN,CONSTRAINTSOLUTION,6,"2019/05/16 06:05:00",0,"2019/05/16 06:40:00",NRM_VIC1_NSW1,10000,0,0,"2019/05/16 06:00:26",,"2012/06/12 00:00:00",1,97.27099
D,P5MIN,CONSTRAINTSOLUTION,6,"2019/05/16 06:05:00",0,"2019/05/16 06:40:00",NRM_VIC1_SA1,10000,0,0,"2019/05/16 06:00:26",,"2012/06/12 00:00:00",1,-141.77518
D,P5MIN,CONSTRAINTSOLUTION,6,"2019/05/16 06:05:00",0,"2019/05/16 06:40:00",N^^N_NIL_1,2801.42307,0,0,"2019/05/16 06:00:26",,"2018/05/02 00:00:00",1,489.92217
D,P5MIN,CONSTRAINTSOLUTION,6,"2019/05/16 06:05:00",0,"2019/05/16 06:40:00",N^^Q_NIL_A,443.63215,0,0,"2019/05/16 06:00:26",,"2017/12/06 00:00:00",1,-696.11739
D,P5MIN,CONSTRAINTSOLUTION,6,"2019/05/16 06:05:00",0,"2019/05/16 06:40:00",N^^Q_NIL_B,622.24474,0,0,"2019/05/16 06:00:26",,"2017/12/06 00:00:00",1,-672.06739
D,P5MIN,CONSTRAINTSOLUTION,6,"2019/05/16 06:05:00",0,"2019/05/16 06:40:00",N^^Q_NIL_B1,937.24474,0,0,"2019/05/16 06:00:26",,"2017/12/06 00:00:00",1,2.93261
D,P5MIN,CONSTRAINTSOLUTION,6,"2019/05/16 06:05:00",0,"2019/05/16 06:40:00",N^^Q_NIL_B2,937.24474,0,0,"2019/05/16 06:00:26",,"2017/12/06 00:00:00",1,-285.06739
D,P5MIN,CONSTRAINTSOLUTION,6,"2019/05/16 06:05:00",0,"2019/05/16 06:40:00",N^^Q_NIL_B3,937.24474,0,0,"2019/05/16 06:00:26",,"2017/12/06 00:00:00",1,-280.56739
D,P5MIN,CONSTRAINTSOLUTION,6,"2019/05/16 06:05:00",0,"2019/05/16 06:40:00",N^^Q_NIL_B4,897.24474,0,0,"2019/05/16 06:00:26",,"2017/12/06 00:00:00",1,-276.06739
D,P5MIN,CONSTRAINTSOLUTION,6,"2019/05/16 06:05:00",0,"2019/05/16 06:40:00",N^^Q_NIL_B5,907.24474,0,0,"2019/05/16 06:00:26",,"2017/12/06 00:00:00",1,-306.66739
D,P5MIN,CONSTRAINTSOLUTION,6,"2019/05/16 06:05:00",0,"2019/05/16 06:40:00",N^^Q_NIL_B6,907.24474,0,0,"2019/05/16 06:00:26",,"2017/12/06 00:00:00",1,-306.66739
D,P5MIN,CONSTRAINTSOLUTION,6,"2019/05/16 06:05:00",0,"2019/05/16 06:40:00",N^^Q_WIV_N-2,937.24474,0,0,"2019/05/16 06:00:26",,"2018/01/19 00:00:00",1,-672.06739
D,P5MIN,CONSTRAINTSOLUTION,6,"2019/05/16 06:05:00",0,"2019/05/16 06:40:00",N^^V_NIL_1,120.34791,0,0,"2019/05/16 06:00:26",,"2019/05/15 00:00:00",1,-43.60717
D,P5MIN,CONSTRAINTSOLUTION,6,"2019/05/16 06:05:00",0,"2019/05/16 06:40:00",N_NIL_TE_A,163.5,0,0,"2019/05/16 06:00:26",,"2012/07/04 00:00:00",1,-65
D,P5MIN,CONSTRAINTSOLUTION,6,"2019/05/16 06:05:00",0,"2019/05/16 06:40:00",N_NIL_TE_B,196.5,0,0,"2019/05/16 06:00:26",,"2012/07/04 00:00:00",1,65
D,P5MIN,CONSTRAINTSOLUTION,6,"2019/05/16 06:05:00",0,"2019/05/16 06:40:00",N_V_HV1700_OSC_AUTO,11768.10001,0,0,"2019/05/16 06:00:26",,"2013/07/19 00:00:00",1,479.21812
D,P5MIN,CONSTRAINTSOLUTION,6,"2019/05/16 06:05:00",0,"2019/05/16 06:40:00",Q::N_BI_POT_WIV_N-2,1209.34247,0,0,"2019/05/16 06:00:26",,"2018/01/16 00:00:00",1,607.72969
D,P5MIN,CONSTRAINTSOLUTION,6,"2019/05/16 06:05:00",0,"2019/05/16 06:40:00",Q::N_NIL_AR_2L-G,1111.64688,0,0,"2019/05/16 06:00:26",,"2018/01/15 00:00:00",2,730.98287
D,P5MIN,CONSTRAINTSOLUTION,6,"2019/05/16 06:05:00",0,"2019/05/16 06:40:00",Q::N_NIL_BI_POT,1209.33249,0,0,"2019/05/16 06:00:26",,"2018/01/15 00:00:00",2,607.72969
D,P5MIN,CONSTRAINTSOLUTION,6,"2019/05/16 06:05:00",0,"2019/05/16 06:40:00",Q:NIL_CS,4344.55219,0,0,"2019/05/16 06:00:26",,"2018/12/27 00:00:00",1,3671.305
D,P5MIN,CONSTRAINTSOLUTION,6,"2019/05/16 06:05:00",0,"2019/05/16 06:40:00",Q:N_NIL_BWRG,1428.75921,0,0,"2019/05/16 06:00:26",,"2013/10/23 00:00:00",1,514.17889
D,P5MIN,CONSTRAINTSOLUTION,6,"2019/05/16 06:05:00",0,"2019/05/16 06:40:00",Q:N_NIL_LDNC,1422.18196,0,0,"2019/05/16 06:00:26",,"2013/10/23 00:00:00",1,514.17889
D,P5MIN,CONSTRAINTSOLUTION,6,"2019/05/16 06:05:00",0,"2019/05/16 06:40:00",Q:N_NIL_OSC,1200,0,0,"2019/05/16 06:00:26",,"2013/07/25 00:00:00",1,514.17889
D,P5MIN,CONSTRAINTSOLUTION,6,"2019/05/16 06:05:00",0,"2019/05/16 06:40:00",Q>>LCCP_BCCP_CLWU_2,3056.58293,0,0,"2019/05/16 06:00:26",,"2018/12/27 00:00:00",1,1882.23224
D,P5MIN,CONSTRAINTSOLUTION,6,"2019/05/16 06:05:00",0,"2019/05/16 06:40:00",Q>>LCCP_CLWU_BCCP_2,2642.61436,0,0,"2019/05/16 06:00:26",,"2018/12/27 00:00:00",1,1749.03066
D,P5MIN,CONSTRAINTSOLUTION,6,"2019/05/16 06:05:00",0,"2019/05/16 06:40:00",Q>>NIL_MRGB_MRTX1,10980.6886,0,0,"2019/05/16 06:00:26",,"2019/01/11 00:00:00",1,963.1874
D,P5MIN,CONSTRAINTSOLUTION,6,"2019/05/16 06:05:00",0,"2019/05/16 06:40:00",Q>>NIL_MRTX5_MRTX4,3002.56252,0,0,"2019/05/16 06:00:26",,"2019/01/11 00:00:00",1,1139.82746
D,P5MIN,CONSTRAINTSOLUTION,6,"2019/05/16 06:05:00",0,"2019/05/16 06:40:00",Q>>WOPW_WOSP_WOGP_1,3003.02258,0,0,"2019/05/16 06:00:26",,"2019/04/10 00:00:00",1,2593.70905
D,P5MIN,CONSTRAINTSOLUTION,6,"2019/05/16 06:05:00",0,"2019/05/16 06:40:00",Q>>WOPW_WOSP_WOGP_2,2852.77803,0,0,"2019/05/16 06:00:26",,"2019/04/10 00:00:00",1,2593.75543
D,P5MIN,CONSTRAINTSOLUTION,6,"2019/05/16 06:05:00",0,"2019/05/16 06:40:00",Q>N-NIL_8L_8M,1379,0,0,"2019/05/16 06:00:26",,"2013/08/21 00:00:00",1,514.17889
D,P5MIN,CONSTRAINTSOLUTION,6,"2019/05/16 06:05:00",0,"2019/05/16 06:40:00",Q>NIL_BI_CAGS_CALV_O,534.76701,0,0,"2019/05/16 06:00:26",,"2019/01/11 00:00:00",1,230
D,P5MIN,CONSTRAINTSOLUTION,6,"2019/05/16 06:05:00",0,"2019/05/16 06:40:00",Q>NIL_MRTA_A,9990.037,0,0,"2019/05/16 06:00:26",,"2019/01/11 00:00:00",1,0.121
D,P5MIN,CONSTRAINTSOLUTION,6,"2019/05/16 06:05:00",0,"2019/05/16 06:40:00",Q>NIL_MRTA_B,9990.037,0,0,"2019/05/16 06:00:26",,"2019/01/11 00:00:00",1,0.121
D,P5MIN,CONSTRAINTSOLUTION,6,"2019/05/16 06:05:00",0,"2019/05/16 06:40:00",Q>NIL_MRTA_C,371.25,0,0,"2019/05/16 06:00:26",,"2019/01/11 00:00:00",1,0.121
D,P5MIN,CONSTRAINTSOLUTION,6,"2019/05/16 06:05:00",0,"2019/05/16 06:40:00",Q>NIL_MUTE_757,201.6,0,0,"2019/05/16 06:00:26",,"2014/09/02 00:00:00",1,65
D,P5MIN,CONSTRAINTSOLUTION,6,"2019/05/16 06:05:00",0,"2019/05/16 06:40:00",Q>NIL_MUTE_758,201.6,0,0,"2019/05/16 06:00:26",,"2014/09/02 00:00:00",1,65
D,P5MIN,CONSTRAINTSOLUTION,6,"2019/05/16 06:05:00",0,"2019/05/16 06:40:00",Q>NIL_TV66,410.96679,0,0,"2019/05/16 06:00:26",,"2018/08/20 00:00:00",1,0.001
D,P5MIN,CONSTRAINTSOLUTION,6,"2019/05/16 06:05:00",0,"2019/05/16 06:40:00",QNI_SOUTH_1150_DYN,1150,0,0,"2019/05/16 06:00:26",,"2019/01/30 00:00:00",1,514.17889
D,P5MIN,CONSTRAINTSOLUTION,6,"2019/05/16 06:05:00",0,"2019/05/16 06:40:00",QNTE_ROC,137,0,0,"2019/05/16 06:00:26",,"2010/11/08 00:00:00",3,65
D,P5MIN,CONSTRAINTSOLUTION,6,"2019/05/16 06:05:00",0,"2019/05/16 06:40:00",QN_1078_OSC_AUTO,11078,0,0,"2019/05/16 06:00:26",,"2013/07/25 00:00:00",1,514.17889
D,P5MIN,CONSTRAINTSOLUTION,6,"2019/05/16 06:05:00",0,"2019/05/16 06:40:00",Q^NIL_CN_FDR,-570.71537,0,0,"2019/05/16 06:00:26",,"2018/08/28 00:00:00",1,190.224
D,P5MIN,CONSTRAINTSOLUTION,6,"2019/05/16 06:05:00",0,"2019/05/16 06:40:00",Q^NIL_CN_GT,-717.19877,0,0,"2019/05/16 06:00:26",,"2018/08/28 00:00:00",1,144
D,P5MIN,CONSTRAINTSOLUTION,6,"2019/05/16 06:05:00",0,"2019/05/16 06:40:00",Q^NIL_FNQ,-331.1851,0,0,"2019/05/16 06:00:26",,"2018/08/28 00:00:00",1,144
D,P5MIN,CONSTRAINTSOLUTION,6,"2019/05/16 06:05:00",0,"2019/05/16 06:40:00",Q^NIL_GC,-5981.70342,0,0,"2019/05/16 06:00:26",,"2013/08/21 00:00:00",1,-65
D,P5MIN,CONSTRAINTSOLUTION,6,"2019/05/16 06:05:00",0,"2019/05/16 06:40:00",Q^^CS_-080,3463.82084,0,0,"2019/05/16 06:00:26",,"2018/08/30 00:00:00",1,2275.97132
D,P5MIN,CONSTRAINTSOLUTION,6,"2019/05/16 06:05:00",0,"2019/05/16 06:40:00",Q^^NIL_CS,3543.82083,0,0,"2019/05/16 06:00:26",,"2018/08/30 00:00:00",1,2275.97132
D,P5MIN,CONSTRAINTSOLUTION,6,"2019/05/16 06:05:00",0,"2019/05/16 06:40:00",Q^^NIL_QNI_SRAR,973.86409,0,0,"2019/05/16 06:00:26",,"2019/04/11 00:00:00",1,757.41097
D,P5MIN,CONSTRAINTSOLUTION,6,"2019/05/16 06:05:00",0,"2019/05/16 06:40:00",Q^^NIL_TR_CLHA,5836.31753,0,0,"2019/05/16 06:00:26",,"2018/12/19 00:00:00",1,3654.47461
D,P5MIN,CONSTRAINTSOLUTION,6,"2019/05/16 06:05:00",0,"2019/05/16 06:40:00",Q^^NIL_TR_TRBK,6064.74024,0,0,"2019/05/16 06:00:26",,"2018/12/19 00:00:00",1,3961.47427
D,P5MIN,CONSTRAINTSOLUTION,6,"2019/05/16 06:05:00",0,"2019/05/16 06:40:00",Q^^TR_CLHA_-250,5346.82859,0,0,"2019/05/16 06:00:26",,"2018/12/19 00:00:00",1,3654.47461
D,P5MIN,CONSTRAINTSOLUTION,6,"2019/05/16 06:05:00",0,"2019/05/16 06:40:00",Q^^TR_TRBK_-150,5768.46391,0,0,"2019/05/16 06:00:26",,"2018/12/19 00:00:00",1,3961.47427
D,P5MIN,CONSTRAINTSOLUTION,6,"2019/05/16 06:05:00",0,"2019/05/16 06:40:00",Q_CS_2000,4777.31724,0,0,"2019/05/16 06:00:26",,"2019/01/15 00:00:00",1,3671.305
D,P5MIN,CONSTRAINTSOLUTION,6,"2019/05/16 06:05:00",0,"2019/05/16 06:40:00",S::V_NIL_TBSE_1,660.07794,0,0,"2019/05/16 06:00:26",,"2019/03/21 00:00:00",1,130.60222
D,P5MIN,CONSTRAINTSOLUTION,6,"2019/05/16 06:05:00",0,"2019/05/16 06:40:00",S::V_NIL_TBSE_2-DS,10000,0,0,"2019/05/16 06:00:26",,"2019/03/21 00:00:00",1,130.39096
D,P5MIN,CONSTRAINTSOLUTION,6,"2019/05/16 06:05:00",0,"2019/05/16 06:40:00",S:VS_580_OSC_AUTO_1,10000,0,0,"2019/05/16 06:00:26",,"2016/06/30 00:00:00",1,141.77518
D,P5MIN,CONSTRAINTSOLUTION,6,"2019/05/16 06:05:00",0,"2019/05/16 06:40:00",S:VS_650_HY_TEST,650,0,0,"2019/05/16 06:00:26",,"2018/08/07 00:00:00",1,141.77518
D,P5MIN,CONSTRAINTSOLUTION,6,"2019/05/16 06:05:00",0,"2019/05/16 06:40:00",S:VS_650_HY_TEST_DYN,650,0,0,"2019/05/16 06:00:26",,"2015/11/25 00:00:00",1,141.77518
D,P5MIN,CONSTRAINTSOLUTION,6,"2019/05/16 06:05:00",0,"2019/05/16 06:40:00",S:VS_700_1,10000,0,0,"2019/05/16 06:00:26",,"2016/08/16 00:00:00",1,141.77518
D,P5MIN,CONSTRAINTSOLUTION,6,"2019/05/16 06:05:00",0,"2019/05/16 06:40:00",S:VS_700_OSC_AUTO,10700,0,0,"2019/05/16 06:00:26",,"2016/06/30 00:00:00",1,141.77518
D,P5MIN,CONSTRAINTSOLUTION,6,"2019/05/16 06:05:00",0,"2019/05/16 06:40:00",S:VS_800,800,0,0,"2019/05/16 06:00:26",,"2018/08/07 00:00:00",1,141.77518
D,P5MIN,CONSTRAINTSOLUTION,6,"2019/05/16 06:05:00",0,"2019/05/16 06:40:00",S:V_460_OSC_AUTO_1,10000,0,0,"2019/05/16 06:00:26",,"2016/06/30 00:00:00",1,132.77518
D,P5MIN,CONSTRAINTSOLUTION,6,"2019/05/16 06:05:00",0,"2019/05/16 06:40:00",S:V_500_HY_TEST,500,0,0,"2019/05/16 06:00:26",,"2018/08/07 00:00:00",1,132.77518
D,P5MIN,CONSTRAINTSOLUTION,6,"2019/05/16 06:05:00",0,"2019/05/16 06:40:00",S:V_500_HY_TEST_DYN,500,0,0,"2019/05/16 06:00:26",,"2015/11/25 00:00:00",1,132.77518
D,P5MIN,CONSTRAINTSOLUTION,6,"2019/05/16 06:05:00",0,"2019/05/16 06:40:00",S:V_550_1,10000,0,0,"2019/05/16 06:00:26",,"2016/08/16 00:00:00",1,132.77518
D,P5MIN,CONSTRAINTSOLUTION,6,"2019/05/16 06:05:00",0,"2019/05/16 06:40:00",S:V_550_OSC_AUTO,10550,0,0,"2019/05/16 06:00:26",,"2016/06/30 00:00:00",1,132.77518
D,P5MIN,CONSTRAINTSOLUTION,6,"2019/05/16 06:05:00",0,"2019/05/16 06:40:00",S:V_650,650,0,0,"2019/05/16 06:00:26",,"2018/08/07 00:00:00",1,132.77518
D,P5MIN,CONSTRAINTSOLUTION,6,"2019/05/16 06:05:00",0,"2019/05/16 06:40:00",S>>HUBG_AWHU_WEWT,325.31973,0,0,"2019/05/16 06:00:26",,"2019/05/15 00:00:00",1,56.70926
D,P5MIN,CONSTRAINTSOLUTION,6,"2019/05/16 06:05:00",0,"2019/05/16 06:40:00",S>>HUBG_BGDV_WEMWP4,255.8606,0,0,"2019/05/16 06:00:26",,"2019/05/15 00:00:00",1,-39.71076
D,P5MIN,CONSTRAINTSOLUTION,6,"2019/05/16 06:05:00",0,"2019/05/16 06:40:00",S>>HUBG_BGDV_WTWE,320.41859,0,0,"2019/05/16 06:00:26",,"2019/05/15 00:00:00",1,-69.95774
D,P5MIN,CONSTRAINTSOLUTION,6,"2019/05/16 06:05:00",0,"2019/05/16 06:40:00",S>>HUBG_BLDV_WEWT,329.02254,0,0,"2019/05/16 06:00:26",,"2019/05/15 00:00:00",1,68.2343
D,P5MIN,CONSTRAINTSOLUTION,6,"2019/05/16 06:05:00",0,"2019/05/16 06:40:00",S>>HUBG_BLDV_WTTP,472.76406,0,0,"2019/05/16 06:00:26",,"2019/05/15 00:00:00",1,85.45372
D,P5MIN,CONSTRAINTSOLUTION,6,"2019/05/16 06:05:00",0,"2019/05/16 06:40:00",S>>HUBG_BWMP_WEWT,329.01195,0,0,"2019/05/16 06:00:26",,"2019/03/13 00:00:00",1,53.07889
D,P5MIN,CONSTRAINTSOLUTION,6,"2019/05/16 06:05:00",0,"2019/05/16 06:40:00",S>>HUBG_LKDV_WEWT,323.65495,0,0,"2019/05/16 06:00:26",,"2019/05/15 00:00:00",1,79.80179
D,P5MIN,CONSTRAINTSOLUTION,6,"2019/05/16 06:05:00",0,"2019/05/16 06:40:00",S>>HUBG_LKDV_WTTP,516.04274,0,0,"2019/05/16 06:00:26",,"2019/05/15 00:00:00",1,88.32944
D,P5MIN,CONSTRAINTSOLUTION,6,"2019/05/16 06:05:00",0,"2019/05/16 06:40:00",S>>HUBG_MNCLN_WEMWP4,203.79962,0,0,"2019/05/16 06:00:26",,"2019/05/15 00:00:00",1,-30.47797
D,P5MIN,CONSTRAINTSOLUTION,6,"2019/05/16 06:05:00",0,"2019/05/16 06:40:00",S>>HUBG_MNCLN_WTWE,271.58377,0,0,"2019/05/16 06:00:26",,"2019/05/15 00:00:00",1,-47.60847
D,P5MIN,CONSTRAINTSOLUTION,6,"2019/05/16 06:05:00",0,"2019/05/16 06:40:00",S>>HUBG_RBTU_WEWT,314.2794,0,0,"2019/05/16 06:00:26",,"2019/05/15 00:00:00",1,89.30155
D,P5MIN,CONSTRAINTSOLUTION,6,"2019/05/16 06:05:00",0,"2019/05/16 06:40:00",S>>HUBG_RBTU_WTTP,481.07628,0,0,"2019/05/16 06:00:26",,"2019/05/15 00:00:00",1,117.99481
D,P5MIN,CONSTRAINTSOLUTION,6,"2019/05/16 06:05:00",0,"2019/05/16 06:40:00",S>>HUBG_RBTX1_WEWT,307.68236,0,0,"2019/05/16 06:00:26",,"2019/05/15 00:00:00",1,46.50246
D,P5MIN,CONSTRAINTSOLUTION,6,"2019/05/16 06:05:00",0,"2019/05/16 06:40:00",S>>HUBG_WTTP_WEMWP4,221.98889,0,0,"2019/05/16 06:00:26",,"2019/05/15 00:00:00",1,7.41582
D,P5MIN,CONSTRAINTSOLUTION,6,"2019/05/16 06:05:00",0,"2019/05/16 06:40:00",S>>HUBG_WTTP_WTWE,286.17186,0,0,"2019/05/16 06:00:26",,"2019/05/15 00:00:00",1,-5.61819
D,P5MIN,CONSTRAINTSOLUTION,6,"2019/05/16 06:05:00",0,"2019/05/16 06:40:00",S>>NIL_BGBW_BRTW,1273.58882,0,0,"2019/05/16 06:00:26",,"2019/05/15 00:00:00",1,231.43064
D,P5MIN,CONSTRAINTSOLUTION,6,"2019/05/16 06:05:00",0,"2019/05/16 06:40:00",S>>NIL_BRTW_WEP4,366.68232,0,0,"2019/05/16 06:00:26",,"2019/05/15 00:00:00",1,-4.93987
D,P5MIN,CONSTRAINTSOLUTION,6,"2019/05/16 06:05:00",0,"2019/05/16 06:40:00",S>>NIL_BRTW_WTTP,574.63953,0,0,"2019/05/16 06:00:26",,"2019/05/15 00:00:00",1,135.66854
D,P5MIN,CONSTRAINTSOLUTION,6,"2019/05/16 06:05:00",0,"2019/05/16 06:40:00",S>>NIL_BRTX_WEP4,326.16526,0,0,"2019/05/16 06:00:26",,"2019/05/15 00:00:00",1,-18.52678
D,P5MIN,CONSTRAINTSOLUTION,6,"2019/05/16 06:05:00",0,"2019/05/16 06:40:00",S>>NIL_BRTX_WTTP,530.76488,0,0,"2019/05/16 06:00:26",,"2019/05/15 00:00:00",1,96.84023
D,P5MIN,CONSTRAINTSOLUTION,6,"2019/05/16 06:05:00",0,"2019/05/16 06:40:00",S>>NIL_BWMP_BRTW,1272.86347,0,0,"2019/05/16 06:00:26",,"2019/05/15 00:00:00",1,278.39756
D,P5MIN,CONSTRAINTSOLUTION,6,"2019/05/16 06:05:00",0,"2019/05/16 06:40:00",S>>NIL_BWMP_TPRS,466.43052,0,0,"2019/05/16 06:00:26",,"2019/05/15 00:00:00",1,97.5007
D,P5MIN,CONSTRAINTSOLUTION,6,"2019/05/16 06:05:00",0,"2019/05/16 06:40:00",S>>NIL_BWMP_TWPA,1147.03645,0,0,"2019/05/16 06:00:26",,"2019/05/15 00:00:00",1,262.72243
D,P5MIN,CONSTRAINTSOLUTION,6,"2019/05/16 06:05:00",0,"2019/05/16 06:40:00",S>>NIL_BWMP_WEP4,285.18257,0,0,"2019/05/16 06:00:26",,"2019/05/15 00:00:00",1,-12.62844
D,P5MIN,CONSTRAINTSOLUTION,6,"2019/05/16 06:05:00",0,"2019/05/16 06:40:00",S>>NIL_BWMP_WTTP,585.53848,0,0,"2019/05/16 06:00:26",,"2019/05/15 00:00:00",1,135.08966
D,P5MIN,CONSTRAINTSOLUTION,6,"2019/05/16 06:05:00",0,"2019/05/16 06:40:00",S>>NIL_CGTB_TUTB_1,675.8141,0,0,"2019/05/16 06:00:26",,"2019/05/15 00:00:00",1,129.78434
D,P5MIN,CONSTRAINTSOLUTION,6,"2019/05/16 06:05:00",0,"2019/05/16 06:40:00",S>>NIL_CNRB_WEMWP4,386.27436,0,0,"2019/05/16 06:00:26",,"2019/05/15 00:00:00",1,25.58967
D,P5MIN,CONSTRAINTSOLUTION,6,"2019/05/16 06:05:00",0,"2019/05/16 06:40:00",S>>NIL_HUBG-T_WEWT,10000,0,0,"2019/05/16 06:00:26",,"2019/05/15 00:00:00",1,56.70926
D,P5MIN,CONSTRAINTSOLUTION,6,"2019/05/16 06:05:00",0,"2019/05/16 06:40:00",S>>NIL_HUBG-T_WEWT2,323.38278,0,0,"2019/05/16 06:00:26",,"2019/05/15 00:00:00",1,56.70926
D,P5MIN,CONSTRAINTSOLUTION,6,"2019/05/16 06:05:00",0,"2019/05/16 06:40:00",S>>NIL_LKDV_WEWT,295.30349,0,0,"2019/05/16 06:00:26",,"2019/05/15 00:00:00",1,71.9543
D,P5MIN,CONSTRAINTSOLUTION,6,"2019/05/16 06:05:00",0,"2019/05/16 06:40:00",S>>NIL_MKRB_WEMWP4,367.15856,0,0,"2019/05/16 06:00:26",,"2019/05/15 00:00:00",1,-9.70801
D,P5MIN,CONSTRAINTSOLUTION,6,"2019/05/16 06:05:00",0,"2019/05/16 06:40:00",S>>NIL_RBPA_RBTU,1194.40893,0,0,"2019/05/16 06:00:26",,"2019/05/15 00:00:00",1,324.23229
D,P5MIN,CONSTRAINTSOLUTION,6,"2019/05/16 06:05:00",0,"2019/05/16 06:40:00",S>>NIL_RBPA_WEWT,316.15965,0,0,"2019/05/16 06:00:26",,"2019/05/15 00:00:00",1,76.91516
D,P5MIN,CONSTRAINTSOLUTION,6,"2019/05/16 06:05:00",0,"2019/05/16 06:40:00",S>>NIL_RBTU_BRTW,1414.69182,0,0,"2019/05/16 06:00:26",,"2019/05/15 00:00:00",1,272.1878
D,P5MIN,CONSTRAINTSOLUTION,6,"2019/05/16 06:05:00",0,"2019/05/16 06:40:00",S>>NIL_RBTU_RBPA,1283.10986,0,0,"2019/05/16 06:00:26",,"2019/05/15 00:00:00",1,323.17476
D,P5MIN,CONSTRAINTSOLUTION,6,"2019/05/16 06:05:00",0,"2019/05/16 06:40:00",S>>NIL_RBTU_TWPA,1131.06303,0,0,"2019/05/16 06:00:26",,"2019/05/15 00:00:00",1,231.24319
D,P5MIN,CONSTRAINTSOLUTION,6,"2019/05/16 06:05:00",0,"2019/05/16 06:40:00",S>>NIL_RBTU_WEWT,308.13756,0,0,"2019/05/16 06:00:26",,"2019/05/15 00:00:00",1,84.75572
D,P5MIN,CONSTRAINTSOLUTION,6,"2019/05/16 06:05:00",0,"2019/05/16 06:40:00",S>>NIL_RBTU_WTTP,599.0494,0,0,"2019/05/16 06:00:26",,"2019/05/15 00:00:00",1,149.06326
D,P5MIN,CONSTRAINTSOLUTION,6,"2019/05/16 06:05:00",0,"2019/05/16 06:40:00",S>>NIL_RBTX1_WTWE,279.45174,0,0,"2019/05/16 06:00:26",,"2019/05/15 00:00:00",1,-37.49651
D,P5MIN,CONSTRAINTSOLUTION,6,"2019/05/16 06:05:00",0,"2019/05/16 06:40:00",S>>NIL_SETB_SETB_1,912.48917,0,0,"2019/05/16 06:00:26",,"2019/05/15 00:00:00",1,-129.88605
D,P5MIN,CONSTRAINTSOLUTION,6,"2019/05/16 06:05:00",0,"2019/05/16 06:40:00",S>>NIL_TBCG_TBTU_1,898.57465,0,0,"2019/05/16 06:00:26",,"2019/05/15 00:00:00",1,-129.78434
D,P5MIN,CONSTRAINTSOLUTION,6,"2019/05/16 06:05:00",0,"2019/05/16 06:40:00",S>>NIL_TBSE_PWSE_1,10000,0,0,"2019/05/16 06:00:26",,"2019/03/11 00:00:00",1,30.97604
D,P5MIN,CONSTRAINTSOLUTION,6,"2019/05/16 06:05:00",0,"2019/05/16 06:40:00",S>>NIL_TBSE_TBSE_1,751.658,0,0,"2019/05/16 06:00:26",,"2019/05/15 00:00:00",1,129.88605
D,P5MIN,CONSTRAINTSOLUTION,6,"2019/05/16 06:05:00",0,"2019/05/16 06:40:00",S>>NIL_TBTU_TBCG_1,951.79502,0,0,"2019/05/16 06:00:26",,"2019/05/15 00:00:00",1,-129.78434
D,P5MIN,CONSTRAINTSOLUTION,6,"2019/05/16 06:05:00",0,"2019/05/16 06:40:00",S>>NIL_TBTU_TBMO_1,436.12064,0,0,"2019/05/16 06:00:26",,"2019/05/15 00:00:00",1,-65.24099
D,P5MIN,CONSTRAINTSOLUTION,6,"2019/05/16 06:05:00",0,"2019/05/16 06:40:00",S>>NIL_TUTB_CGTB_1,729.62363,0,0,"2019/05/16 06:00:26",,"2019/05/15 00:00:00",1,129.78434
D,P5MIN,CONSTRAINTSOLUTION,6,"2019/05/16 06:05:00",0,"2019/05/16 06:40:00",S>>NIL_TUTB_PAAC,758.69686,0,0,"2019/05/16 06:00:26",,"2019/05/15 00:00:00",1,76.40422
D,P5MIN,CONSTRAINTSOLUTION,6,"2019/05/16 06:05:00",0,"2019/05/16 06:40:00",S>>NIL_TWPA_BWMP,932.1807,0,0,"2019/05/16 06:00:26",,"2019/05/15 00:00:00",1,182.41493
D,P5MIN,CONSTRAINTSOLUTION,6,"2019/05/16 06:05:00",0,"2019/05/16 06:40:00",S>>NIL_TWPA_TPRS,383.81257,0,0,"2019/05/16 06:00:26",,"2019/05/15 00:00:00",1,107.72353
D,P5MIN,CONSTRAINTSOLUTION,6,"2019/05/16 06:05:00",0,"2019/05/16 06:40:00",S>>NIL_TWPA_WEMW4,303.68109,0,0,"2019/05/16 06:00:26",,"2019/05/15 00:00:00",1,11.28266
D,P5MIN,CONSTRAINTSOLUTION,6,"2019/05/16 06:05:00",0,"2019/05/16 06:40:00",S>>TBTX4_CGTB_TUTB,640.04755,0,0,"2019/05/16 06:00:26",,"2019/03/13 00:00:00",1,129.86643
D,P5MIN,CONSTRAINTSOLUTION,6,"2019/05/16 06:05:00",0,"2019/05/16 06:40:00",S>>TBTX4_TBCG_TBTU,807.9221,0,0,"2019/05/16 06:00:26",,"2019/03/13 00:00:00",1,-129.86643
D,P5MIN,CONSTRAINTSOLUTION,6,"2019/05/16 06:05:00",0,"2019/05/16 06:40:00",S>>TBTX4_TBTU_TBCG,805.94113,0,0,"2019/05/16 06:00:26",,"2019/03/13 00:00:00",1,-129.86643
D,P5MIN,CONSTRAINTSOLUTION,6,"2019/05/16 06:05:00",0,"2019/05/16 06:40:00",S>>TBTX4_TUTB_CGTB,646.77163,0,0,"2019/05/16 06:00:26",,"2019/03/13 00:00:00",1,129.86643
D,P5MIN,CONSTRAINTSOLUTION,6,"2019/05/16 06:05:00",0,"2019/05/16 06:40:00",S>>V_NIL_DVBG_STBG,183.78788,0,0,"2019/05/16 06:00:26",,"2019/05/14 00:00:00",1,-3.04821
D,P5MIN,CONSTRAINTSOLUTION,6,"2019/05/16 06:05:00",0,"2019/05/16 06:40:00",S>>V_NIL_NIL_HUWT,222.00589,0,0,"2019/05/16 06:00:26",,"2019/05/14 00:00:00",1,-1.81053
D,P5MIN,CONSTRAINTSOLUTION,6,"2019/05/16 06:05:00",0,"2019/05/16 06:40:00",S>>V_NIL_NIL_MNWT,302.40096,0,0,"2019/05/16 06:00:26",,"2019/05/14 00:00:00",1,-0.86287
D,P5MIN,CONSTRAINTSOLUTION,6,"2019/05/16 06:05:00",0,"2019/05/16 06:40:00",S>>V_NIL_RBTX_MW4RB,323.20899,0,0,"2019/05/16 06:00:26",,"2019/05/14 00:00:00",1,-24.82636
D,P5MIN,CONSTRAINTSOLUTION,6,"2019/05/16 06:05:00",0,"2019/05/16 06:40:00",S>>V_NIL_WTTP_WEMW4,307.35978,0,0,"2019/05/16 06:00:26",,"2019/05/14 00:00:00",1,14.99158
D,P5MIN,CONSTRAINTSOLUTION,6,"2019/05/16 06:05:00",0,"2019/05/16 06:40:00",S>DVTX_NIL_DVTX,166.89996,0,0,"2019/05/16 06:00:26",,"2019/01/22 00:00:00",1,0
D,P5MIN,CONSTRAINTSOLUTION,6,"2019/05/16 06:05:00",0,"2019/05/16 06:40:00",S>NIL_BRTW_MNWT,324.17997,0,0,"2019/05/16 06:00:26",,"2019/05/14 00:00:00",1,29.22709
D,P5MIN,CONSTRAINTSOLUTION,6,"2019/05/16 06:05:00",0,"2019/05/16 06:40:00",S>NIL_BWMP_CNRB,739.90552,0,0,"2019/05/16 06:00:26",,"2019/05/14 00:00:00",1,243.14622
D,P5MIN,CONSTRAINTSOLUTION,6,"2019/05/16 06:05:00",0,"2019/05/16 06:40:00",S>NIL_BWMP_HUWT,221.98832,0,0,"2019/05/16 06:00:26",,"2019/05/14 00:00:00",1,7.40496
D,P5MIN,CONSTRAINTSOLUTION,6,"2019/05/16 06:05:00",0,"2019/05/16 06:40:00",S>NIL_BWMP_RHBR-T,310.68424,0,0,"2019/05/16 06:00:26",,"2019/05/14 00:00:00",1,57.66359
D,P5MIN,CONSTRAINTSOLUTION,6,"2019/05/16 06:05:00",0,"2019/05/16 06:40:00",S>NIL_DVBG_BRTW,1606.26307,0,0,"2019/05/16 06:00:26",,"2019/05/14 00:00:00",1,279.6047
D,P5MIN,CONSTRAINTSOLUTION,6,"2019/05/16 06:05:00",0,"2019/05/16 06:40:00",S>NIL_DVTX_DVTX,166.3062,0,0,"2019/05/16 06:00:26",,"2019/01/11 00:00:00",1,0
D,P5MIN,CONSTRAINTSOLUTION,6,"2019/05/16 06:05:00",0,"2019/05/16 06:40:00",S>NIL_HUWT_STBG,10000,0,0,"2019/05/16 06:00:26",,"2019/01/11 00:00:00",1,0
D,P5MIN,CONSTRAINTSOLUTION,6,"2019/05/16 06:05:00",0,"2019/05/16 06:40:00",S>NIL_HUWT_STBG2,124.29496,0,0,"2019/05/16 06:00:26",,"2019/01/11 00:00:00",1,0
D,P5MIN,CONSTRAINTSOLUTION,6,"2019/05/16 06:05:00",0,"2019/05/16 06:40:00",S>NIL_LKDV_CNRB,455.07,0,0,"2019/05/16 06:00:26",,"2019/01/11 00:00:00",1,219.34
D,P5MIN,CONSTRAINTSOLUTION,6,"2019/05/16 06:05:00",0,"2019/05/16 06:40:00",S>NIL_MHNW1_MHNW2,10000,0,0,"2019/05/16 06:00:26",,"2019/01/11 00:00:00",1,-9
D,P5MIN,CONSTRAINTSOLUTION,6,"2019/05/16 06:05:00",0,"2019/05/16 06:40:00",S>NIL_NIL_DLAW,114.4336,0,0,"2019/05/16 06:00:26",,"2019/01/11 00:00:00",1,0
D,P5MIN,CONSTRAINTSOLUTION,6,"2019/05/16 06:05:00",0,"2019/05/16 06:40:00",S>NIL_NIL_MHNW2,270.47839,0,0,"2019/05/16 06:00:26",,"2019/01/11 00:00:00",1,-9
D,P5MIN,CONSTRAINTSOLUTION,6,"2019/05/16 06:05:00",0,"2019/05/16 06:40:00",S>NIL_NIL_MYSG-T,275.78504,0,0,"2019/05/16 06:00:26",,"2019/03/14 00:00:00",2,3.018
D,P5MIN,CONSTRAINTSOLUTION,6,"2019/05/16 06:05:00",0,"2019/05/16 06:40:00",S>NIL_NIL_NWMH2,223.96041,0,0,"2019/05/16 06:00:26",,"2019/01/11 00:00:00",1,9
D,P5MIN,CONSTRAINTSOLUTION,6,"2019/05/16 06:05:00",0,"2019/05/16 06:40:00",S>NIL_NIL_SETX12,390.75518,0,0,"2019/05/16 06:00:26",,"2019/03/14 00:00:00",2,3.018
D,P5MIN,CONSTRAINTSOLUTION,6,"2019/05/16 06:05:00",0,"2019/05/16 06:40:00",S>NIL_NIL_SGBN,349.00798,0,0,"2019/05/16 06:00:26",,"2019/03/14 00:00:00",2,3.018
D,P5MIN,CONSTRAINTSOLUTION,6,"2019/05/16 06:05:00",0,"2019/05/16 06:40:00",S>NIL_NIL_SGMYSE-T2,407.97762,0,0,"2019/05/16 06:00:26",,"2019/03/14 00:00:00",2,3.018
D,P5MIN,CONSTRAINTSOLUTION,6,"2019/05/16 06:05:00",0,"2019/05/16 06:40:00",S>NIL_NWMH1_NWMH2,10000,0,0,"2019/05/16 06:00:26",,"2019/01/11 00:00:00",1,9
D,P5MIN,CONSTRAINTSOLUTION,6,"2019/05/16 06:05:00",0,"2019/05/16 06:40:00",S>NIL_PL_GENMAX,75.92805,0,0,"2019/05/16 06:00:26",,"2019/01/11 00:00:00",1,0
D,P5MIN,CONSTRAINTSOLUTION,6,"2019/05/16 06:05:00",0,"2019/05/16 06:40:00",S>NIL_PL_GENMAX_YDMD,104.09543,0,0,"2019/05/16 06:00:26",,"2019/01/11 00:00:00",1,0
D,P5MIN,CONSTRAINTSOLUTION,6,"2019/05/16 06:05:00",0,"2019/05/16 06:40:00",S>NIL_RBMWP3_RBNW1,10000,0,0,"2019/05/16 06:00:26",,"2019/01/11 00:00:00",1,9
D,P5MIN,CONSTRAINTSOLUTION,6,"2019/05/16 06:05:00",0,"2019/05/16 06:40:00",S>NIL_RBNW1_RBMWP3,10000,0,0,"2019/05/16 06:00:26",,"2019/01/11 00:00:00",1,9
D,P5MIN,CONSTRAINTSOLUTION,6,"2019/05/16 06:05:00",0,"2019/05/16 06:40:00",S>NIL_SGBN_SGSE-T2,10000,0,0,"2019/05/16 06:00:26",,"2019/03/14 00:00:00",2,3.018
D,P5MIN,CONSTRAINTSOLUTION,6,"2019/05/16 06:05:00",0,"2019/05/16 06:40:00",S>NIL_TINO3_TINO4,308.14399,0,0,"2019/05/16 06:00:26",,"2019/03/14 00:00:00",2,-185
D,P5MIN,CONSTRAINTSOLUTION,6,"2019/05/16 06:05:00",0,"2019/05/16 06:40:00",S>NIL_WEMW4_WTTP,383.70488,0,0,"2019/05/16 06:00:26",,"2019/05/14 00:00:00",1,50.81186
D,P5MIN,CONSTRAINTSOLUTION,6,"2019/05/16 06:05:00",0,"2019/05/16 06:40:00",S>SETXH1_SETXL2,70.37072,0,0,"2019/05/16 06:00:26",,"2019/05/16 00:00:00",4,-12.5776
D,P5MIN,CONSTRAINTSOLUTION,6,"2019/05/16 06:05:00",0,"2019/05/16 06:40:00",S>V_NIL_NIL_RBNW,167.10476,0,0,"2019/05/16 06:00:26",,"2019/01/25 00:00:00",1,9
D,P5MIN,CONSTRAINTSOLUTION,6,"2019/05/16 06:05:00",0,"2019/05/16 06:40:00",S>V_NIL_SEHY,742,0,0,"2019/05/16 06:00:26",,"2016/09/13 00:00:00",1,132.77518
D,P5MIN,CONSTRAINTSOLUTION,6,"2019/05/16 06:05:00",0,"2019/05/16 06:40:00",S>V_NIL_SETX_SETX,10000,0,0,"2019/05/16 06:00:26",,"2019/05/08 00:00:00",2,0
D,P5MIN,CONSTRAINTSOLUTION,6,"2019/05/16 06:05:00",0,"2019/05/16 06:40:00",S>V_NIL_SETX_SETX1,183.40918,0,0,"2019/05/16 06:00:26",,"2019/05/08 00:00:00",2,3.018
D,P5MIN,CONSTRAINTSOLUTION,6,"2019/05/16 06:05:00",0,"2019/05/16 06:40:00",SVML_233,233,0,0,"2019/05/16 06:00:26",,"2014/10/01 00:00:00",1,9
D,P5MIN,CONSTRAINTSOLUTION,6,"2019/05/16 06:05:00",0,"2019/05/16 06:40:00",SVML_ROC_80,90.78007,0,0,"2019/05/16 06:00:26",,"2016/08/23 00:00:00",1,9
D,P5MIN,CONSTRAINTSOLUTION,6,"2019/05/16 06:05:00",0,"2019/05/16 06:40:00",S^NIL_PL_MAX,44.79406,0,0,"2019/05/16 06:00:26",,"2017/07/11 00:00:00",1,0
D,P5MIN,CONSTRAINTSOLUTION,6,"2019/05/16 06:05:00",0,"2019/05/16 06:40:00",S_LB2WF_CONF,198,0,0,"2019/05/16 06:00:26",,"2015/08/07 00:00:00",1,3.018
D,P5MIN,CONSTRAINTSOLUTION,6,"2019/05/16 06:05:00",0,"2019/05/16 06:40:00",S_NIL_STRENGTH_1,10516,0,0,"2019/05/16 06:00:26",,"2018/12/05 00:00:00",1,447.175
D,P5MIN,CONSTRAINTSOLUTION,6,"2019/05/16 06:05:00",0,"2019/05/16 06:40:00",S_NIL_STRENGTH_2,1790.84049,0,0,"2019/05/16 06:00:26",,"2018/11/26 00:00:00",1,314.39982
D,P5MIN,CONSTRAINTSOLUTION,6,"2019/05/16 06:05:00",0,"2019/05/16 06:40:00",S_V_NIL_ROCOF,1273.80002,0,0,"2019/05/16 06:00:26",,"2019/01/03 00:00:00",1,132.77518
D,P5MIN,CONSTRAINTSOLUTION,6,"2019/05/16 06:05:00",0,"2019/05/16 06:40:00",T::T_NIL_1,732.65896,0,0,"2019/05/16 06:00:26",,"2014/07/31 00:00:00",1,444.29482
D,P5MIN,CONSTRAINTSOLUTION,6,"2019/05/16 06:05:00",0,"2019/05/16 06:40:00",T::T_NIL_2,10688.6943,0,0,"2019/05/16 06:00:26",,"2014/07/31 00:00:00",1,438.00745
D,P5MIN,CONSTRAINTSOLUTION,6,"2019/05/16 06:05:00",0,"2019/05/16 06:40:00",T::T_NIL_3,782.67343,0,0,"2019/05/16 06:00:26",,"2014/07/31 00:00:00",1,635.86578
D,P5MIN,CONSTRAINTSOLUTION,6,"2019/05/16 06:05:00",0,"2019/05/16 06:40:00",T::T_NIL_4,10930.71865,0,0,"2019/05/16 06:00:26",,"2014/07/31 00:00:00",1,632.4629
D,P5MIN,CONSTRAINTSOLUTION,6,"2019/05/16 06:05:00",0,"2019/05/16 06:40:00",T:T_LIPM_1,-344.29524,0,0,"2019/05/16 06:00:26",,"2013/08/21 00:00:00",1,-429.73063
D,P5MIN,CONSTRAINTSOLUTION,6,"2019/05/16 06:05:00",0,"2019/05/16 06:40:00",T:T_LIPM_2,489.12166,0,0,"2019/05/16 06:00:26",,"2013/08/21 00:00:00",1,287.48457
D,P5MIN,CONSTRAINTSOLUTION,6,"2019/05/16 06:05:00",0,"2019/05/16 06:40:00",T>>T_NIL_BL_EXP_3F,11137.81748,0,0,"2019/05/16 06:00:26",,"2017/07/17 00:00:00",1,569.7537
D,P5MIN,CONSTRAINTSOLUTION,6,"2019/05/16 06:05:00",0,"2019/05/16 06:40:00",T>>T_NIL_BL_EXP_3G,11314.60614,0,0,"2019/05/16 06:00:26",,"2017/07/17 00:00:00",1,431.13961
D,P5MIN,CONSTRAINTSOLUTION,6,"2019/05/16 06:05:00",0,"2019/05/16 06:40:00",T>>T_NIL_BL_EXP_3H,11631.82307,0,0,"2019/05/16 06:00:26",,"2017/07/17 00:00:00",1,662.3222
D,P5MIN,CONSTRAINTSOLUTION,6,"2019/05/16 06:05:00",0,"2019/05/16 06:40:00",T>>T_NIL_BL_EXP_4E,10426.30158,0,0,"2019/05/16 06:00:26",,"2016/07/26 00:00:00",1,179.40898
D,P5MIN,CONSTRAINTSOLUTION,6,"2019/05/16 06:05:00",0,"2019/05/16 06:40:00",T>>T_NIL_BL_EXP_4F,10381.83625,0,0,"2019/05/16 06:00:26",,"2016/06/16 00:00:00",1,182.20593
D,P5MIN,CONSTRAINTSOLUTION,6,"2019/05/16 06:05:00",0,"2019/05/16 06:40:00",T>>T_NIL_BL_EXP_5F,21087.67226,0,0,"2019/05/16 06:00:26",,"2017/07/17 00:00:00",1,627.64739
D,P5MIN,CONSTRAINTSOLUTION,6,"2019/05/16 06:05:00",0,"2019/05/16 06:40:00",T>>T_NIL_BL_EXP_5G,11323.66295,0,0,"2019/05/16 06:00:26",,"2017/07/17 00:00:00",1,520.78487
D,P5MIN,CONSTRAINTSOLUTION,6,"2019/05/16 06:05:00",0,"2019/05/16 06:40:00",T>>T_NIL_BL_EXP_5H,11525.13324,0,0,"2019/05/16 06:00:26",,"2017/07/17 00:00:00",1,719.76423
D,P5MIN,CONSTRAINTSOLUTION,6,"2019/05/16 06:05:00",0,"2019/05/16 06:40:00",T>>T_NIL_BL_EXP_6E,21030.20735,0,0,"2019/05/16 06:00:26",,"2017/07/17 00:00:00",1,782.96681
D,P5MIN,CONSTRAINTSOLUTION,6,"2019/05/16 06:05:00",0,"2019/05/16 06:40:00",T>>T_NIL_BL_EXP_6F,21104.73268,0,0,"2019/05/16 06:00:26",,"2017/07/17 00:00:00",1,656.0506
D,P5MIN,CONSTRAINTSOLUTION,6,"2019/05/16 06:05:00",0,"2019/05/16 06:40:00",T>>T_NIL_BL_EXP_7C,20569.57316,0,0,"2019/05/16 06:00:26",,"2017/07/17 00:00:00",1,496.16203
D,P5MIN,CONSTRAINTSOLUTION,6,"2019/05/16 06:05:00",0,"2019/05/16 06:40:00",T>T_LIPM_110_2A,-348.77684,-17.71,0,"2019/05/16 06:00:26",,"2019/04/24 00:00:00",2,-348.77684
D,P5MIN,CONSTRAINTSOLUTION,6,"2019/05/16 06:05:00",0,"2019/05/16 06:40:00",T>T_LIPM_110_2B,504.2468,0,0,"2019/05/16 06:00:26",,"2019/04/24 00:00:00",2,348.77684
D,P5MIN,CONSTRAINTSOLUTION,6,"2019/05/16 06:05:00",0,"2019/05/16 06:40:00",T>T_LIPM_110_3_1,336.02049,0,0,"2019/05/16 06:00:26",,"2019/04/24 00:00:00",2,157.69585
D,P5MIN,CONSTRAINTSOLUTION,6,"2019/05/16 06:05:00",0,"2019/05/16 06:40:00",T>T_LIPM_110_5,-23.1544,0,0,"2019/05/16 06:00:26",,"2019/04/24 00:00:00",2,-229.76699
D,P5MIN,CONSTRAINTSOLUTION,6,"2019/05/16 06:05:00",0,"2019/05/16 06:40:00",T>T_NIL_110_4,238.83252,0,0,"2019/05/16 06:00:26",,"2019/01/11 00:00:00",1,-51.67603
D,P5MIN,CONSTRAINTSOLUTION,6,"2019/05/16 06:05:00",0,"2019/05/16 06:40:00",T>T_NIL_110_5,369.37614,0,0,"2019/05/16 06:00:26",,"2019/01/11 00:00:00",1,51.67603
D,P5MIN,CONSTRAINTSOLUTION,6,"2019/05/16 06:05:00",0,"2019/05/16 06:40:00",T>T_NIL_BL_110_18_1,324.14476,0,0,"2019/05/16 06:00:26",,"2019/01/11 00:00:00",1,147.97451
D,P5MIN,CONSTRAINTSOLUTION,6,"2019/05/16 06:05:00",0,"2019/05/16 06:40:00",T>T_NIL_BL_110_8,289.52641,0,0,"2019/05/16 06:00:26",,"2019/01/11 00:00:00",1,135.88913
D,P5MIN,CONSTRAINTSOLUTION,6,"2019/05/16 06:05:00",0,"2019/05/16 06:40:00",T>T_NIL_BL_220_6B,1010.16753,0,0,"2019/05/16 06:00:26",,"2019/01/11 00:00:00",1,319.91759
D,P5MIN,CONSTRAINTSOLUTION,6,"2019/05/16 06:05:00",0,"2019/05/16 06:40:00",T>T_NIL_BL_3A,1612.29628,0,0,"2019/05/16 06:00:26",,"2019/01/11 00:00:00",1,477.22367
D,P5MIN,CONSTRAINTSOLUTION,6,"2019/05/16 06:05:00",0,"2019/05/16 06:40:00",T>T_NIL_BL_3B,1611.53033,0,0,"2019/05/16 06:00:26",,"2019/01/11 00:00:00",1,477.22367
D,P5MIN,CONSTRAINTSOLUTION,6,"2019/05/16 06:05:00",0,"2019/05/16 06:40:00",T>T_NIL_BL_3C,11184.71704,0,0,"2019/05/16 06:00:26",,"2017/07/17 00:00:00",1,478.97521
D,P5MIN,CONSTRAINTSOLUTION,6,"2019/05/16 06:05:00",0,"2019/05/16 06:40:00",T>T_NIL_BL_3D,11361.91178,0,0,"2019/05/16 06:00:26",,"2017/07/17 00:00:00",1,339.23405
D,P5MIN,CONSTRAINTSOLUTION,6,"2019/05/16 06:05:00",0,"2019/05/16 06:40:00",T>T_NIL_BL_3E,11678.94713,0,0,"2019/05/16 06:00:26",,"2017/07/17 00:00:00",1,571.30081
D,P5MIN,CONSTRAINTSOLUTION,6,"2019/05/16 06:05:00",0,"2019/05/16 06:40:00",T>T_NIL_BL_4A,635.83169,0,0,"2019/05/16 06:00:26",,"2019/01/11 00:00:00",1,86.39681
D,P5MIN,CONSTRAINTSOLUTION,6,"2019/05/16 06:05:00",0,"2019/05/16 06:40:00",T>T_NIL_BL_4B,636.10204,0,0,"2019/05/16 06:00:26",,"2019/01/11 00:00:00",1,86.39681
D,P5MIN,CONSTRAINTSOLUTION,6,"2019/05/16 06:05:00",0,"2019/05/16 06:40:00",T>T_NIL_BL_4C,10812.19811,0,0,"2019/05/16 06:00:26",,"2016/07/26 00:00:00",1,140.24859
D,P5MIN,CONSTRAINTSOLUTION,6,"2019/05/16 06:05:00",0,"2019/05/16 06:40:00",T>T_NIL_BL_4D,10966.11286,0,0,"2019/05/16 06:00:26",,"2016/07/26 00:00:00",1,191.66374
D,P5MIN,CONSTRAINTSOLUTION,6,"2019/05/16 06:05:00",0,"2019/05/16 06:40:00",T>T_NIL_BL_5A,1486.85931,0,0,"2019/05/16 06:00:26",,"2019/01/11 00:00:00",1,539.27586
D,P5MIN,CONSTRAINTSOLUTION,6,"2019/05/16 06:05:00",0,"2019/05/16 06:40:00",T>T_NIL_BL_5B,1486.23758,0,0,"2019/05/16 06:00:26",,"2019/01/11 00:00:00",1,539.27586
D,P5MIN,CONSTRAINTSOLUTION,6,"2019/05/16 06:05:00",0,"2019/05/16 06:40:00",T>T_NIL_BL_5C,11132.77546,0,0,"2019/05/16 06:00:26",,"2017/07/17 00:00:00",1,539.25909
D,P5MIN,CONSTRAINTSOLUTION,6,"2019/05/16 06:05:00",0,"2019/05/16 06:40:00",T>T_NIL_BL_5D,11373.66931,0,0,"2019/05/16 06:00:26",,"2017/07/17 00:00:00",1,423.62284
D,P5MIN,CONSTRAINTSOLUTION,6,"2019/05/16 06:05:00",0,"2019/05/16 06:40:00",T>T_NIL_BL_5E,11571.79138,0,0,"2019/05/16 06:00:26",,"2017/07/17 00:00:00",1,629.60758
D,P5MIN,CONSTRAINTSOLUTION,6,"2019/05/16 06:05:00",0,"2019/05/16 06:40:00",T>T_NIL_BL_6A,1450.40501,0,0,"2019/05/16 06:00:26",,"2019/01/11 00:00:00",1,685.79799
D,P5MIN,CONSTRAINTSOLUTION,6,"2019/05/16 06:05:00",0,"2019/05/16 06:40:00",T>T_NIL_BL_6B,1449.72909,0,0,"2019/05/16 06:00:26",,"2019/01/11 00:00:00",1,685.79799
D,P5MIN,CONSTRAINTSOLUTION,6,"2019/05/16 06:05:00",0,"2019/05/16 06:40:00",T>T_NIL_BL_6C,11080.21981,0,0,"2019/05/16 06:00:26",,"2017/07/17 00:00:00",1,358.80478
D,P5MIN,CONSTRAINTSOLUTION,6,"2019/05/16 06:05:00",0,"2019/05/16 06:40:00",T>T_NIL_BL_6D,11155.36267,0,0,"2019/05/16 06:00:26",,"2017/07/17 00:00:00",1,231.88857
D,P5MIN,CONSTRAINTSOLUTION,6,"2019/05/16 06:05:00",0,"2019/05/16 06:40:00",T>T_NIL_BL_IMP_2B,937.37446,0,0,"2019/05/16 06:00:26",,"2019/01/11 00:00:00",1,219.42144
D,P5MIN,CONSTRAINTSOLUTION,6,"2019/05/16 06:05:00",0,"2019/05/16 06:40:00",T>T_NIL_BL_IMP_3F,1207.12764,0,0,"2019/05/16 06:00:26",,"2019/01/11 00:00:00",1,477.24858
D,P5MIN,CONSTRAINTSOLUTION,6,"2019/05/16 06:05:00",0,"2019/05/16 06:40:00",T>T_NIL_BL_IMP_3FF,1206.62552,0,0,"2019/05/16 06:00:26",,"2019/01/11 00:00:00",1,477.24858
D,P5MIN,CONSTRAINTSOLUTION,6,"2019/05/16 06:05:00",0,"2019/05/16 06:40:00",T>T_NIL_BL_IMP_3G,1379.32604,0,0,"2019/05/16 06:00:26",,"2019/01/11 00:00:00",1,337.737
D,P5MIN,CONSTRAINTSOLUTION,6,"2019/05/16 06:05:00",0,"2019/05/16 06:40:00",T>T_NIL_BL_IMP_3H,1715.82133,0,0,"2019/05/16 06:00:26",,"2019/01/11 00:00:00",1,569.5681
D,P5MIN,CONSTRAINTSOLUTION,6,"2019/05/16 06:05:00",0,"2019/05/16 06:40:00",T>T_NIL_BL_IMP_4E,496.39064,0,0,"2019/05/16 06:00:26",,"2019/01/11 00:00:00",1,86.37919
D,P5MIN,CONSTRAINTSOLUTION,6,"2019/05/16 06:05:00",0,"2019/05/16 06:40:00",T>T_NIL_BL_IMP_4EE,496.59363,0,0,"2019/05/16 06:00:26",,"2019/01/11 00:00:00",1,86.37919
D,P5MIN,CONSTRAINTSOLUTION,6,"2019/05/16 06:05:00",0,"2019/05/16 06:40:00",T>T_NIL_BL_IMP_4F,451.8293,0,0,"2019/05/16 06:00:26",,"2019/01/11 00:00:00",1,89.52501
D,P5MIN,CONSTRAINTSOLUTION,6,"2019/05/16 06:05:00",0,"2019/05/16 06:40:00",T>T_NIL_BL_IMP_5F,1152.72458,0,0,"2019/05/16 06:00:26",,"2019/01/11 00:00:00",1,539.25909
D,P5MIN,CONSTRAINTSOLUTION,6,"2019/05/16 06:05:00",0,"2019/05/16 06:40:00",T>T_NIL_BL_IMP_5FF,1152.32021,0,0,"2019/05/16 06:00:26",,"2019/01/11 00:00:00",1,539.25909
D,P5MIN,CONSTRAINTSOLUTION,6,"2019/05/16 06:05:00",0,"2019/05/16 06:40:00",T>T_NIL_BL_IMP_5G,1383.41435,0,0,"2019/05/16 06:00:26",,"2019/01/11 00:00:00",1,423.62284
D,P5MIN,CONSTRAINTSOLUTION,6,"2019/05/16 06:05:00",0,"2019/05/16 06:40:00",T>T_NIL_BL_IMP_5H,1599.73816,0,0,"2019/05/16 06:00:26",,"2019/01/11 00:00:00",1,629.84966
D,P5MIN,CONSTRAINTSOLUTION,6,"2019/05/16 06:05:00",0,"2019/05/16 06:40:00",T>T_NIL_BL_IMP_6E,1079.70204,0,0,"2019/05/16 06:00:26",,"2019/01/11 00:00:00",1,685.80478
D,P5MIN,CONSTRAINTSOLUTION,6,"2019/05/16 06:05:00",0,"2019/05/16 06:40:00",T>T_NIL_BL_IMP_6EE,1079.70204,0,0,"2019/05/16 06:00:26",,"2019/01/11 00:00:00",1,685.80478
D,P5MIN,CONSTRAINTSOLUTION,6,"2019/05/16 06:05:00",0,"2019/05/16 06:40:00",T>T_NIL_BL_IMP_6F,1169.80434,0,0,"2019/05/16 06:00:26",,"2019/01/11 00:00:00",1,558.88857
D,P5MIN,CONSTRAINTSOLUTION,6,"2019/05/16 06:05:00",0,"2019/05/16 06:40:00",T>T_NIL_BL_IMP_7C,629.63759,0,0,"2019/05/16 06:00:26",,"2019/01/11 00:00:00",1,399
D,P5MIN,CONSTRAINTSOLUTION,6,"2019/05/16 06:05:00",0,"2019/05/16 06:40:00",T>T_NIL_BL_IMP_7CC,629.13772,0,0,"2019/05/16 06:00:26",,"2019/01/11 00:00:00",1,399
D,P5MIN,CONSTRAINTSOLUTION,6,"2019/05/16 06:05:00",0,"2019/05/16 06:40:00",T>T_NIL_BL_IMP_8B,1014.70561,0,0,"2019/05/16 06:00:26",,"2019/01/11 00:00:00",1,293.1783
D,P5MIN,CONSTRAINTSOLUTION,6,"2019/05/16 06:05:00",0,"2019/05/16 06:40:00",T>T_NIL_BL_IMP_8C,47.6219,0,0,"2019/05/16 06:00:26",,"2019/01/11 00:00:00",1,-293.1783
D,P5MIN,CONSTRAINTSOLUTION,6,"2019/05/16 06:05:00",0,"2019/05/16 06:40:00",T>T_NIL_NCSPS5_3F,11207.81228,0,0,"2019/05/16 06:00:26",,"2019/01/11 00:00:00",1,477.24858
D,P5MIN,CONSTRAINTSOLUTION,6,"2019/05/16 06:05:00",0,"2019/05/16 06:40:00",T>T_NIL_NCSPS5_3FF,11207.81228,0,0,"2019/05/16 06:00:26",,"2019/01/11 00:00:00",1,477.24858
D,P5MIN,CONSTRAINTSOLUTION,6,"2019/05/16 06:05:00",0,"2019/05/16 06:40:00",T>T_NIL_NCSPS5_3G,11380.19805,0,0,"2019/05/16 06:00:26",,"2019/01/11 00:00:00",1,337.737
D,P5MIN,CONSTRAINTSOLUTION,6,"2019/05/16 06:05:00",0,"2019/05/16 06:40:00",T>T_NIL_NCSPS5_3H,11716.92826,0,0,"2019/05/16 06:00:26",,"2019/01/11 00:00:00",1,569.5681
D,P5MIN,CONSTRAINTSOLUTION,6,"2019/05/16 06:05:00",0,"2019/05/16 06:40:00",T>T_NIL_NCSPS5_7C,10658.9539,0,0,"2019/05/16 06:00:26",,"2019/01/11 00:00:00",1,399
D,P5MIN,CONSTRAINTSOLUTION,6,"2019/05/16 06:05:00",0,"2019/05/16 06:40:00",T>T_NIL_TOV_5F,11405.41176,0,0,"2019/05/16 06:00:26",,"2019/01/11 00:00:00",1,539.25909
D,P5MIN,CONSTRAINTSOLUTION,6,"2019/05/16 06:05:00",0,"2019/05/16 06:40:00",T>T_NIL_TOV_5FF,11405.41176,0,0,"2019/05/16 06:00:26",,"2019/01/11 00:00:00",1,539.25909
D,P5MIN,CONSTRAINTSOLUTION,6,"2019/05/16 06:05:00",0,"2019/05/16 06:40:00",TVBL_ROC,100,0,0,"2019/05/16 06:00:26",,"2014/01/15 00:00:00",1,-97.16203
D,P5MIN,CONSTRAINTSOLUTION,6,"2019/05/16 06:05:00",0,"2019/05/16 06:40:00",T^T_LIPM_1,-139.24196,0,0,"2019/05/16 06:00:26",,"2017/07/05 00:00:00",1,-187.44221
D,P5MIN,CONSTRAINTSOLUTION,6,"2019/05/16 06:05:00",0,"2019/05/16 06:40:00",T^T_NIL_BL_1,1696.23909,0,0,"2019/05/16 06:00:26",,"2017/07/05 00:00:00",1,35.58451
D,P5MIN,CONSTRAINTSOLUTION,6,"2019/05/16 06:05:00",0,"2019/05/16 06:40:00",T^T_NIL_BL_2,12701.01168,0,0,"2019/05/16 06:00:26",,"2017/07/05 00:00:00",1,-149.37229
D,P5MIN,CONSTRAINTSOLUTION,6,"2019/05/16 06:05:00",0,"2019/05/16 06:40:00",T^T_NIL_BL_4,1885.07051,0,0,"2019/05/16 06:00:26",,"2017/07/05 00:00:00",1,-129.67008
D,P5MIN,CONSTRAINTSOLUTION,6,"2019/05/16 06:05:00",0,"2019/05/16 06:40:00",T^T_NIL_BL_5,763.03582,0,0,"2019/05/16 06:00:26",,"2017/07/05 00:00:00",1,-111.31762
D,P5MIN,CONSTRAINTSOLUTION,6,"2019/05/16 06:05:00",0,"2019/05/16 06:40:00",T^T_NIL_BL_6,138.34555,0,0,"2019/05/16 06:00:26",,"2017/07/05 00:00:00",1,-126.78338
D,P5MIN,CONSTRAINTSOLUTION,6,"2019/05/16 06:05:00",0,"2019/05/16 06:40:00",T^T_NIL_BL_7,989.89566,0,0,"2019/05/16 06:00:26",,"2017/07/05 00:00:00",1,-104.16031
D,P5MIN,CONSTRAINTSOLUTION,6,"2019/05/16 06:05:00",0,"2019/05/16 06:40:00",T^V_LIPM_BL_6,591.42173,0,0,"2019/05/16 06:00:26",,"2013/08/21 00:00:00",1,-97.16203
D,P5MIN,CONSTRAINTSOLUTION,6,"2019/05/16 06:05:00",0,"2019/05/16 06:40:00",T^V_NIL_10,10688.86472,0,0,"2019/05/16 06:00:26",,"2017/10/10 00:00:00",1,-97.16203
D,P5MIN,CONSTRAINTSOLUTION,6,"2019/05/16 06:05:00",0,"2019/05/16 06:40:00",T^V_NIL_11,10513.5484,0,0,"2019/05/16 06:00:26",,"2019/01/25 00:00:00",1,-78.0184
D,P5MIN,CONSTRAINTSOLUTION,6,"2019/05/16 06:05:00",0,"2019/05/16 06:40:00",T^V_NIL_8,10321.21922,0,0,"2019/05/16 06:00:26",,"2018/05/31 00:00:00",1,-120.38575
D,P5MIN,CONSTRAINTSOLUTION,6,"2019/05/16 06:05:00",0,"2019/05/16 06:40:00",T^V_NIL_9,594,0,0,"2019/05/16 06:00:26",,"2015/09/29 00:00:00",1,-97.16203
D,P5MIN,CONSTRAINTSOLUTION,6,"2019/05/16 06:05:00",0,"2019/05/16 06:40:00",T^V_NIL_BL_6,604.96299,0,0,"2019/05/16 06:00:26",,"2013/08/21 00:00:00",1,-97.16203
D,P5MIN,CONSTRAINTSOLUTION,6,"2019/05/16 06:05:00",0,"2019/05/16 06:40:00",T_LIPM1_SLOAD_1_N-2,526.39645,0,0,"2019/05/16 06:00:26",,"2019/05/10 00:00:00",1,348.77684
D,P5MIN,CONSTRAINTSOLUTION,6,"2019/05/16 06:05:00",0,"2019/05/16 06:40:00",T_ROCOF_1,739.43617,0,0,"2019/05/16 06:00:26",,"2014/07/31 00:00:00",1,148.92095
D,P5MIN,CONSTRAINTSOLUTION,6,"2019/05/16 06:05:00",0,"2019/05/16 06:40:00",T_ROCOF_2,10770.5122,0,0,"2019/05/16 06:00:26",,"2014/07/31 00:00:00",1,112.0467
D,P5MIN,CONSTRAINTSOLUTION,6,"2019/05/16 06:05:00",0,"2019/05/16 06:40:00",T_ROCOF_3,11279.64898,0,0,"2019/05/16 06:00:26",,"2014/01/09 00:00:00",1,121.00803
D,P5MIN,CONSTRAINTSOLUTION,6,"2019/05/16 06:05:00",0,"2019/05/16 06:40:00",T_V_NIL_BL1,-50,0,0,"2019/05/16 06:00:26",,"2008/05/26 00:00:00",1,-97.16203
D,P5MIN,CONSTRAINTSOLUTION,6,"2019/05/16 06:05:00",0,"2019/05/16 06:40:00",T_V_NIL_FCSPS,371.75995,0,0,"2019/05/16 06:00:26",,"2013/08/21 00:00:00",1,-97.16203
D,P5MIN,CONSTRAINTSOLUTION,6,"2019/05/16 06:05:00",0,"2019/05/16 06:40:00",V::N_NIL_Q1,20155.38613,0,0,"2019/05/16 06:00:26",,"2019/05/01 00:00:00",1,-1149.52766
D,P5MIN,CONSTRAINTSOLUTION,6,"2019/05/16 06:05:00",0,"2019/05/16 06:40:00",V::N_NIL_Q2,10155.38613,0,0,"2019/05/16 06:00:26",,"2019/05/01 00:00:00",1,-987.38166
D,P5MIN,CONSTRAINTSOLUTION,6,"2019/05/16 06:05:00",0,"2019/05/16 06:40:00",V::N_NIL_S,852.52169,0,0,"2019/05/16 06:00:26",,"2019/05/01 00:00:00",1,-425.09547
D,P5MIN,CONSTRAINTSOLUTION,6,"2019/05/16 06:05:00",0,"2019/05/16 06:40:00",V::N_NIL_SD,10749.15889,0,0,"2019/05/16 06:00:26",,"2019/05/01 00:00:00",1,-348.3195
D,P5MIN,CONSTRAINTSOLUTION,6,"2019/05/16 06:05:00",0,"2019/05/16 06:40:00",V::N_NIL_V,769.52735,0,0,"2019/05/16 06:00:26",,"2019/05/01 00:00:00",1,-445.14897
D,P5MIN,CONSTRAINTSOLUTION,6,"2019/05/16 06:05:00",0,"2019/05/16 06:40:00",V::S_NIL_MAXG_1,670.73269,0,0,"2019/05/16 06:00:26",,"2019/02/05 00:00:00",1,-130.51168
D,P5MIN,CONSTRAINTSOLUTION,6,"2019/05/16 06:05:00",0,"2019/05/16 06:40:00",V::S_NIL_MAXG_2,10000,0,0,"2019/05/16 06:00:26",,"2019/02/05 00:00:00",1,-130.30042
D,P5MIN,CONSTRAINTSOLUTION,6,"2019/05/16 06:05:00",0,"2019/05/16 06:40:00",V::S_NIL_MAXG_3,10000,0,0,"2019/05/16 06:00:26",,"2019/02/05 00:00:00",1,-130.7833
D,P5MIN,CONSTRAINTSOLUTION,6,"2019/05/16 06:05:00",0,"2019/05/16 06:40:00",V::S_NIL_MAXG_SECP_1,10000,0,0,"2019/05/16 06:00:26",,"2019/02/11 00:00:00",1,-129.99862
D,P5MIN,CONSTRAINTSOLUTION,6,"2019/05/16 06:05:00",0,"2019/05/16 06:40:00",V::S_NIL_MAXG_SECP_2,10000,0,0,"2019/05/16 06:00:26",,"2019/02/11 00:00:00",1,-130.30042
D,P5MIN,CONSTRAINTSOLUTION,6,"2019/05/16 06:05:00",0,"2019/05/16 06:40:00",V::S_NIL_SETB_SECP_1,10000,0,0,"2019/05/16 06:00:26",,"2019/02/11 00:00:00",1,-129.727
D,P5MIN,CONSTRAINTSOLUTION,6,"2019/05/16 06:05:00",0,"2019/05/16 06:40:00",V::S_NIL_SETB_SECP_2,10000,0,0,"2019/05/16 06:00:26",,"2019/02/11 00:00:00",1,-129.81754
D,P5MIN,CONSTRAINTSOLUTION,6,"2019/05/16 06:05:00",0,"2019/05/16 06:40:00",V::S_NIL_TBSE_1,776.51438,0,0,"2019/05/16 06:00:26",,"2019/02/04 00:00:00",1,-129.727
D,P5MIN,CONSTRAINTSOLUTION,6,"2019/05/16 06:05:00",0,"2019/05/16 06:40:00",V::S_NIL_TBSE_2,10000,0,0,"2019/05/16 06:00:26",,"2019/02/04 00:00:00",1,-129.81754
D,P5MIN,CONSTRAINTSOLUTION,6,"2019/05/16 06:05:00",0,"2019/05/16 06:40:00",V::S_TBTX_MAXG,664.59056,0,0,"2019/05/16 06:00:26",,"2019/02/21 00:00:00",1,-130.45132
D,P5MIN,CONSTRAINTSOLUTION,6,"2019/05/16 06:05:00",0,"2019/05/16 06:40:00",V::S_TBTX_MAXG_2-DS,10000,0,0,"2019/05/16 06:00:26",,"2019/02/21 00:00:00",1,-129.5761
D,P5MIN,CONSTRAINTSOLUTION,6,"2019/05/16 06:05:00",0,"2019/05/16 06:40:00",V::S_TBTX_SETB,769.93653,0,0,"2019/05/16 06:00:26",,"2019/02/21 00:00:00",1,-129.15358
D,P5MIN,CONSTRAINTSOLUTION,6,"2019/05/16 06:05:00",0,"2019/05/16 06:40:00",V::S_TBTX_SETB_2-DS,10000,0,0,"2019/05/16 06:00:26",,"2019/02/21 00:00:00",1,-129.5761
D,P5MIN,CONSTRAINTSOLUTION,6,"2019/05/16 06:05:00",0,"2019/05/16 06:40:00",V::V_1900,1968.10001,0,0,"2019/05/16 06:00:26",,"2018/08/24 00:00:00",1,479.21812
D,P5MIN,CONSTRAINTSOLUTION,6,"2019/05/16 06:05:00",0,"2019/05/16 06:40:00",V:SS_680_OSC_AUTO,10000,0,0,"2019/05/16 06:00:26",,"2016/06/30 00:00:00",1,-141.77518
D,P5MIN,CONSTRAINTSOLUTION,6,"2019/05/16 06:05:00",0,"2019/05/16 06:40:00",V:SS_790_1,10000,0,0,"2019/05/16 06:00:26",,"2016/08/16 00:00:00",1,-141.77518
D,P5MIN,CONSTRAINTSOLUTION,6,"2019/05/16 06:05:00",0,"2019/05/16 06:40:00",V:SS_790_OSC_AUTO,10790,0,0,"2019/05/16 06:00:26",,"2016/06/30 00:00:00",1,-141.77518
D,P5MIN,CONSTRAINTSOLUTION,6,"2019/05/16 06:05:00",0,"2019/05/16 06:40:00",V:SS_820_HY_TEST,820,0,0,"2019/05/16 06:00:26",,"2018/08/07 00:00:00",1,-141.77518
D,P5MIN,CONSTRAINTSOLUTION,6,"2019/05/16 06:05:00",0,"2019/05/16 06:40:00",V:SS_820_HY_TEST_DYN,820,0,0,"2019/05/16 06:00:26",,"2016/11/21 00:00:00",1,-141.77518
D,P5MIN,CONSTRAINTSOLUTION,6,"2019/05/16 06:05:00",0,"2019/05/16 06:40:00",V:SS_870_HY_TEST,870,0,0,"2019/05/16 06:00:26",,"2018/08/07 00:00:00",1,-141.77518
D,P5MIN,CONSTRAINTSOLUTION,6,"2019/05/16 06:05:00",0,"2019/05/16 06:40:00",V:SS_870_HY_TEST_DYN,870,0,0,"2019/05/16 06:00:26",,"2016/11/21 00:00:00",1,-141.77518
D,P5MIN,CONSTRAINTSOLUTION,6,"2019/05/16 06:05:00",0,"2019/05/16 06:40:00",V:SS_920,920,0,0,"2019/05/16 06:00:26",,"2018/08/07 00:00:00",1,-141.77518
D,P5MIN,CONSTRAINTSOLUTION,6,"2019/05/16 06:05:00",0,"2019/05/16 06:40:00",V:S_460_OSC_AUTO,10000,0,0,"2019/05/16 06:00:26",,"2016/06/30 00:00:00",1,-132.77518
D,P5MIN,CONSTRAINTSOLUTION,6,"2019/05/16 06:05:00",0,"2019/05/16 06:40:00",V:S_570_1,10000,0,0,"2019/05/16 06:00:26",,"2016/08/16 00:00:00",1,-132.77518
D,P5MIN,CONSTRAINTSOLUTION,6,"2019/05/16 06:05:00",0,"2019/05/16 06:40:00",V:S_570_OSC_AUTO,10570,0,0,"2019/05/16 06:00:26",,"2016/06/30 00:00:00",1,-132.77518
D,P5MIN,CONSTRAINTSOLUTION,6,"2019/05/16 06:05:00",0,"2019/05/16 06:40:00",V:S_600_HY_TEST,600,0,0,"2019/05/16 06:00:26",,"2018/08/07 00:00:00",1,-132.77518
D,P5MIN,CONSTRAINTSOLUTION,6,"2019/05/16 06:05:00",0,"2019/05/16 06:40:00",V:S_600_HY_TEST_DYN,600,0,0,"2019/05/16 06:00:26",,"2016/11/21 00:00:00",1,-132.77518
D,P5MIN,CONSTRAINTSOLUTION,6,"2019/05/16 06:05:00",0,"2019/05/16 06:40:00",V:S_650_HY_TEST,650,0,0,"2019/05/16 06:00:26",,"2018/08/07 00:00:00",1,-132.77518
D,P5MIN,CONSTRAINTSOLUTION,6,"2019/05/16 06:05:00",0,"2019/05/16 06:40:00",V:S_650_HY_TEST_DYN,650,0,0,"2019/05/16 06:00:26",,"2016/11/21 00:00:00",1,-132.77518
D,P5MIN,CONSTRAINTSOLUTION,6,"2019/05/16 06:05:00",0,"2019/05/16 06:40:00",V:S_700,700,0,0,"2019/05/16 06:00:26",,"2018/08/07 00:00:00",1,-132.77518
D,P5MIN,CONSTRAINTSOLUTION,6,"2019/05/16 06:05:00",0,"2019/05/16 06:40:00",V:T_NIL_BL_1,889.41518,0,0,"2019/05/16 06:00:26",,"2013/08/21 00:00:00",1,97.16203
D,P5MIN,CONSTRAINTSOLUTION,6,"2019/05/16 06:05:00",0,"2019/05/16 06:40:00",V>>N-NIL_HA,1550.83207,0,0,"2019/05/16 06:00:26",,"2019/05/06 00:00:00",1,289.48871
D,P5MIN,CONSTRAINTSOLUTION,6,"2019/05/16 06:05:00",0,"2019/05/16 06:40:00",V>>N-NIL_HB,1607.13259,0,0,"2019/05/16 06:00:26",,"2019/05/06 00:00:00",1,321.20724
D,P5MIN,CONSTRAINTSOLUTION,6,"2019/05/16 06:05:00",0,"2019/05/16 06:40:00",V>>N-NIL_HG,1644.7355,0,0,"2019/05/16 06:00:26",,"2019/05/06 00:00:00",1,205.89509
D,P5MIN,CONSTRAINTSOLUTION,6,"2019/05/16 06:05:00",0,"2019/05/16 06:40:00",V>>N-NIL_HH,2172.29857,0,0,"2019/05/16 06:00:26",,"2019/05/06 00:00:00",1,449.23459
D,P5MIN,CONSTRAINTSOLUTION,6,"2019/05/16 06:05:00",0,"2019/05/16 06:40:00",V>>SML_NIL_5,715.91836,0,0,"2019/05/16 06:00:26",,"2019/05/06 00:00:00",1,-117.53411
D,P5MIN,CONSTRAINTSOLUTION,6,"2019/05/16 06:05:00",0,"2019/05/16 06:40:00",V>>SML_NIL_6,733.96171,0,0,"2019/05/16 06:00:26",,"2019/05/06 00:00:00",1,48.74112
D,P5MIN,CONSTRAINTSOLUTION,6,"2019/05/16 06:05:00",0,"2019/05/16 06:40:00",V>>SML_NIL_7A,10134.47467,0,0,"2019/05/16 06:00:26",,"2019/04/23 00:00:00",1,-36.26069
D,P5MIN,CONSTRAINTSOLUTION,6,"2019/05/16 06:05:00",0,"2019/05/16 06:40:00",V>>SML_NIL_7B,10168.81071,0,0,"2019/05/16 06:00:26",,"2019/05/06 00:00:00",1,-37.60186
D,P5MIN,CONSTRAINTSOLUTION,6,"2019/05/16 06:05:00",0,"2019/05/16 06:40:00",V>>SML_NIL_7C,10177.09841,0,0,"2019/05/16 06:00:26",,"2019/04/23 00:00:00",1,-37.43043
D,P5MIN,CONSTRAINTSOLUTION,6,"2019/05/16 06:05:00",0,"2019/05/16 06:40:00",V>>SML_NIL_8,395.22837,0,0,"2019/05/16 06:00:26",,"2019/05/06 00:00:00",1,-51.74106
D,P5MIN,CONSTRAINTSOLUTION,6,"2019/05/16 06:05:00",0,"2019/05/16 06:40:00",V>>SML_NIL_8_5M,395.22837,0,0,"2019/05/16 06:00:26",,"2019/05/06 00:00:00",1,-51.74106
D,P5MIN,CONSTRAINTSOLUTION,6,"2019/05/16 06:05:00",0,"2019/05/16 06:40:00",V>>SML_NSWRB_11,604.17739,0,0,"2019/05/16 06:00:26",,"2019/05/06 00:00:00",1,-113.83918
D,P5MIN,CONSTRAINTSOLUTION,6,"2019/05/16 06:05:00",0,"2019/05/16 06:40:00",V>>S_NIL_DVBG_DVBR,1262.68941,0,0,"2019/05/16 06:00:26",,"2019/05/14 00:00:00",1,216.63276
D,P5MIN,CONSTRAINTSOLUTION,6,"2019/05/16 06:05:00",0,"2019/05/16 06:40:00",V>>V_NIL1A_R,1262.48058,0,0,"2019/05/16 06:00:26",,"2019/05/06 00:00:00",1,-459.54335
D,P5MIN,CONSTRAINTSOLUTION,6,"2019/05/16 06:05:00",0,"2019/05/16 06:40:00",V>>V_NIL_1A,2004.53878,0,0,"2019/05/16 06:00:26",,"2019/05/06 00:00:00",1,442.41855
D,P5MIN,CONSTRAINTSOLUTION,6,"2019/05/16 06:05:00",0,"2019/05/16 06:40:00",V>>V_NIL_1B,2008.5661,0,0,"2019/05/16 06:00:26",,"2019/05/06 00:00:00",1,442.41855
D,P5MIN,CONSTRAINTSOLUTION,6,"2019/05/16 06:05:00",0,"2019/05/16 06:40:00",V>>V_NIL_2A_R,4961.78284,0,0,"2019/05/16 06:00:26",,"2019/05/06 00:00:00",1,2655.41308
D,P5MIN,CONSTRAINTSOLUTION,6,"2019/05/16 06:05:00",0,"2019/05/16 06:40:00",V>>V_NIL_2B_R,14961.78284,0,0,"2019/05/16 06:00:26",,"2019/05/06 00:00:00",1,2475.63508
D,P5MIN,CONSTRAINTSOLUTION,6,"2019/05/16 06:05:00",0,"2019/05/16 06:40:00",V>>V_NIL_3,2236.81099,0,0,"2019/05/16 06:00:26",,"2019/05/06 00:00:00",1,459.48523
D,P5MIN,CONSTRAINTSOLUTION,6,"2019/05/16 06:05:00",0,"2019/05/16 06:40:00",V>>V_NIL_4A,1309.10519,0,0,"2019/05/16 06:00:26",,"2019/05/06 00:00:00",1,89.36355
D,P5MIN,CONSTRAINTSOLUTION,6,"2019/05/16 06:05:00",0,"2019/05/16 06:40:00",V>>V_NIL_4B,1218.14768,0,0,"2019/05/16 06:00:26",,"2019/05/06 00:00:00",1,89.32484
D,P5MIN,CONSTRAINTSOLUTION,6,"2019/05/16 06:05:00",0,"2019/05/16 06:40:00",V>>V_NIL_4C,840.92665,0,0,"2019/05/16 06:00:26",,"2019/05/06 00:00:00",1,89.41182
D,P5MIN,CONSTRAINTSOLUTION,6,"2019/05/16 06:05:00",0,"2019/05/16 06:40:00",V>>V_NIL_5,905.88719,0,0,"2019/05/16 06:00:26",,"2019/05/06 00:00:00",1,-70.76554
D,P5MIN,CONSTRAINTSOLUTION,6,"2019/05/16 06:05:00",0,"2019/05/16 06:40:00",V>>V_NIL_6,423.69769,0,0,"2019/05/16 06:00:26",,"2019/05/06 00:00:00",1,-51.37377
D,P5MIN,CONSTRAINTSOLUTION,6,"2019/05/16 06:05:00",0,"2019/05/16 06:40:00",V>>V_NIL_6A_R,6434.79418,0,0,"2019/05/16 06:00:26",,"2019/05/06 00:00:00",1,3499.87023
D,P5MIN,CONSTRAINTSOLUTION,6,"2019/05/16 06:05:00",0,"2019/05/16 06:40:00",V>>V_NIL_6B_R,16434.79418,0,0,"2019/05/16 06:00:26",,"2019/05/06 00:00:00",1,3203.62223
D,P5MIN,CONSTRAINTSOLUTION,6,"2019/05/16 06:05:00",0,"2019/05/16 06:40:00",V>SML_NSWRB_10,503.2882,0,0,"2019/05/16 06:00:26",,"2019/05/06 00:00:00",1,-102.22652
D,P5MIN,CONSTRAINTSOLUTION,6,"2019/05/16 06:05:00",0,"2019/05/16 06:40:00",V>SML_NSWRB_9,350.22125,0,0,"2019/05/16 06:00:26",,"2019/05/06 00:00:00",1,-77.35212
D,P5MIN,CONSTRAINTSOLUTION,6,"2019/05/16 06:05:00",0,"2019/05/16 06:40:00",V>S_NIL_HYSE,742,0,0,"2019/05/16 06:00:26",,"2015/07/02 00:00:00",1,-132.77518
D,P5MIN,CONSTRAINTSOLUTION,6,"2019/05/16 06:05:00",0,"2019/05/16 06:40:00",V>S_NIL_SETX_SETX,119.80629,0,0,"2019/05/16 06:00:26",,"2019/03/14 00:00:00",2,-3.018
D,P5MIN,CONSTRAINTSOLUTION,6,"2019/05/16 06:05:00",0,"2019/05/16 06:40:00",V>V_NIL_13,468.81372,0,0,"2019/05/16 06:00:26",,"2019/01/11 00:00:00",1,0.39622
D,P5MIN,CONSTRAINTSOLUTION,6,"2019/05/16 06:05:00",0,"2019/05/16 06:40:00",V>V_NIL_14,313.96937,0,0,"2019/05/16 06:00:26",,"2019/01/11 00:00:00",1,0.39622
D,P5MIN,CONSTRAINTSOLUTION,6,"2019/05/16 06:05:00",0,"2019/05/16 06:40:00",V>V_NIL_16,10281.65737,0,0,"2019/05/16 06:00:26",,"2019/01/11 00:00:00",1,0.39622
D,P5MIN,CONSTRAINTSOLUTION,6,"2019/05/16 06:05:00",0,"2019/05/16 06:40:00",V>V_NIL_17,10138.13,0,0,"2019/05/16 06:00:26",,"2019/02/28 00:00:00",1,0
D,P5MIN,CONSTRAINTSOLUTION,6,"2019/05/16 06:05:00",0,"2019/05/16 06:40:00",V>V_NIL_6,649.0902,0,0,"2019/05/16 06:00:26",,"2019/04/23 00:00:00",1,8.67175
D,P5MIN,CONSTRAINTSOLUTION,6,"2019/05/16 06:05:00",0,"2019/05/16 06:40:00",V>V_NIL_7,1050.49978,0,0,"2019/05/16 06:00:26",,"2019/01/29 00:00:00",1,32
D,P5MIN,CONSTRAINTSOLUTION,6,"2019/05/16 06:05:00",0,"2019/05/16 06:40:00",V>V_NIL_9,581.02963,0,0,"2019/05/16 06:00:26",,"2019/03/05 00:00:00",1,8.144
D,P5MIN,CONSTRAINTSOLUTION,6,"2019/05/16 06:05:00",0,"2019/05/16 06:40:00",V>V_NIL_RADIAL_10,12363.17157,0,0,"2019/05/16 06:00:26",,"2019/05/06 00:00:00",1,1456
D,P5MIN,CONSTRAINTSOLUTION,6,"2019/05/16 06:05:00",0,"2019/05/16 06:40:00",V>V_NIL_RADIAL_11,2160.94303,0,0,"2019/05/16 06:00:26",,"2019/01/11 00:00:00",1,1076
D,P5MIN,CONSTRAINTSOLUTION,6,"2019/05/16 06:05:00",0,"2019/05/16 06:40:00",VSML_220,220,0,0,"2019/05/16 06:00:26",,"2012/07/04 00:00:00",1,-9
D,P5MIN,CONSTRAINTSOLUTION,6,"2019/05/16 06:05:00",0,"2019/05/16 06:40:00",VSML_ROC_80,69.21993,0,0,"2019/05/16 06:00:26",,"2016/08/23 00:00:00",1,-9
D,P5MIN,CONSTRAINTSOLUTION,6,"2019/05/16 06:05:00",0,"2019/05/16 06:40:00",VSML_VFRB_OFF,240,0,0,"2019/05/16 06:00:26",,"2013/08/21 00:00:00",1,-9
D,P5MIN,CONSTRAINTSOLUTION,6,"2019/05/16 06:05:00",0,"2019/05/16 06:40:00",VTBL_ROC,300,0,0,"2019/05/16 06:00:26",,"2014/01/15 00:00:00",1,97.16203
D,P5MIN,CONSTRAINTSOLUTION,6,"2019/05/16 06:05:00",0,"2019/05/16 06:40:00",V^SML_NIL_3,194.98579,0,0,"2019/05/16 06:00:26",,"2017/04/18 00:00:00",1,-9
D,P5MIN,CONSTRAINTSOLUTION,6,"2019/05/16 06:05:00",0,"2019/05/16 06:40:00",V^SML_NSWRB_2,242.22497,0,0,"2019/05/16 06:00:26",,"2018/08/06 00:00:00",1,-9
D,P5MIN,CONSTRAINTSOLUTION,6,"2019/05/16 06:05:00",0,"2019/05/16 06:40:00",V^S_HYCP,684.04844,0,0,"2019/05/16 06:00:26",,"2016/07/25 00:00:00",1,-132.77518
D,P5MIN,CONSTRAINTSOLUTION,6,"2019/05/16 06:05:00",0,"2019/05/16 06:40:00",V^^N_NIL_1,573.13324,0,0,"2019/05/16 06:00:26",,"2019/05/15 00:00:00",1,-17.94168
D,P5MIN,CONSTRAINTSOLUTION,6,"2019/05/16 06:05:00",0,"2019/05/16 06:40:00",V^^S_NIL_MAXG_1,639.91123,0,0,"2019/05/16 06:00:26",,"2019/02/05 00:00:00",1,-130.39096
D,P5MIN,CONSTRAINTSOLUTION,6,"2019/05/16 06:05:00",0,"2019/05/16 06:40:00",V^^S_NIL_MAXG_2,10000,0,0,"2019/05/16 06:00:26",,"2019/02/05 00:00:00",1,-129.96844
D,P5MIN,CONSTRAINTSOLUTION,6,"2019/05/16 06:05:00",0,"2019/05/16 06:40:00",V^^S_NIL_MAXG_3,10000,0,0,"2019/05/16 06:00:26",,"2019/02/05 00:00:00",1,-130.20988
D,P5MIN,CONSTRAINTSOLUTION,6,"2019/05/16 06:05:00",0,"2019/05/16 06:40:00",V^^S_NIL_MAXG_SECP_1,10000,0,0,"2019/05/16 06:00:26",,"2019/02/11 00:00:00",1,-130.51168
D,P5MIN,CONSTRAINTSOLUTION,6,"2019/05/16 06:05:00",0,"2019/05/16 06:40:00",V^^S_NIL_MAXG_SECP_2,10000,0,0,"2019/05/16 06:00:26",,"2019/02/11 00:00:00",1,-129.96844
D,P5MIN,CONSTRAINTSOLUTION,6,"2019/05/16 06:05:00",0,"2019/05/16 06:40:00",V^^S_NIL_SETB_SECP_1,10000,0,0,"2019/05/16 06:00:26",,"2019/02/11 00:00:00",1,-129.99862
D,P5MIN,CONSTRAINTSOLUTION,6,"2019/05/16 06:05:00",0,"2019/05/16 06:40:00",V^^S_NIL_SETB_SECP_2,10000,0,0,"2019/05/16 06:00:26",,"2019/02/11 00:00:00",1,-129.84772
D,P5MIN,CONSTRAINTSOLUTION,6,"2019/05/16 06:05:00",0,"2019/05/16 06:40:00",V^^S_NIL_TBSE_1,789.40572,0,0,"2019/05/16 06:00:26",,"2019/02/04 00:00:00",1,-129.99862
D,P5MIN,CONSTRAINTSOLUTION,6,"2019/05/16 06:05:00",0,"2019/05/16 06:40:00",V^^S_NIL_TBSE_2,10000,0,0,"2019/05/16 06:00:26",,"2019/02/04 00:00:00",1,-129.84772
D,P5MIN,CONSTRAINTSOLUTION,6,"2019/05/16 06:05:00",0,"2019/05/16 06:40:00",V^^S_TBTX_MAXG,633.53831,0,0,"2019/05/16 06:00:26",,"2019/02/21 00:00:00",1,-130.27024
D,P5MIN,CONSTRAINTSOLUTION,6,"2019/05/16 06:05:00",0,"2019/05/16 06:40:00",V^^S_TBTX_MAXG_2-DS,10000,0,0,"2019/05/16 06:00:26",,"2019/02/21 00:00:00",1,-129.63646
D,P5MIN,CONSTRAINTSOLUTION,6,"2019/05/16 06:05:00",0,"2019/05/16 06:40:00",V^^S_TBTX_SETB,799.40097,0,0,"2019/05/16 06:00:26",,"2019/02/21 00:00:00",1,-129.78736
D,P5MIN,CONSTRAINTSOLUTION,6,"2019/05/16 06:05:00",0,"2019/05/16 06:40:00",V^^S_TBTX_SETB_2-DS,10000,0,0,"2019/05/16 06:00:26",,"2019/02/21 00:00:00",1,-129.60628
D,P5MIN,CONSTRAINTSOLUTION,6,"2019/05/16 06:05:00",0,"2019/05/16 06:40:00",V_GANWR_SF_BAT_50,50.001,0,0,"2019/05/16 06:00:26",,"2019/01/24 00:00:00",1,0
D,P5MIN,CONSTRAINTSOLUTION,6,"2019/05/16 06:05:00",0,"2019/05/16 06:40:00",V_S_NIL_ROCOF,1273.80002,0,0,"2019/05/16 06:00:26",,"2019/01/03 00:00:00",1,-132.77518
D,P5MIN,CONSTRAINTSOLUTION,6,"2019/05/16 06:05:00",0,"2019/05/16 06:40:00",V_T_NIL_BL1,478,0,0,"2019/05/16 06:00:26",,"2014/11/11 00:00:00",1,97.16203
D,P5MIN,CONSTRAINTSOLUTION,6,"2019/05/16 06:05:00",0,"2019/05/16 06:40:00",V_T_NIL_FCSPS,443.3606,0,0,"2019/05/16 06:00:26",,"2016/12/20 00:00:00",1,97.16203
D,P5MIN,CONSTRAINTSOLUTION,6,"2019/05/16 06:05:00",0,"2019/05/16 06:45:00",#R018834_001_RAMP_F,3.08531,0,0,"2019/05/16 06:00:26",,"2019/05/16 00:00:00",1,0.001
D,P5MIN,CONSTRAINTSOLUTION,6,"2019/05/16 06:05:00",0,"2019/05/16 06:45:00",#R018834_001_RAMP_V,0.001,-103.78892,0,"2019/05/16 06:00:26",,"2019/05/16 00:00:00",1,0.001
D,P5MIN,CONSTRAINTSOLUTION,6,"2019/05/16 06:05:00",0,"2019/05/16 06:45:00",#R018836_001_RAMP_F,92,0,0,"2019/05/16 06:00:26",,"2019/05/16 00:00:00",1,-73
D,P5MIN,CONSTRAINTSOLUTION,6,"2019/05/16 06:05:00",0,"2019/05/16 06:45:00",#R018836_001_RAMP_V,92,0,0,"2019/05/16 06:00:26",,"2019/05/16 00:00:00",1,-73
D,P5MIN,CONSTRAINTSOLUTION,6,"2019/05/16 06:05:00",0,"2019/05/16 06:45:00",#R018836_002_RAMP_F,145,0,0,"2019/05/16 06:00:26",,"2019/05/16 00:00:00",1,73
D,P5MIN,CONSTRAINTSOLUTION,6,"2019/05/16 06:05:00",0,"2019/05/16 06:45:00",#R018836_002_RAMP_V,145,0,0,"2019/05/16 06:00:26",,"2019/05/16 00:00:00",1,73
D,P5MIN,CONSTRAINTSOLUTION,6,"2019/05/16 06:05:00",0,"2019/05/16 06:45:00",DATASNAP,10075.237,0,0,"2019/05/16 06:00:26",,"2018/04/13 00:00:00",1,-73
D,P5MIN,CONSTRAINTSOLUTION,6,"2019/05/16 06:05:00",0,"2019/05/16 06:45:00",DATASNAP_DFS_LS,10040.54472,0,0,"2019/05/16 06:00:26",,"2018/04/13 00:00:00",1,-73
D,P5MIN,CONSTRAINTSOLUTION,6,"2019/05/16 06:05:00",0,"2019/05/16 06:45:00",DATASNAP_DFS_NCAN,10422.86758,0,0,"2019/05/16 06:00:26",,"2013/08/21 00:00:00",1,-73
D,P5MIN,CONSTRAINTSOLUTION,6,"2019/05/16 06:05:00",0,"2019/05/16 06:45:00",DATASNAP_DFS_NCWEST,10491.93262,0,0,"2019/05/16 06:00:26",,"2013/08/21 00:00:00",1,-73
D,P5MIN,CONSTRAINTSOLUTION,6,"2019/05/16 06:05:00",0,"2019/05/16 06:45:00",DATASNAP_DFS_NNTH,10429.49515,0,0,"2019/05/16 06:00:26",,"2013/08/21 00:00:00",1,-73
D,P5MIN,CONSTRAINTSOLUTION,6,"2019/05/16 06:05:00",0,"2019/05/16 06:45:00",DATASNAP_DFS_NSYD,13053.99756,0,0,"2019/05/16 06:00:26",,"2013/08/21 00:00:00",1,-73
D,P5MIN,CONSTRAINTSOLUTION,6,"2019/05/16 06:05:00",0,"2019/05/16 06:45:00",DATASNAP_DFS_NTE,10016.5,0,0,"2019/05/16 06:00:26",,"2018/04/13 00:00:00",1,-73
D,P5MIN,CONSTRAINTSOLUTION,6,"2019/05/16 06:05:00",0,"2019/05/16 06:45:00",DATASNAP_DFS_QCEN,10719.8429,0,0,"2019/05/16 06:00:26",,"2013/08/21 00:00:00",1,-73
D,P5MIN,CONSTRAINTSOLUTION,6,"2019/05/16 06:05:00",0,"2019/05/16 06:45:00",DATASNAP_DFS_QCIND,10858.3009,0,0,"2019/05/16 06:00:26",,"2013/08/21 00:00:00",1,-73
D,P5MIN,CONSTRAINTSOLUTION,6,"2019/05/16 06:05:00",0,"2019/05/16 06:45:00",DATASNAP_DFS_QFNQ,10167.22055,0,0,"2019/05/16 06:00:26",,"2013/08/21 00:00:00",1,-73
D,P5MIN,CONSTRAINTSOLUTION,6,"2019/05/16 06:05:00",0,"2019/05/16 06:45:00",DATASNAP_DFS_QNTH,10612.99072,0,0,"2019/05/16 06:00:26",,"2013/08/21 00:00:00",1,-73
D,P5MIN,CONSTRAINTSOLUTION,6,"2019/05/16 06:05:00",0,"2019/05/16 06:45:00",DATASNAP_DFS_QSTHE,11788.17114,0,0,"2019/05/16 06:00:26",,"2013/08/21 00:00:00",1,-73
D,P5MIN,CONSTRAINTSOLUTION,6,"2019/05/16 06:05:00",0,"2019/05/16 06:45:00",DATASNAP_DFS_QSTHW,11721.88648,0,0,"2019/05/16 06:00:26",,"2013/08/21 00:00:00",1,-73
D,P5MIN,CONSTRAINTSOLUTION,6,"2019/05/16 06:05:00",0,"2019/05/16 06:45:00",DATASNAP_DFS_Q_BCCP,10733.14429,0,0,"2019/05/16 06:00:26",,"2015/12/16 00:00:00",1,-73
D,P5MIN,CONSTRAINTSOLUTION,6,"2019/05/16 06:05:00",0,"2019/05/16 06:45:00",DATASNAP_DFS_Q_BCRG,10781.61249,0,0,"2019/05/16 06:00:26",,"2015/12/16 00:00:00",1,-73
D,P5MIN,CONSTRAINTSOLUTION,6,"2019/05/16 06:05:00",0,"2019/05/16 06:45:00",DATASNAP_DFS_Q_CLST,10863.02783,0,0,"2019/05/16 06:00:26",,"2013/08/21 00:00:00",1,-73
D,P5MIN,CONSTRAINTSOLUTION,6,"2019/05/16 06:05:00",0,"2019/05/16 06:45:00",DATASNAP_DFS_Q_CLWU,10862.10803,0,0,"2019/05/16 06:00:26",,"2013/08/21 00:00:00",1,-73
D,P5MIN,CONSTRAINTSOLUTION,6,"2019/05/16 06:05:00",0,"2019/05/16 06:45:00",DATASNAP_DFS_Q_LCCP,10764.94641,0,0,"2019/05/16 06:00:26",,"2015/12/16 00:00:00",1,-73
D,P5MIN,CONSTRAINTSOLUTION,6,"2019/05/16 06:05:00",0,"2019/05/16 06:45:00",DATASNAP_DFS_Q_RGLC,10742.92328,0,0,"2019/05/16 06:00:26",,"2017/10/19 00:00:00",1,-73
D,P5MIN,CONSTRAINTSOLUTION,6,"2019/05/16 06:05:00",0,"2019/05/16 06:45:00",DATASNAP_DFS_Q_TAMR,10315.4393,0,0,"2019/05/16 06:00:26",,"2013/08/21 00:00:00",1,-73
D,P5MIN,CONSTRAINTSOLUTION,6,"2019/05/16 06:05:00",0,"2019/05/16 06:45:00",DATASNAP_DFS_Q_TAMR2,10315.4393,0,0,"2019/05/16 06:00:26",,"2017/10/19 00:00:00",1,-73
D,P5MIN,CONSTRAINTSOLUTION,6,"2019/05/16 06:05:00",0,"2019/05/16 06:45:00",DATASNAP_DFS_SADL,10645.47986,0,0,"2019/05/16 06:00:26",,"2013/08/21 00:00:00",1,-73
D,P5MIN,CONSTRAINTSOLUTION,6,"2019/05/16 06:05:00",0,"2019/05/16 06:45:00",DATASNAP_DFS_SNTH,10222.45367,0,0,"2019/05/16 06:00:26",,"2013/08/21 00:00:00",1,-73
D,P5MIN,CONSTRAINTSOLUTION,6,"2019/05/16 06:05:00",0,"2019/05/16 06:45:00",DATASNAP_DFS_SRIV,10036.63096,0,0,"2019/05/16 06:00:26",,"2013/08/21 00:00:00",1,-73
D,P5MIN,CONSTRAINTSOLUTION,6,"2019/05/16 06:05:00",0,"2019/05/16 06:45:00",DATASNAP_DFS_SSE,10072.76515,0,0,"2019/05/16 06:00:26",,"2013/08/21 00:00:00",1,-73
D,P5MIN,CONSTRAINTSOLUTION,6,"2019/05/16 06:05:00",0,"2019/05/16 06:45:00",DATASNAP_DFS_SWNSW,10683.52637,0,0,"2019/05/16 06:00:26",,"2018/04/13 00:00:00",1,-73
D,P5MIN,CONSTRAINTSOLUTION,6,"2019/05/16 06:05:00",0,"2019/05/16 06:45:00",DATASNAP_DFS_TNTH,10115.55936,0,0,"2019/05/16 06:00:26",,"2013/08/21 00:00:00",1,-73
D,P5MIN,CONSTRAINTSOLUTION,6,"2019/05/16 06:05:00",0,"2019/05/16 06:45:00",DATASNAP_DFS_TNWEST,10136.63858,0,0,"2019/05/16 06:00:26",,"2013/08/21 00:00:00",1,-73
D,P5MIN,CONSTRAINTSOLUTION,6,"2019/05/16 06:05:00",0,"2019/05/16 06:45:00",DATASNAP_DFS_TWCST,10062.04958,0,0,"2019/05/16 06:00:26",,"2013/08/21 00:00:00",1,-73
D,P5MIN,CONSTRAINTSOLUTION,6,"2019/05/16 06:05:00",0,"2019/05/16 06:45:00",DATASNAP_DFS_T_FASH1,10603.84314,0,0,"2019/05/16 06:00:26",,"2016/03/17 00:00:00",1,-73
D,P5MIN,CONSTRAINTSOLUTION,6,"2019/05/16 06:05:00",0,"2019/05/16 06:45:00",DATASNAP_DFS_T_GOCS1,10475.63501,0,0,"2019/05/16 06:00:26",,"2016/03/17 00:00:00",1,-73
D,P5MIN,CONSTRAINTSOLUTION,6,"2019/05/16 06:05:00",0,"2019/05/16 06:45:00",DATASNAP_DFS_T_HAGT1,10460.06867,0,0,"2019/05/16 06:00:26",,"2016/03/17 00:00:00",1,-73
D,P5MIN,CONSTRAINTSOLUTION,6,"2019/05/16 06:05:00",0,"2019/05/16 06:45:00",DATASNAP_DFS_T_PMHA1,10476.4953,0,0,"2019/05/16 06:00:26",,"2016/03/17 00:00:00",1,-73
D,P5MIN,CONSTRAINTSOLUTION,6,"2019/05/16 06:05:00",0,"2019/05/16 06:45:00",DATASNAP_DFS_T_PMHA3,10145.60226,0,0,"2019/05/16 06:00:26",,"2016/03/17 00:00:00",1,-73
D,P5MIN,CONSTRAINTSOLUTION,6,"2019/05/16 06:05:00",0,"2019/05/16 06:45:00",DATASNAP_DFS_T_SHGT,10517.61713,0,0,"2019/05/16 06:00:26",,"2013/08/21 00:00:00",1,-73
D,P5MIN,CONSTRAINTSOLUTION,6,"2019/05/16 06:05:00",0,"2019/05/16 06:45:00",DATASNAP_DFS_T_SHPM,10394.73419,0,0,"2019/05/16 06:00:26",,"2016/03/17 00:00:00",1,-73
D,P5MIN,CONSTRAINTSOLUTION,6,"2019/05/16 06:05:00",0,"2019/05/16 06:45:00",DATASNAP_DFS_T_TATU,10119.94269,0,0,"2019/05/16 06:00:26",,"2013/08/21 00:00:00",1,-73
D,P5MIN,CONSTRAINTSOLUTION,6,"2019/05/16 06:05:00",0,"2019/05/16 06:45:00",DATASNAP_DFS_T_WALE,10145.79652,0,0,"2019/05/16 06:00:26",,"2016/03/17 00:00:00",1,-73
D,P5MIN,CONSTRAINTSOLUTION,6,"2019/05/16 06:05:00",0,"2019/05/16 06:45:00",DATASNAP_DFS_VIC_SG,10717.1673,0,0,"2019/05/16 06:00:26",,"2018/04/13 00:00:00",1,-73
D,P5MIN,CONSTRAINTSOLUTION,6,"2019/05/16 06:05:00",0,"2019/05/16 06:45:00",DATASNAP_DFS_VMEL,13086.47705,0,0,"2019/05/16 06:00:26",,"2013/08/21 00:00:00",1,-73
D,P5MIN,CONSTRAINTSOLUTION,6,"2019/05/16 06:05:00",0,"2019/05/16 06:45:00",DATASNAP_DFS_V_BABE,10437.45743,0,0,"2019/05/16 06:00:26",,"2013/08/21 00:00:00",1,-73
D,P5MIN,CONSTRAINTSOLUTION,6,"2019/05/16 06:05:00",0,"2019/05/16 06:45:00",DATASNAP_PDID_1,10020,0,0,"2019/05/16 06:00:26",,"2018/04/13 00:00:00",1,-73
D,P5MIN,CONSTRAINTSOLUTION,6,"2019/05/16 06:05:00",0,"2019/05/16 06:45:00",DATASNAP_Q::NIL_CS,14353.23546,0,0,"2019/05/16 06:00:26",,"2018/09/17 00:00:00",2,3738.3801
D,P5MIN,CONSTRAINTSOLUTION,6,"2019/05/16 06:05:00",0,"2019/05/16 06:45:00",DATASNAP_Q>NIL_BI_FB,10535.11011,0,0,"2019/05/16 06:00:26",,"2018/10/16 00:00:00",1,-73
D,P5MIN,CONSTRAINTSOLUTION,6,"2019/05/16 06:05:00",0,"2019/05/16 06:45:00",DATASNAP_TE_967_1,10016.5,0,0,"2019/05/16 06:00:26",,"2018/04/13 00:00:00",1,-73
D,P5MIN,CONSTRAINTSOLUTION,6,"2019/05/16 06:05:00",0,"2019/05/16 06:45:00",DATASNAP_T_PD_INER,10075.237,0,0,"2019/05/16 06:00:26",,"2018/04/13 00:00:00",1,-73
D,P5MIN,CONSTRAINTSOLUTION,6,"2019/05/16 06:05:00",0,"2019/05/16 06:45:00",DATASNAP_T_PD_INER2,10075.237,0,0,"2019/05/16 06:00:26",,"2018/04/13 00:00:00",1,-73
D,P5MIN,CONSTRAINTSOLUTION,6,"2019/05/16 06:05:00",0,"2019/05/16 06:45:00",DATA_MMS_ALERT1,10274,0,0,"2019/05/16 06:00:26",,"2013/08/21 00:00:00",1,-73
D,P5MIN,CONSTRAINTSOLUTION,6,"2019/05/16 06:05:00",0,"2019/05/16 06:45:00",DSANP_Q^^NIL_TR_CLHA,16679.03455,0,0,"2019/05/16 06:00:26",,"2018/01/10 00:00:00",1,3682.35297
D,P5MIN,CONSTRAINTSOLUTION,6,"2019/05/16 06:05:00",0,"2019/05/16 06:45:00",DSNAP_DFS_V_BABE_5M,10437.45743,0,0,"2019/05/16 06:00:26",,"2014/05/19 00:00:00",1,-73
D,P5MIN,CONSTRAINTSOLUTION,6,"2019/05/16 06:05:00",0,"2019/05/16 06:45:00",DSNAP_DFS_V_BAML,10547.03973,0,0,"2019/05/16 06:00:26",,"2014/05/19 00:00:00",1,-73
D,P5MIN,CONSTRAINTSOLUTION,6,"2019/05/16 06:05:00",0,"2019/05/16 06:45:00",DSNAP_DFS_V_BAML_5M,10612.92407,0,0,"2019/05/16 06:00:26",,"2014/05/19 00:00:00",1,-73
D,P5MIN,CONSTRAINTSOLUTION,6,"2019/05/16 06:05:00",0,"2019/05/16 06:45:00",DSNAP_DFS_V_DDMB,10596.1756,0,0,"2019/05/16 06:00:26",,"2014/05/19 00:00:00",1,-73
D,P5MIN,CONSTRAINTSOLUTION,6,"2019/05/16 06:05:00",0,"2019/05/16 06:45:00",DSNAP_DFS_V_DDMS,11405.73242,0,0,"2019/05/16 06:00:26",,"2019/01/29 00:00:00",1,-73
D,P5MIN,CONSTRAINTSOLUTION,6,"2019/05/16 06:05:00",0,"2019/05/16 06:45:00",DSNAP_DFS_V_DDSM,11177.79468,0,0,"2019/05/16 06:00:26",,"2014/05/19 00:00:00",1,-73
D,P5MIN,CONSTRAINTSOLUTION,6,"2019/05/16 06:05:00",0,"2019/05/16 06:45:00",DSNAP_DFS_V_NIL_3,12186.62686,0,0,"2019/05/16 06:00:26",,"2018/09/03 00:00:00",1,597.36955
D,P5MIN,CONSTRAINTSOLUTION,6,"2019/05/16 06:05:00",0,"2019/05/16 06:45:00",DSNAP_DFS_V_NIL_8,10739.00883,0,0,"2019/05/16 06:00:26",,"2018/09/03 00:00:00",1,-46.49151
D,P5MIN,CONSTRAINTSOLUTION,6,"2019/05/16 06:05:00",0,"2019/05/16 06:45:00",DSNAP_DFS_V_ROYP,10550.91681,0,0,"2019/05/16 06:00:26",,"2014/05/19 00:00:00",1,-73
D,P5MIN,CONSTRAINTSOLUTION,6,"2019/05/16 06:05:00",0,"2019/05/16 06:45:00",DSNAP_Q>>CPGG1_OUT,14106.15621,0,0,"2019/05/16 06:00:26",,"2018/08/24 00:00:00",1,-73
D,P5MIN,CONSTRAINTSOLUTION,6,"2019/05/16 06:05:00",0,"2019/05/16 06:45:00",DSNAP_Q>>GGWU_OUT_1,13068.35991,0,0,"2019/05/16 06:00:26",,"2018/06/27 00:00:00",1,-73
D,P5MIN,CONSTRAINTSOLUTION,6,"2019/05/16 06:05:00",0,"2019/05/16 06:45:00",DSNAP_Q>>GGWU_OUT_2,14085.41993,0,0,"2019/05/16 06:00:26",,"2018/07/19 00:00:00",1,-73
D,P5MIN,CONSTRAINTSOLUTION,6,"2019/05/16 06:05:00",0,"2019/05/16 06:45:00",DSNAP_Q>NIL_TV66,10410.96779,0,0,"2019/05/16 06:00:26",,"2018/08/17 00:00:00",2,0.001
D,P5MIN,CONSTRAINTSOLUTION,6,"2019/05/16 06:05:00",0,"2019/05/16 06:45:00",DSNAP_QNI_1100_DYN,11100,0,0,"2019/05/16 06:00:26",,"2019/03/11 00:00:00",1,572.84937
D,P5MIN,CONSTRAINTSOLUTION,6,"2019/05/16 06:05:00",0,"2019/05/16 06:45:00",DSNAP_QNI_1150_DYN,11150,0,0,"2019/05/16 06:00:26",,"2019/03/11 00:00:00",1,572.84937
D,P5MIN,CONSTRAINTSOLUTION,6,"2019/05/16 06:05:00",0,"2019/05/16 06:45:00",DSNAP_Q^CN_FDR-180,-10674.29447,0,0,"2019/05/16 06:00:26",,"2018/11/30 00:00:00",2,46.224
D,P5MIN,CONSTRAINTSOLUTION,6,"2019/05/16 06:05:00",0,"2019/05/16 06:45:00",DSNAP_Q^CN_FDR_CO_OP,-10390.30647,0,0,"2019/05/16 06:00:26",,"2018/11/30 00:00:00",2,373.94195
D,P5MIN,CONSTRAINTSOLUTION,6,"2019/05/16 06:05:00",0,"2019/05/16 06:45:00",DSNAP_Q^WOPW_WOSP_O,14257.54383,0,0,"2019/05/16 06:00:26",,"2019/05/01 00:00:00",1,3742.22528
D,P5MIN,CONSTRAINTSOLUTION,6,"2019/05/16 06:05:00",0,"2019/05/16 06:45:00",DSNAP_Q^^NIL_SRAR,10973.86409,0,0,"2019/05/16 06:00:26",,"2019/03/29 00:00:00",1,816.38617
D,P5MIN,CONSTRAINTSOLUTION,6,"2019/05/16 06:05:00",0,"2019/05/16 06:45:00",DSNAP_Q^^TR_CLHA,15245.08414,0,0,"2019/05/16 06:00:26",,"2018/01/12 00:00:00",1,2079.55762
D,P5MIN,CONSTRAINTSOLUTION,6,"2019/05/16 06:05:00",0,"2019/05/16 06:45:00",DSNAP_Q^^TR_TRBK,15549.91235,0,0,"2019/05/16 06:00:26",,"2018/01/12 00:00:00",1,2920.06736
D,P5MIN,CONSTRAINTSOLUTION,6,"2019/05/16 06:05:00",0,"2019/05/16 06:45:00",DSNAP_Q^^TR_TRBK_2,16077.89147,0,0,"2019/05/16 06:00:26",,"2018/12/12 00:00:00",1,4008.90375
D,P5MIN,CONSTRAINTSOLUTION,6,"2019/05/16 06:05:00",0,"2019/05/16 06:45:00",DSNAP_Q_TR_2000,14548.67762,0,0,"2019/05/16 06:00:26",,"2018/12/24 00:00:00",1,4526.12068
D,P5MIN,CONSTRAINTSOLUTION,6,"2019/05/16 06:05:00",0,"2019/05/16 06:45:00",DSNAP_S:VS_650_DYN,10650,0,0,"2019/05/16 06:00:26",,"2019/03/11 00:00:00",1,134.62337
D,P5MIN,CONSTRAINTSOLUTION,6,"2019/05/16 06:05:00",0,"2019/05/16 06:45:00",DSNAP_S:VS_700_DYN,10700,0,0,"2019/05/16 06:00:26",,"2019/03/11 00:00:00",1,134.62337
D,P5MIN,CONSTRAINTSOLUTION,6,"2019/05/16 06:05:00",0,"2019/05/16 06:45:00",DSNAP_S:V_500_DYN,10500,0,0,"2019/05/16 06:00:26",,"2019/03/11 00:00:00",1,125.62337
D,P5MIN,CONSTRAINTSOLUTION,6,"2019/05/16 06:05:00",0,"2019/05/16 06:45:00",DSNAP_S:V_550_DYN,10550,0,0,"2019/05/16 06:00:26",,"2019/03/11 00:00:00",1,125.62337
D,P5MIN,CONSTRAINTSOLUTION,6,"2019/05/16 06:05:00",0,"2019/05/16 06:45:00",DSNAP_S>V_460_DYN,10460,0,0,"2019/05/16 06:00:26",,"2019/03/11 00:00:00",1,125.62337
D,P5MIN,CONSTRAINTSOLUTION,6,"2019/05/16 06:05:00",0,"2019/05/16 06:45:00",DSNAP_SA_UNITS_ON,10010,0,0,"2019/05/16 06:00:26",,"2016/05/16 00:00:00",1,-73
D,P5MIN,CONSTRAINTSOLUTION,6,"2019/05/16 06:05:00",0,"2019/05/16 06:45:00",DSNAP_SNIL_1,10660.07794,0,0,"2019/05/16 06:00:26",,"2016/04/11 00:00:00",1,123.49649
D,P5MIN,CONSTRAINTSOLUTION,6,"2019/05/16 06:05:00",0,"2019/05/16 06:45:00",DSNAP_SNIL_2,10670.67884,0,0,"2019/05/16 06:00:26",,"2016/04/11 00:00:00",1,-123.40787
D,P5MIN,CONSTRAINTSOLUTION,6,"2019/05/16 06:05:00",0,"2019/05/16 06:45:00",DSNAP_SNIL_3,20643.71842,0,0,"2019/05/16 06:00:26",,"2016/04/11 00:00:00",1,-122.90569
D,P5MIN,CONSTRAINTSOLUTION,6,"2019/05/16 06:05:00",0,"2019/05/16 06:45:00",DSNAP_SNIL_4,20725.30827,0,0,"2019/05/16 06:00:26",,"2016/04/11 00:00:00",1,-122.63983
D,P5MIN,CONSTRAINTSOLUTION,6,"2019/05/16 06:05:00",0,"2019/05/16 06:45:00",DSNAP_SNIL_5,10639.86636,0,0,"2019/05/16 06:00:26",,"2016/04/11 00:00:00",1,-123.28971
D,P5MIN,CONSTRAINTSOLUTION,6,"2019/05/16 06:05:00",0,"2019/05/16 06:45:00",DSNAP_SNIL_6,10776.51438,0,0,"2019/05/16 06:00:26",,"2016/04/11 00:00:00",1,-122.63983
D,P5MIN,CONSTRAINTSOLUTION,6,"2019/05/16 06:05:00",0,"2019/05/16 06:45:00",DSNAP_SNIL_7,20580.43575,0,0,"2019/05/16 06:00:26",,"2016/04/11 00:00:00",1,-123.40787
D,P5MIN,CONSTRAINTSOLUTION,6,"2019/05/16 06:05:00",0,"2019/05/16 06:45:00",DSNAP_SNIL_8,20764.30753,0,0,"2019/05/16 06:00:26",,"2016/04/11 00:00:00",1,-122.90569
D,P5MIN,CONSTRAINTSOLUTION,6,"2019/05/16 06:05:00",0,"2019/05/16 06:45:00",DSNAP_SNIL_9,10789.40572,0,0,"2019/05/16 06:00:26",,"2016/04/11 00:00:00",1,-122.90569
D,P5MIN,CONSTRAINTSOLUTION,6,"2019/05/16 06:05:00",0,"2019/05/16 06:45:00",DSNAP_SNIL_TBTU_TBMO,10230.34592,0,0,"2019/05/16 06:00:26",,"2015/06/29 00:00:00",2,-73
D,P5MIN,CONSTRAINTSOLUTION,6,"2019/05/16 06:05:00",0,"2019/05/16 06:45:00",DSNAP_SV_250_DYN,10250,0,0,"2019/05/16 06:00:26",,"2019/03/11 00:00:00",1,125.62337
D,P5MIN,CONSTRAINTSOLUTION,6,"2019/05/16 06:05:00",0,"2019/05/16 06:45:00",DSNAP_S_NOTI_NOTI_3,10139.63026,0,0,"2019/05/16 06:00:26",,"2014/02/24 00:00:00",1,-73
D,P5MIN,CONSTRAINTSOLUTION,6,"2019/05/16 06:05:00",0,"2019/05/16 06:45:00",DSNAP_S_SETX_SETX,10297.87285,0,0,"2019/05/16 06:00:26",,"2014/02/17 00:00:00",1,-73
D,P5MIN,CONSTRAINTSOLUTION,6,"2019/05/16 06:05:00",0,"2019/05/16 06:45:00",DSNAP_S_V_000_DYN,9975,0,0,"2019/05/16 06:00:26",,"2019/03/11 00:00:00",1,125.62337
D,P5MIN,CONSTRAINTSOLUTION,6,"2019/05/16 06:05:00",0,"2019/05/16 06:45:00",DSNAP_T_NIL_BL_6,10138.34555,0,0,"2019/05/16 06:00:26",,"2017/07/21 00:00:00",1,-128.34646
D,P5MIN,CONSTRAINTSOLUTION,6,"2019/05/16 06:05:00",0,"2019/05/16 06:45:00",DSNAP_V:SS_650_DYN,10650,0,0,"2019/05/16 06:00:26",,"2019/03/11 00:00:00",1,-134.62337
D,P5MIN,CONSTRAINTSOLUTION,6,"2019/05/16 06:05:00",0,"2019/05/16 06:45:00",DSNAP_V:SS_720_DYN,10720,0,0,"2019/05/16 06:00:26",,"2019/03/11 00:00:00",1,-134.62337
D,P5MIN,CONSTRAINTSOLUTION,6,"2019/05/16 06:05:00",0,"2019/05/16 06:45:00",DSNAP_V:SS_790_DYN,10790,0,0,"2019/05/16 06:00:26",,"2019/03/11 00:00:00",1,-134.62337
D,P5MIN,CONSTRAINTSOLUTION,6,"2019/05/16 06:05:00",0,"2019/05/16 06:45:00",DSNAP_V:SS_820_DYN,10820,0,0,"2019/05/16 06:00:26",,"2019/03/11 00:00:00",1,-134.62337
D,P5MIN,CONSTRAINTSOLUTION,6,"2019/05/16 06:05:00",0,"2019/05/16 06:45:00",DSNAP_V:SS_850_DYN,10850,0,0,"2019/05/16 06:00:26",,"2019/03/11 00:00:00",1,-134.62337
D,P5MIN,CONSTRAINTSOLUTION,6,"2019/05/16 06:05:00",0,"2019/05/16 06:45:00",DSNAP_V:SS_870_DYN,10870,0,0,"2019/05/16 06:00:26",,"2019/03/11 00:00:00",1,-134.62337
D,P5MIN,CONSTRAINTSOLUTION,6,"2019/05/16 06:05:00",0,"2019/05/16 06:45:00",DSNAP_V:S_500_DYN,10500,0,0,"2019/05/16 06:00:26",,"2019/03/11 00:00:00",1,-125.62337
D,P5MIN,CONSTRAINTSOLUTION,6,"2019/05/16 06:05:00",0,"2019/05/16 06:45:00",DSNAP_V:S_570_DYN,10570,0,0,"2019/05/16 06:00:26",,"2019/03/11 00:00:00",1,-125.62337
D,P5MIN,CONSTRAINTSOLUTION,6,"2019/05/16 06:05:00",0,"2019/05/16 06:45:00",DSNAP_V:S_600_DYN,10600,0,0,"2019/05/16 06:00:26",,"2019/03/11 00:00:00",1,-125.62337
D,P5MIN,CONSTRAINTSOLUTION,6,"2019/05/16 06:05:00",0,"2019/05/16 06:45:00",DSNAP_V:S_650_DYN,10650,0,0,"2019/05/16 06:00:26",,"2019/03/11 00:00:00",1,-125.62337
D,P5MIN,CONSTRAINTSOLUTION,6,"2019/05/16 06:05:00",0,"2019/05/16 06:45:00",DSNAP_V>>V_NIL_1A,12008.17703,0,0,"2019/05/16 06:00:26",,"2019/01/29 00:00:00",1,540.03698
D,P5MIN,CONSTRAINTSOLUTION,6,"2019/05/16 06:05:00",0,"2019/05/16 06:45:00",DSNAP_V>>V_NIL_1C,11961.39303,0,0,"2019/05/16 06:00:26",,"2019/01/23 00:00:00",1,540.03698
D,P5MIN,CONSTRAINTSOLUTION,6,"2019/05/16 06:05:00",0,"2019/05/16 06:45:00",DSNAP_V>>V_NIL_1D,11964.69831,0,0,"2019/05/16 06:00:26",,"2019/01/23 00:00:00",1,540.03698
D,P5MIN,CONSTRAINTSOLUTION,6,"2019/05/16 06:05:00",0,"2019/05/16 06:45:00",DSNAP_V>S_460_DYN,10460,0,0,"2019/05/16 06:00:26",,"2019/03/11 00:00:00",1,-125.62337
D,P5MIN,CONSTRAINTSOLUTION,6,"2019/05/16 06:05:00",0,"2019/05/16 06:45:00",DSNAP_V>V_NIL_7,11050.49978,0,0,"2019/05/16 06:00:26",,"2019/01/24 00:00:00",1,32
D,P5MIN,CONSTRAINTSOLUTION,6,"2019/05/16 06:05:00",0,"2019/05/16 06:45:00",DSNAP_VS_250_DYN,10250,0,0,"2019/05/16 06:00:26",,"2019/03/11 00:00:00",1,-125.62337
D,P5MIN,CONSTRAINTSOLUTION,6,"2019/05/16 06:05:00",0,"2019/05/16 06:45:00",F_I+LREG_0120,120,0,0,"2019/05/16 06:00:26",,"2013/08/21 00:00:00",1,190
D,P5MIN,CONSTRAINTSOLUTION,6,"2019/05/16 06:05:00",0,"2019/05/16 06:45:00",F_I+LREG_0190,190,12.31,0,"2019/05/16 06:00:26",,"2019/04/16 00:00:00",1,190
D,P5MIN,CONSTRAINTSOLUTION,6,"2019/05/16 06:05:00",0,"2019/05/16 06:45:00",F_I+ML_L5_0400,299.12453,0,0,"2019/05/16 06:00:26",,"2013/08/21 00:00:00",1,392.42
D,P5MIN,CONSTRAINTSOLUTION,6,"2019/05/16 06:05:00",0,"2019/05/16 06:45:00",F_I+ML_L60_0400,26.84578,0,0,"2019/05/16 06:00:26",,"2013/08/21 00:00:00",1,120.15
D,P5MIN,CONSTRAINTSOLUTION,6,"2019/05/16 06:05:00",0,"2019/05/16 06:45:00",F_I+ML_L6_0400,26.84578,0.01,0,"2019/05/16 06:00:26",,"2013/08/21 00:00:00",1,26.85
D,P5MIN,CONSTRAINTSOLUTION,6,"2019/05/16 06:05:00",0,"2019/05/16 06:45:00",F_I+NIL_APD_TL_L5,392.42452,0.19,0,"2019/05/16 06:00:26",,"2014/03/03 00:00:00",1,392.42
D,P5MIN,CONSTRAINTSOLUTION,6,"2019/05/16 06:05:00",0,"2019/05/16 06:45:00",F_I+NIL_APD_TL_L6,-203.80492,0,0,"2019/05/16 06:00:26",,"2014/03/03 00:00:00",1,26.85
D,P5MIN,CONSTRAINTSOLUTION,6,"2019/05/16 06:05:00",0,"2019/05/16 06:45:00",F_I+NIL_APD_TL_L60,120.14576,0.04,0,"2019/05/16 06:00:26",,"2014/03/03 00:00:00",1,120.15
D,P5MIN,CONSTRAINTSOLUTION,6,"2019/05/16 06:05:00",0,"2019/05/16 06:45:00",F_I+NIL_BB_TG_R5,-100.87547,0,0,"2019/05/16 06:00:26",,"2013/08/21 00:00:00",1,674.28
D,P5MIN,CONSTRAINTSOLUTION,6,"2019/05/16 06:05:00",0,"2019/05/16 06:45:00",F_I+NIL_BB_TG_R6,-697.1049,0,0,"2019/05/16 06:00:26",,"2013/08/21 00:00:00",1,445.62
D,P5MIN,CONSTRAINTSOLUTION,6,"2019/05/16 06:05:00",0,"2019/05/16 06:45:00",F_I+NIL_BB_TG_R60,-373.15422,0,0,"2019/05/16 06:00:26",,"2013/08/21 00:00:00",1,461.04
D,P5MIN,CONSTRAINTSOLUTION,6,"2019/05/16 06:05:00",0,"2019/05/16 06:45:00",F_I+NIL_MG_R5,648.91166,0,0,"2019/05/16 06:00:26",,"2013/08/21 00:00:00",1,674.28
D,P5MIN,CONSTRAINTSOLUTION,6,"2019/05/16 06:05:00",0,"2019/05/16 06:45:00",F_I+NIL_MG_R6,376.84578,0,0,"2019/05/16 06:00:26",,"2013/08/21 00:00:00",1,445.62
D,P5MIN,CONSTRAINTSOLUTION,6,"2019/05/16 06:05:00",0,"2019/05/16 06:45:00",F_I+NIL_MG_R60,376.84578,0,0,"2019/05/16 06:00:26",,"2013/08/21 00:00:00",1,461.04
D,P5MIN,CONSTRAINTSOLUTION,6,"2019/05/16 06:05:00",0,"2019/05/16 06:45:00",F_I+NIL_RREG,130,0,0,"2019/05/16 06:00:26",,"2018/12/12 00:00:00",1,200
D,P5MIN,CONSTRAINTSOLUTION,6,"2019/05/16 06:05:00",0,"2019/05/16 06:45:00",F_I+NIL_WF_TG_R5,-81.4829,0,0,"2019/05/16 06:00:26",,"2013/08/21 00:00:00",1,674.28
D,P5MIN,CONSTRAINTSOLUTION,6,"2019/05/16 06:05:00",0,"2019/05/16 06:45:00",F_I+NIL_WF_TG_R6,-697.1049,0,0,"2019/05/16 06:00:26",,"2013/08/21 00:00:00",1,445.62
D,P5MIN,CONSTRAINTSOLUTION,6,"2019/05/16 06:05:00",0,"2019/05/16 06:45:00",F_I+NIL_WF_TG_R60,-373.15422,0,0,"2019/05/16 06:00:26",,"2013/08/21 00:00:00",1,461.04
D,P5MIN,CONSTRAINTSOLUTION,6,"2019/05/16 06:05:00",0,"2019/05/16 06:45:00",F_I+RREG_0200,200,12.5,0,"2019/05/16 06:00:26",,"2013/08/21 00:00:00",1,200
D,P5MIN,CONSTRAINTSOLUTION,6,"2019/05/16 06:05:00",0,"2019/05/16 06:45:00",F_I+WIP_N-2_ML_L5,-100.87547,0,0,"2019/05/16 06:00:26",,"2017/05/16 00:00:00",1,392.42
D,P5MIN,CONSTRAINTSOLUTION,6,"2019/05/16 06:05:00",0,"2019/05/16 06:45:00",F_I+WIP_N-2_ML_L6,-373.15422,0,0,"2019/05/16 06:00:26",,"2017/05/16 00:00:00",1,26.85
D,P5MIN,CONSTRAINTSOLUTION,6,"2019/05/16 06:05:00",0,"2019/05/16 06:45:00",F_I+WIP_N-2_ML_L60,-373.15422,0,0,"2019/05/16 06:00:26",,"2017/05/16 00:00:00",1,120.15
D,P5MIN,CONSTRAINTSOLUTION,6,"2019/05/16 06:05:00",0,"2019/05/16 06:45:00",F_I+WIV_N-2_MG_R5,-101.08834,0,0,"2019/05/16 06:00:26",,"2017/05/16 00:00:00",1,674.28
D,P5MIN,CONSTRAINTSOLUTION,6,"2019/05/16 06:05:00",0,"2019/05/16 06:45:00",F_I+WIV_N-2_MG_R6,-373.15422,0,0,"2019/05/16 06:00:26",,"2017/05/16 00:00:00",1,445.62
D,P5MIN,CONSTRAINTSOLUTION,6,"2019/05/16 06:05:00",0,"2019/05/16 06:45:00",F_I+WIV_N-2_MG_R60,-373.15422,0,0,"2019/05/16 06:00:26",,"2017/05/16 00:00:00",1,461.04
D,P5MIN,CONSTRAINTSOLUTION,6,"2019/05/16 06:05:00",0,"2019/05/16 06:45:00",F_MAIN++APD_TL_L5,-81.88522,0,0,"2019/05/16 06:00:26",,"2014/03/03 00:00:00",1,226.32269
D,P5MIN,CONSTRAINTSOLUTION,6,"2019/05/16 06:05:00",0,"2019/05/16 06:45:00",F_MAIN++APD_TL_L6,-632.60137,0,0,"2019/05/16 06:00:26",,"2014/03/03 00:00:00",1,-65.24731
D,P5MIN,CONSTRAINTSOLUTION,6,"2019/05/16 06:05:00",0,"2019/05/16 06:45:00",F_MAIN++APD_TL_L60,-308.65069,0,0,"2019/05/16 06:00:26",,"2014/03/03 00:00:00",1,14.78269
D,P5MIN,CONSTRAINTSOLUTION,6,"2019/05/16 06:05:00",0,"2019/05/16 06:45:00",F_MAIN++LREG_0120,-358,0,0,"2019/05/16 06:00:26",,"2013/08/21 00:00:00",1,53.90269
D,P5MIN,CONSTRAINTSOLUTION,6,"2019/05/16 06:05:00",0,"2019/05/16 06:45:00",F_MAIN++LREG_0190,-288,0,0,"2019/05/16 06:00:26",,"2019/04/16 00:00:00",1,53.90269
D,P5MIN,CONSTRAINTSOLUTION,6,"2019/05/16 06:05:00",0,"2019/05/16 06:45:00",F_MAIN++ML_L5_0400,-175.1852,0,0,"2019/05/16 06:00:26",,"2013/08/21 00:00:00",1,226.32269
D,P5MIN,CONSTRAINTSOLUTION,6,"2019/05/16 06:05:00",0,"2019/05/16 06:45:00",F_MAIN++ML_L60_0400,-401.95068,0,0,"2019/05/16 06:00:26",,"2013/08/21 00:00:00",1,14.78269
D,P5MIN,CONSTRAINTSOLUTION,6,"2019/05/16 06:05:00",0,"2019/05/16 06:45:00",F_MAIN++ML_L6_0400,-401.95068,0,0,"2019/05/16 06:00:26",,"2013/08/21 00:00:00",1,-65.24731
D,P5MIN,CONSTRAINTSOLUTION,6,"2019/05/16 06:05:00",0,"2019/05/16 06:45:00",F_MAIN++NIL_BL_L5,-227.1852,0,0,"2019/05/16 06:00:26",,"2013/08/21 00:00:00",1,226.32269
D,P5MIN,CONSTRAINTSOLUTION,6,"2019/05/16 06:05:00",0,"2019/05/16 06:45:00",F_MAIN++NIL_BL_L6,-647.90136,0,0,"2019/05/16 06:00:26",,"2013/08/21 00:00:00",1,-65.24731
D,P5MIN,CONSTRAINTSOLUTION,6,"2019/05/16 06:05:00",0,"2019/05/16 06:45:00",F_MAIN++NIL_BL_L60,-323.95068,0,0,"2019/05/16 06:00:26",,"2013/08/21 00:00:00",1,14.78269
D,P5MIN,CONSTRAINTSOLUTION,6,"2019/05/16 06:05:00",0,"2019/05/16 06:45:00",F_MAIN++NIL_BL_R5,-10227.1852,0,0,"2019/05/16 06:00:26",,"2013/08/21 00:00:00",1,702.80731
D,P5MIN,CONSTRAINTSOLUTION,6,"2019/05/16 06:05:00",0,"2019/05/16 06:45:00",F_MAIN++NIL_BL_R6,-10647.90136,0,0,"2019/05/16 06:00:26",,"2013/08/21 00:00:00",1,476.04731
D,P5MIN,CONSTRAINTSOLUTION,6,"2019/05/16 06:05:00",0,"2019/05/16 06:45:00",F_MAIN++NIL_BL_R60,-10323.95068,0,0,"2019/05/16 06:00:26",,"2013/08/21 00:00:00",1,476.04731
D,P5MIN,CONSTRAINTSOLUTION,6,"2019/05/16 06:05:00",0,"2019/05/16 06:45:00",F_MAIN++NIL_MG_R5,702.8148,2,0,"2019/05/16 06:00:26",,"2013/08/21 00:00:00",1,702.80731
D,P5MIN,CONSTRAINTSOLUTION,6,"2019/05/16 06:05:00",0,"2019/05/16 06:45:00",F_MAIN++NIL_MG_R6,476.04932,9.49,0,"2019/05/16 06:00:26",,"2013/08/21 00:00:00",1,476.04731
D,P5MIN,CONSTRAINTSOLUTION,6,"2019/05/16 06:05:00",0,"2019/05/16 06:45:00",F_MAIN++NIL_MG_R60,476.04932,5.89,0,"2019/05/16 06:00:26",,"2013/08/21 00:00:00",1,476.04731
D,P5MIN,CONSTRAINTSOLUTION,6,"2019/05/16 06:05:00",0,"2019/05/16 06:45:00",F_MAIN++NIL_RREG,180,0,0,"2019/05/16 06:00:26",,"2018/12/12 00:00:00",1,249.99731
D,P5MIN,CONSTRAINTSOLUTION,6,"2019/05/16 06:05:00",0,"2019/05/16 06:45:00",F_MAIN++RREG_0200,250,5.5,0,"2019/05/16 06:00:26",,"2013/08/21 00:00:00",1,249.99731
D,P5MIN,CONSTRAINTSOLUTION,6,"2019/05/16 06:05:00",0,"2019/05/16 06:45:00",F_MAIN++WIPN-2_MLL60,-801.95068,0,0,"2019/05/16 06:00:26",,"2017/05/16 00:00:00",1,14.78269
D,P5MIN,CONSTRAINTSOLUTION,6,"2019/05/16 06:05:00",0,"2019/05/16 06:45:00",F_MAIN++WIP_N-2_MLL5,-575.1852,0,0,"2019/05/16 06:00:26",,"2017/05/16 00:00:00",1,226.32269
D,P5MIN,CONSTRAINTSOLUTION,6,"2019/05/16 06:05:00",0,"2019/05/16 06:45:00",F_MAIN++WIP_N-2_MLL6,-801.95068,0,0,"2019/05/16 06:00:26",,"2017/05/16 00:00:00",1,-65.24731
D,P5MIN,CONSTRAINTSOLUTION,6,"2019/05/16 06:05:00",0,"2019/05/16 06:45:00",F_MAIN++WIVN-2_MGR60,-273.95068,0,0,"2019/05/16 06:00:26",,"2017/05/16 00:00:00",1,476.04731
D,P5MIN,CONSTRAINTSOLUTION,6,"2019/05/16 06:05:00",0,"2019/05/16 06:45:00",F_MAIN++WIV_N-2_MGR5,-47.1852,0,0,"2019/05/16 06:00:26",,"2017/05/16 00:00:00",1,702.80731
D,P5MIN,CONSTRAINTSOLUTION,6,"2019/05/16 06:05:00",0,"2019/05/16 06:45:00",F_MAIN++WIV_N-2_MGR6,-273.95068,0,0,"2019/05/16 06:00:26",,"2017/05/16 00:00:00",1,476.04731
D,P5MIN,CONSTRAINTSOLUTION,6,"2019/05/16 06:05:00",0,"2019/05/16 06:45:00",F_MAIN+APD_TL_L5,-9603.88522,0,0,"2019/05/16 06:00:26",,"2014/03/03 00:00:00",1,318.42
D,P5MIN,CONSTRAINTSOLUTION,6,"2019/05/16 06:05:00",0,"2019/05/16 06:45:00",F_MAIN+APD_TL_L6,-10154.60137,0,0,"2019/05/16 06:00:26",,"2014/03/03 00:00:00",1,26.85
D,P5MIN,CONSTRAINTSOLUTION,6,"2019/05/16 06:05:00",0,"2019/05/16 06:45:00",F_MAIN+APD_TL_L60,-9830.65069,0,0,"2019/05/16 06:00:26",,"2014/03/03 00:00:00",1,106.88
D,P5MIN,CONSTRAINTSOLUTION,6,"2019/05/16 06:05:00",0,"2019/05/16 06:45:00",F_MAIN+BLFCTRL_L5,-59.45558,0,0,"2019/05/16 06:00:26",,"2014/07/01 00:00:00",1,318.42
D,P5MIN,CONSTRAINTSOLUTION,6,"2019/05/16 06:05:00",0,"2019/05/16 06:45:00",F_MAIN+BLFCTRL_L6,-286.22106,0,0,"2019/05/16 06:00:26",,"2014/07/01 00:00:00",1,26.85
D,P5MIN,CONSTRAINTSOLUTION,6,"2019/05/16 06:05:00",0,"2019/05/16 06:45:00",F_MAIN+BLFCTRL_L60,-286.22106,0,0,"2019/05/16 06:00:26",,"2014/07/01 00:00:00",1,106.88
D,P5MIN,CONSTRAINTSOLUTION,6,"2019/05/16 06:05:00",0,"2019/05/16 06:45:00",F_MAIN+BLFCTRL_R5,52.8148,0,0,"2019/05/16 06:00:26",,"2014/07/01 00:00:00",1,610.71
D,P5MIN,CONSTRAINTSOLUTION,6,"2019/05/16 06:05:00",0,"2019/05/16 06:45:00",F_MAIN+BLFCTRL_R6,-173.95068,0,0,"2019/05/16 06:00:26",,"2014/07/01 00:00:00",1,383.95
D,P5MIN,CONSTRAINTSOLUTION,6,"2019/05/16 06:05:00",0,"2019/05/16 06:45:00",F_MAIN+BLFCTRL_R60,-173.95068,0,0,"2019/05/16 06:00:26",,"2014/07/01 00:00:00",1,383.95
D,P5MIN,CONSTRAINTSOLUTION,6,"2019/05/16 06:05:00",0,"2019/05/16 06:45:00",F_MAIN+LREG_0120,-9880,0,0,"2019/05/16 06:00:26",,"2013/08/21 00:00:00",1,146
D,P5MIN,CONSTRAINTSOLUTION,6,"2019/05/16 06:05:00",0,"2019/05/16 06:45:00",F_MAIN+LREG_0190,-9810,0,0,"2019/05/16 06:00:26",,"2019/04/16 00:00:00",1,146
D,P5MIN,CONSTRAINTSOLUTION,6,"2019/05/16 06:05:00",0,"2019/05/16 06:45:00",F_MAIN+ML_L5_0400,-9697.1852,0,0,"2019/05/16 06:00:26",,"2013/08/21 00:00:00",1,318.42
D,P5MIN,CONSTRAINTSOLUTION,6,"2019/05/16 06:05:00",0,"2019/05/16 06:45:00",F_MAIN+ML_L60_0400,-9923.95068,0,0,"2019/05/16 06:00:26",,"2013/08/21 00:00:00",1,106.88
D,P5MIN,CONSTRAINTSOLUTION,6,"2019/05/16 06:05:00",0,"2019/05/16 06:45:00",F_MAIN+ML_L6_0400,-9923.95068,0,0,"2019/05/16 06:00:26",,"2013/08/21 00:00:00",1,26.85
D,P5MIN,CONSTRAINTSOLUTION,6,"2019/05/16 06:05:00",0,"2019/05/16 06:45:00",F_MAIN+NIL_DYN_LREG,0,0,0,"2019/05/16 06:00:26",,"2019/03/22 00:00:00",2,146
D,P5MIN,CONSTRAINTSOLUTION,6,"2019/05/16 06:05:00",0,"2019/05/16 06:45:00",F_MAIN+NIL_DYN_RREG,0,0,0,"2019/05/16 06:00:26",,"2019/03/22 00:00:00",2,157.9
D,P5MIN,CONSTRAINTSOLUTION,6,"2019/05/16 06:05:00",0,"2019/05/16 06:45:00",F_MAIN+NIL_MG_R5,-9347.1852,0,0,"2019/05/16 06:00:26",,"2013/08/21 00:00:00",1,610.71
D,P5MIN,CONSTRAINTSOLUTION,6,"2019/05/16 06:05:00",0,"2019/05/16 06:45:00",F_MAIN+NIL_MG_R6,-9573.95068,0,0,"2019/05/16 06:00:26",,"2013/08/21 00:00:00",1,383.95
D,P5MIN,CONSTRAINTSOLUTION,6,"2019/05/16 06:05:00",0,"2019/05/16 06:45:00",F_MAIN+NIL_MG_R60,-9573.95068,0,0,"2019/05/16 06:00:26",,"2013/08/21 00:00:00",1,383.95
D,P5MIN,CONSTRAINTSOLUTION,6,"2019/05/16 06:05:00",0,"2019/05/16 06:45:00",F_MAIN+NIL_RREG,-9870,0,0,"2019/05/16 06:00:26",,"2018/12/12 00:00:00",1,157.9
D,P5MIN,CONSTRAINTSOLUTION,6,"2019/05/16 06:05:00",0,"2019/05/16 06:45:00",F_MAIN+RREG_0200,-9800,0,0,"2019/05/16 06:00:26",,"2013/08/21 00:00:00",1,157.9
D,P5MIN,CONSTRAINTSOLUTION,6,"2019/05/16 06:05:00",0,"2019/05/16 06:45:00",F_MAIN+TASCAP_LREG,70,0,0,"2019/05/16 06:00:26",,"2019/01/11 00:00:00",1,146
D,P5MIN,CONSTRAINTSOLUTION,6,"2019/05/16 06:05:00",0,"2019/05/16 06:45:00",F_MAIN+TASCAP_RREG,80,0,0,"2019/05/16 06:00:26",,"2019/01/11 00:00:00",1,157.9
D,P5MIN,CONSTRAINTSOLUTION,6,"2019/05/16 06:05:00",0,"2019/05/16 06:45:00",F_MAIN+WIP_N-2_MLL60,-10323.95068,0,0,"2019/05/16 06:00:26",,"2017/05/16 00:00:00",1,106.88
D,P5MIN,CONSTRAINTSOLUTION,6,"2019/05/16 06:05:00",0,"2019/05/16 06:45:00",F_MAIN+WIP_N-2_ML_L5,-10097.1852,0,0,"2019/05/16 06:00:26",,"2017/05/16 00:00:00",1,318.42
D,P5MIN,CONSTRAINTSOLUTION,6,"2019/05/16 06:05:00",0,"2019/05/16 06:45:00",F_MAIN+WIP_N-2_ML_L6,-10323.95068,0,0,"2019/05/16 06:00:26",,"2017/05/16 00:00:00",1,26.85
D,P5MIN,CONSTRAINTSOLUTION,6,"2019/05/16 06:05:00",0,"2019/05/16 06:45:00",F_MAIN+WIV_N-2_MGR60,-10323.95068,0,0,"2019/05/16 06:00:26",,"2017/05/16 00:00:00",1,383.95
D,P5MIN,CONSTRAINTSOLUTION,6,"2019/05/16 06:05:00",0,"2019/05/16 06:45:00",F_MAIN+WIV_N-2_MG_R5,-10097.1852,0,0,"2019/05/16 06:00:26",,"2017/05/16 00:00:00",1,610.71
D,P5MIN,CONSTRAINTSOLUTION,6,"2019/05/16 06:05:00",0,"2019/05/16 06:45:00",F_MAIN+WIV_N-2_MG_R6,-10323.95068,0,0,"2019/05/16 06:00:26",,"2017/05/16 00:00:00",1,383.95
D,P5MIN,CONSTRAINTSOLUTION,6,"2019/05/16 06:05:00",0,"2019/05/16 06:45:00",F_Q++NIL_R5,1360,0,0,"2019/05/16 06:00:26",,"2013/10/02 00:00:00",1,693.74937
D,P5MIN,CONSTRAINTSOLUTION,6,"2019/05/16 06:05:00",0,"2019/05/16 06:45:00",F_Q++NIL_R6,1360,0,0,"2019/05/16 06:00:26",,"2013/10/02 00:00:00",1,653.79937
D,P5MIN,CONSTRAINTSOLUTION,6,"2019/05/16 06:05:00",0,"2019/05/16 06:45:00",F_Q++NIL_R60,1360,0,0,"2019/05/16 06:00:26",,"2013/10/02 00:00:00",1,627.79937
D,P5MIN,CONSTRAINTSOLUTION,6,"2019/05/16 06:05:00",0,"2019/05/16 06:45:00",F_Q_W/HOE_R5,10000,0,0,"2019/05/16 06:00:26",,"2017/05/17 00:00:00",1,60
D,P5MIN,CONSTRAINTSOLUTION,6,"2019/05/16 06:05:00",0,"2019/05/16 06:45:00",F_Q_W/HOE_R60,10000,0,0,"2019/05/16 06:00:26",,"2017/05/17 00:00:00",1,0
D,P5MIN,CONSTRAINTSOLUTION,6,"2019/05/16 06:05:00",0,"2019/05/16 06:45:00",F_S+NIL_HPR_G+L_LREG,300000,0,0,"2019/05/16 06:00:26",,"2017/11/13 00:00:00",1,40
D,P5MIN,CONSTRAINTSOLUTION,6,"2019/05/16 06:05:00",0,"2019/05/16 06:45:00",F_S+NIL_HPR_G+L_RREG,300000,0,0,"2019/05/16 06:00:26",,"2017/11/13 00:00:00",1,30
D,P5MIN,CONSTRAINTSOLUTION,6,"2019/05/16 06:05:00",0,"2019/05/16 06:45:00",F_T++LREG_0050,100,0,0,"2019/05/16 06:00:26",,"2015/01/29 00:00:00",1,136.09731
D,P5MIN,CONSTRAINTSOLUTION,6,"2019/05/16 06:05:00",0,"2019/05/16 06:45:00",F_T++NIL_BB_TG_R5,-10053.81383,0,0,"2019/05/16 06:00:26",,"2016/04/12 00:00:00",1,-28.52731
D,P5MIN,CONSTRAINTSOLUTION,6,"2019/05/16 06:05:00",0,"2019/05/16 06:45:00",F_T++NIL_BB_TG_R6,-10162.66731,0,0,"2019/05/16 06:00:26",,"2016/04/12 00:00:00",1,-30.42731
D,P5MIN,CONSTRAINTSOLUTION,6,"2019/05/16 06:05:00",0,"2019/05/16 06:45:00",F_T++NIL_BB_TG_R60,-9984.64747,0,0,"2019/05/16 06:00:26",,"2016/04/12 00:00:00",1,-15.00731
D,P5MIN,CONSTRAINTSOLUTION,6,"2019/05/16 06:05:00",0,"2019/05/16 06:45:00",F_T++NIL_BLSPS_L5,-20000.0001,0,0,"2019/05/16 06:00:26",,"2013/08/21 00:00:00",1,161.08537
D,P5MIN,CONSTRAINTSOLUTION,6,"2019/05/16 06:05:00",0,"2019/05/16 06:45:00",F_T++NIL_BLSPS_L60_1,-20000.0001,0,0,"2019/05/16 06:00:26",,"2013/08/21 00:00:00",1,122.51859
D,P5MIN,CONSTRAINTSOLUTION,6,"2019/05/16 06:05:00",0,"2019/05/16 06:45:00",F_T++NIL_BLSPS_L60_2,-20000.0001,0,0,"2019/05/16 06:00:26",,"2013/08/21 00:00:00",1,286.39747
D,P5MIN,CONSTRAINTSOLUTION,6,"2019/05/16 06:05:00",0,"2019/05/16 06:45:00",F_T++NIL_BLSPS_L60_3,-20000.0001,0,0,"2019/05/16 06:00:26",,"2013/08/21 00:00:00",1,485.58092
D,P5MIN,CONSTRAINTSOLUTION,6,"2019/05/16 06:05:00",0,"2019/05/16 06:45:00",F_T++NIL_BLSPS_L60_4,-20000.0001,0,0,"2019/05/16 06:00:26",,"2013/08/21 00:00:00",1,767.79011
D,P5MIN,CONSTRAINTSOLUTION,6,"2019/05/16 06:05:00",0,"2019/05/16 06:45:00",F_T++NIL_BLSPS_L6_1,-20000.0001,0,0,"2019/05/16 06:00:26",,"2013/08/21 00:00:00",1,79.51498
D,P5MIN,CONSTRAINTSOLUTION,6,"2019/05/16 06:05:00",0,"2019/05/16 06:45:00",F_T++NIL_BLSPS_L6_2,-20000.0001,0,0,"2019/05/16 06:00:26",,"2013/08/21 00:00:00",1,192.66665
D,P5MIN,CONSTRAINTSOLUTION,6,"2019/05/16 06:05:00",0,"2019/05/16 06:45:00",F_T++NIL_BLSPS_L6_3,-20000.0001,0,0,"2019/05/16 06:00:26",,"2013/08/21 00:00:00",1,346.11643
D,P5MIN,CONSTRAINTSOLUTION,6,"2019/05/16 06:05:00",0,"2019/05/16 06:45:00",F_T++NIL_BLSPS_L6_4,-20000.0001,0,0,"2019/05/16 06:00:26",,"2013/08/21 00:00:00",1,570.45995
D,P5MIN,CONSTRAINTSOLUTION,6,"2019/05/16 06:05:00",0,"2019/05/16 06:45:00",F_T++NIL_BLSPS_R5,-10000.0001,0,0,"2019/05/16 06:00:26",,"2013/08/21 00:00:00",1,-18.1461
D,P5MIN,CONSTRAINTSOLUTION,6,"2019/05/16 06:05:00",0,"2019/05/16 06:45:00",F_T++NIL_BLSPS_R60_1,-10000.0001,0,0,"2019/05/16 06:00:26",,"2013/08/21 00:00:00",1,-34.84231
D,P5MIN,CONSTRAINTSOLUTION,6,"2019/05/16 06:05:00",0,"2019/05/16 06:45:00",F_T++NIL_BLSPS_R60_2,-10000.0001,0,0,"2019/05/16 06:00:26",,"2013/08/21 00:00:00",1,-108.04033
D,P5MIN,CONSTRAINTSOLUTION,6,"2019/05/16 06:05:00",0,"2019/05/16 06:45:00",F_T++NIL_BLSPS_R60_3,-10000.0001,0,0,"2019/05/16 06:00:26",,"2013/08/21 00:00:00",1,-181.01732
D,P5MIN,CONSTRAINTSOLUTION,6,"2019/05/16 06:05:00",0,"2019/05/16 06:45:00",F_T++NIL_BLSPS_R60_4,-10000.0001,0,0,"2019/05/16 06:00:26",,"2013/08/21 00:00:00",1,-291.61145
D,P5MIN,CONSTRAINTSOLUTION,6,"2019/05/16 06:05:00",0,"2019/05/16 06:45:00",F_T++NIL_BLSPS_R6_1,-10000.0001,0,0,"2019/05/16 06:00:26",,"2013/08/21 00:00:00",1,-29.63067
D,P5MIN,CONSTRAINTSOLUTION,6,"2019/05/16 06:05:00",0,"2019/05/16 06:45:00",F_T++NIL_BLSPS_R6_2,-10000.0001,0,0,"2019/05/16 06:00:26",,"2013/08/21 00:00:00",1,-102.73935
D,P5MIN,CONSTRAINTSOLUTION,6,"2019/05/16 06:05:00",0,"2019/05/16 06:45:00",F_T++NIL_BLSPS_R6_3,-10000.0001,0,0,"2019/05/16 06:00:26",,"2013/08/21 00:00:00",1,-171.37303
D,P5MIN,CONSTRAINTSOLUTION,6,"2019/05/16 06:05:00",0,"2019/05/16 06:45:00",F_T++NIL_BLSPS_R6_4,-10000.0001,0,0,"2019/05/16 06:00:26",,"2013/08/21 00:00:00",1,-233.38123
D,P5MIN,CONSTRAINTSOLUTION,6,"2019/05/16 06:05:00",0,"2019/05/16 06:45:00",F_T++NIL_MG_R5,-9937.29351,0,0,"2019/05/16 06:00:26",,"2016/04/12 00:00:00",1,-28.52731
D,P5MIN,CONSTRAINTSOLUTION,6,"2019/05/16 06:05:00",0,"2019/05/16 06:45:00",F_T++NIL_MG_R6,-9988.00373,0,0,"2019/05/16 06:00:26",,"2016/04/12 00:00:00",1,-30.42731
D,P5MIN,CONSTRAINTSOLUTION,6,"2019/05/16 06:05:00",0,"2019/05/16 06:45:00",F_T++NIL_MG_R60,-9896.78218,0,0,"2019/05/16 06:00:26",,"2016/04/12 00:00:00",1,-15.00731
D,P5MIN,CONSTRAINTSOLUTION,6,"2019/05/16 06:05:00",0,"2019/05/16 06:45:00",F_T++NIL_MG_RECL_R5,-9949.73209,0,0,"2019/05/16 06:00:26",,"2016/12/02 00:00:00",1,-28.52731
D,P5MIN,CONSTRAINTSOLUTION,6,"2019/05/16 06:05:00",0,"2019/05/16 06:45:00",F_T++NIL_MG_RECL_R6,-10004.97709,0,0,"2019/05/16 06:00:26",,"2016/12/02 00:00:00",1,-30.42731
D,P5MIN,CONSTRAINTSOLUTION,6,"2019/05/16 06:05:00",0,"2019/05/16 06:45:00",F_T++NIL_MG_RECL_R60,-9906.61042,0,0,"2019/05/16 06:00:26",,"2016/12/02 00:00:00",1,-15.00731
D,P5MIN,CONSTRAINTSOLUTION,6,"2019/05/16 06:05:00",0,"2019/05/16 06:45:00",F_T++NIL_ML_L5,100.15292,0,0,"2019/05/16 06:00:26",,"2016/04/12 00:00:00",1,166.09731
D,P5MIN,CONSTRAINTSOLUTION,6,"2019/05/16 06:05:00",0,"2019/05/16 06:45:00",F_T++NIL_ML_L6,86.15119,0,0,"2019/05/16 06:00:26",,"2016/04/12 00:00:00",1,92.09731
D,P5MIN,CONSTRAINTSOLUTION,6,"2019/05/16 06:05:00",0,"2019/05/16 06:45:00",F_T++NIL_ML_L60,105.36269,0.01,0,"2019/05/16 06:00:26",,"2016/04/12 00:00:00",1,105.36731
D,P5MIN,CONSTRAINTSOLUTION,6,"2019/05/16 06:05:00",0,"2019/05/16 06:45:00",F_T++NIL_TL_L5_DS,-9833.02079,0,0,"2019/05/16 06:00:26",,"2016/10/25 00:00:00",1,166.09731
D,P5MIN,CONSTRAINTSOLUTION,6,"2019/05/16 06:05:00",0,"2019/05/16 06:45:00",F_T++NIL_TL_L60_DS,-9832.60707,0,0,"2019/05/16 06:00:26",,"2016/10/25 00:00:00",1,105.36731
D,P5MIN,CONSTRAINTSOLUTION,6,"2019/05/16 06:05:00",0,"2019/05/16 06:45:00",F_T++NIL_TL_L6_DS,-9823.67246,0,0,"2019/05/16 06:00:26",,"2016/10/25 00:00:00",1,92.09731
D,P5MIN,CONSTRAINTSOLUTION,6,"2019/05/16 06:05:00",0,"2019/05/16 06:45:00",F_T++NIL_WF_TG_R5,-10029.78899,0,0,"2019/05/16 06:00:26",,"2016/04/12 00:00:00",1,-28.52731
D,P5MIN,CONSTRAINTSOLUTION,6,"2019/05/16 06:05:00",0,"2019/05/16 06:45:00",F_T++NIL_WF_TG_R6,-10130.67075,0,0,"2019/05/16 06:00:26",,"2016/04/12 00:00:00",1,-30.42731
D,P5MIN,CONSTRAINTSOLUTION,6,"2019/05/16 06:05:00",0,"2019/05/16 06:45:00",F_T++NIL_WF_TG_R60,-9965.07229,0,0,"2019/05/16 06:00:26",,"2016/04/12 00:00:00",1,-15.00731
D,P5MIN,CONSTRAINTSOLUTION,6,"2019/05/16 06:05:00",0,"2019/05/16 06:45:00",F_T++RREG_0050,-428,0,0,"2019/05/16 06:00:26",,"2015/01/29 00:00:00",1,-49.99731
D,P5MIN,CONSTRAINTSOLUTION,6,"2019/05/16 06:05:00",0,"2019/05/16 06:45:00",F_T+LREG_0050,-9950,0,0,"2019/05/16 06:00:26",,"2015/01/29 00:00:00",1,44
D,P5MIN,CONSTRAINTSOLUTION,6,"2019/05/16 06:05:00",0,"2019/05/16 06:45:00",F_T+NIL_BB_TG_R5,-49.9999,0,0,"2019/05/16 06:00:26",,"2016/04/12 00:00:00",1,63.57
D,P5MIN,CONSTRAINTSOLUTION,6,"2019/05/16 06:05:00",0,"2019/05/16 06:45:00",F_T+NIL_BB_TG_R6,0.0001,0,0,"2019/05/16 06:00:26",,"2016/04/12 00:00:00",1,61.67
D,P5MIN,CONSTRAINTSOLUTION,6,"2019/05/16 06:05:00",0,"2019/05/16 06:45:00",F_T+NIL_BB_TG_R60,0.0001,0,0,"2019/05/16 06:00:26",,"2016/04/12 00:00:00",1,77.09
D,P5MIN,CONSTRAINTSOLUTION,6,"2019/05/16 06:05:00",0,"2019/05/16 06:45:00",F_T+NIL_MG_R5,63.57223,2,0,"2019/05/16 06:00:26",,"2016/04/12 00:00:00",1,63.57
D,P5MIN,CONSTRAINTSOLUTION,6,"2019/05/16 06:05:00",0,"2019/05/16 06:45:00",F_T+NIL_MG_R6,61.66973,0.49,0,"2019/05/16 06:00:26",,"2016/04/12 00:00:00",1,61.67
D,P5MIN,CONSTRAINTSOLUTION,6,"2019/05/16 06:05:00",0,"2019/05/16 06:45:00",F_T+NIL_MG_R60,77.08714,4,0,"2019/05/16 06:00:26",,"2016/04/12 00:00:00",1,77.09
D,P5MIN,CONSTRAINTSOLUTION,6,"2019/05/16 06:05:00",0,"2019/05/16 06:45:00",F_T+NIL_MG_RECL_R5,51.85029,0,0,"2019/05/16 06:00:26",,"2016/12/02 00:00:00",1,63.57
D,P5MIN,CONSTRAINTSOLUTION,6,"2019/05/16 06:05:00",0,"2019/05/16 06:45:00",F_T+NIL_MG_RECL_R6,48.66846,0,0,"2019/05/16 06:00:26",,"2016/12/02 00:00:00",1,61.67
D,P5MIN,CONSTRAINTSOLUTION,6,"2019/05/16 06:05:00",0,"2019/05/16 06:45:00",F_T+NIL_MG_RECL_R60,60.83555,0,0,"2019/05/16 06:00:26",,"2016/12/02 00:00:00",1,77.09
D,P5MIN,CONSTRAINTSOLUTION,6,"2019/05/16 06:05:00",0,"2019/05/16 06:45:00",F_T+NIL_ML_L5,-9935.535,0,0,"2019/05/16 06:00:26",,"2016/04/12 00:00:00",1,74
D,P5MIN,CONSTRAINTSOLUTION,6,"2019/05/16 06:05:00",0,"2019/05/16 06:45:00",F_T+NIL_ML_L6,-9939.87486,0,0,"2019/05/16 06:00:26",,"2016/04/12 00:00:00",1,0
D,P5MIN,CONSTRAINTSOLUTION,6,"2019/05/16 06:05:00",0,"2019/05/16 06:45:00",F_T+NIL_ML_L60,-9924.84357,0,0,"2019/05/16 06:00:26",,"2016/04/12 00:00:00",1,13.27
D,P5MIN,CONSTRAINTSOLUTION,6,"2019/05/16 06:05:00",0,"2019/05/16 06:45:00",F_T+NIL_TL_L5_DS,-19883.99803,0,0,"2019/05/16 06:00:26",,"2016/10/25 00:00:00",1,74
D,P5MIN,CONSTRAINTSOLUTION,6,"2019/05/16 06:05:00",0,"2019/05/16 06:45:00",F_T+NIL_TL_L60_DS,-19859.5363,0,0,"2019/05/16 06:00:26",,"2016/10/25 00:00:00",1,13.27
D,P5MIN,CONSTRAINTSOLUTION,6,"2019/05/16 06:05:00",0,"2019/05/16 06:45:00",F_T+NIL_TL_L6_DS,-19887.62904,0,0,"2019/05/16 06:00:26",,"2016/10/25 00:00:00",1,0
D,P5MIN,CONSTRAINTSOLUTION,6,"2019/05/16 06:05:00",0,"2019/05/16 06:45:00",F_T+NIL_WF_TG_R5,-30.60733,0,0,"2019/05/16 06:00:26",,"2016/04/12 00:00:00",1,63.57
D,P5MIN,CONSTRAINTSOLUTION,6,"2019/05/16 06:05:00",0,"2019/05/16 06:45:00",F_T+NIL_WF_TG_R6,0.0001,0,0,"2019/05/16 06:00:26",,"2016/04/12 00:00:00",1,61.67
D,P5MIN,CONSTRAINTSOLUTION,6,"2019/05/16 06:05:00",0,"2019/05/16 06:45:00",F_T+NIL_WF_TG_R60,0.0001,0,0,"2019/05/16 06:00:26",,"2016/04/12 00:00:00",1,77.09
D,P5MIN,CONSTRAINTSOLUTION,6,"2019/05/16 06:05:00",0,"2019/05/16 06:45:00",F_T+RREG_0050,-9950,0,0,"2019/05/16 06:00:26",,"2015/01/29 00:00:00",1,42.1
D,P5MIN,CONSTRAINTSOLUTION,6,"2019/05/16 06:05:00",0,"2019/05/16 06:45:00",F_TASCAP_LREG_0190,140,0,0,"2019/05/16 06:00:26",,"2019/04/16 00:00:00",1,146
D,P5MIN,CONSTRAINTSOLUTION,6,"2019/05/16 06:05:00",0,"2019/05/16 06:45:00",F_TASCAP_RREG_0200,150,0,0,"2019/05/16 06:00:26",,"2019/03/18 00:00:00",1,157.9
D,P5MIN,CONSTRAINTSOLUTION,6,"2019/05/16 06:05:00",0,"2019/05/16 06:45:00",F_T_NIL_MINP_R6,35,0.96,0,"2019/05/16 06:00:26",,"2018/04/30 00:00:00",1,35.00027
D,P5MIN,CONSTRAINTSOLUTION,6,"2019/05/16 06:05:00",0,"2019/05/16 06:45:00",N::Q_BWLD_KC,1275.12284,0,0,"2019/05/16 06:00:26",,"2018/01/19 00:00:00",1,290.66443
D,P5MIN,CONSTRAINTSOLUTION,6,"2019/05/16 06:05:00",0,"2019/05/16 06:45:00",N::Q_BWLD_LDMU,704.69088,0,0,"2019/05/16 06:00:26",,"2018/01/19 00:00:00",1,-752.47347
D,P5MIN,CONSTRAINTSOLUTION,6,"2019/05/16 06:05:00",0,"2019/05/16 06:45:00",N::Q_BWLD_LDTW,618.65882,0,0,"2019/05/16 06:00:26",,"2018/01/19 00:00:00",1,-756.34247
D,P5MIN,CONSTRAINTSOLUTION,6,"2019/05/16 06:05:00",0,"2019/05/16 06:45:00",N::Q_BWLD_TNT,1314.19866,0,0,"2019/05/16 06:00:26",,"2018/01/19 00:00:00",1,-34.54217
D,P5MIN,CONSTRAINTSOLUTION,6,"2019/05/16 06:05:00",0,"2019/05/16 06:45:00",N::Q_NIL_KC,1355.12284,0,0,"2019/05/16 06:00:26",,"2017/12/06 00:00:00",1,290.66443
D,P5MIN,CONSTRAINTSOLUTION,6,"2019/05/16 06:05:00",0,"2019/05/16 06:45:00",N::Q_NIL_LDMU,784.69088,0,0,"2019/05/16 06:00:26",,"2017/12/06 00:00:00",1,-752.47347
D,P5MIN,CONSTRAINTSOLUTION,6,"2019/05/16 06:05:00",0,"2019/05/16 06:45:00",N::Q_NIL_LDTW,698.65882,0,0,"2019/05/16 06:00:26",,"2017/12/06 00:00:00",1,-756.34247
D,P5MIN,CONSTRAINTSOLUTION,6,"2019/05/16 06:05:00",0,"2019/05/16 06:45:00",N::Q_NIL_TNT,1394.19866,0,0,"2019/05/16 06:00:26",,"2017/12/06 00:00:00",1,-34.54217
D,P5MIN,CONSTRAINTSOLUTION,6,"2019/05/16 06:05:00",0,"2019/05/16 06:45:00",N::V_NIL_BWSW,1510.59418,0,0,"2019/05/16 06:00:26",,"2018/06/26 00:00:00",1,-226.17423
D,P5MIN,CONSTRAINTSOLUTION,6,"2019/05/16 06:05:00",0,"2019/05/16 06:45:00",N::V_NIL_MSDD,1462.35786,0,0,"2019/05/16 06:00:26",,"2018/06/26 00:00:00",1,-172.03914
D,P5MIN,CONSTRAINTSOLUTION,6,"2019/05/16 06:05:00",0,"2019/05/16 06:45:00",N::V_NIL_UTMS,1653.81803,0,0,"2019/05/16 06:00:26",,"2018/06/26 00:00:00",1,-226.17423
D,P5MIN,CONSTRAINTSOLUTION,6,"2019/05/16 06:05:00",0,"2019/05/16 06:45:00",N:V_NIL_BWRG,1202.27639,0,0,"2019/05/16 06:00:26",,"2018/06/26 00:00:00",1,-226.17423
D,P5MIN,CONSTRAINTSOLUTION,6,"2019/05/16 06:05:00",0,"2019/05/16 06:45:00",N:V_NIL_BYYS,1637.84069,0,0,"2019/05/16 06:00:26",,"2018/06/26 00:00:00",1,-226.17423
D,P5MIN,CONSTRAINTSOLUTION,6,"2019/05/16 06:05:00",0,"2019/05/16 06:45:00",N>>N-BWLD_ONE_A,1197.37494,0,0,"2019/05/16 06:00:26",,"2019/03/04 00:00:00",1,-1380.96865
D,P5MIN,CONSTRAINTSOLUTION,6,"2019/05/16 06:05:00",0,"2019/05/16 06:45:00",N>>N-BWLD_ONE_B,2874.74707,0,0,"2019/05/16 06:00:26",,"2019/03/04 00:00:00",1,1380.96865
D,P5MIN,CONSTRAINTSOLUTION,6,"2019/05/16 06:05:00",0,"2019/05/16 06:45:00",N>>N-BWLD_ONE_C,1851.88955,0,0,"2019/05/16 06:00:26",,"2019/03/04 00:00:00",1,-912.00379
D,P5MIN,CONSTRAINTSOLUTION,6,"2019/05/16 06:05:00",0,"2019/05/16 06:45:00",N>>N-BWLD_ONE_D,2653.59278,0,0,"2019/05/16 06:00:26",,"2019/03/04 00:00:00",1,1455.15264
D,P5MIN,CONSTRAINTSOLUTION,6,"2019/05/16 06:05:00",0,"2019/05/16 06:45:00",N>>N-BWLD_ONE_E,2711.23906,0,0,"2019/05/16 06:00:26",,"2019/03/04 00:00:00",1,1446.12928
D,P5MIN,CONSTRAINTSOLUTION,6,"2019/05/16 06:05:00",0,"2019/05/16 06:45:00",N>>N-BYSW_A1_15M,3711.1253,0,0,"2019/05/16 06:00:26",,"2019/03/04 00:00:00",1,630.78501
D,P5MIN,CONSTRAINTSOLUTION,6,"2019/05/16 06:05:00",0,"2019/05/16 06:45:00",N>>N-BYSW_A2_15M,1238.2819,0,0,"2019/05/16 06:00:26",,"2019/03/04 00:00:00",1,-630.78501
D,P5MIN,CONSTRAINTSOLUTION,6,"2019/05/16 06:05:00",0,"2019/05/16 06:45:00",N>>N-BYSW_B,3712.85248,0,0,"2019/05/16 06:00:26",,"2019/03/04 00:00:00",1,1462.83269
D,P5MIN,CONSTRAINTSOLUTION,6,"2019/05/16 06:05:00",0,"2019/05/16 06:45:00",N>>N-BYSW_C,3910.31899,0,0,"2019/05/16 06:00:26",,"2019/03/04 00:00:00",1,2140.20901
D,P5MIN,CONSTRAINTSOLUTION,6,"2019/05/16 06:05:00",0,"2019/05/16 06:45:00",N>>N-BYSW_G1_15M,3914.68893,0,0,"2019/05/16 06:00:26",,"2019/03/04 00:00:00",1,630.43471
D,P5MIN,CONSTRAINTSOLUTION,6,"2019/05/16 06:05:00",0,"2019/05/16 06:45:00",N>>N-BYSW_G2_15M,1518.91215,0,0,"2019/05/16 06:00:26",,"2019/03/04 00:00:00",1,-630.43471
D,P5MIN,CONSTRAINTSOLUTION,6,"2019/05/16 06:05:00",0,"2019/05/16 06:45:00",N>>N-BYSW_H_15M,3914.42982,0,0,"2019/05/16 06:00:26",,"2019/03/04 00:00:00",1,630.43471
D,P5MIN,CONSTRAINTSOLUTION,6,"2019/05/16 06:05:00",0,"2019/05/16 06:45:00",N>>N-BYSW_J,3760.95596,0,0,"2019/05/16 06:00:26",,"2019/03/04 00:00:00",1,1472.33573
D,P5MIN,CONSTRAINTSOLUTION,6,"2019/05/16 06:05:00",0,"2019/05/16 06:45:00",N>>N-BYSW_K,3618.56849,0,0,"2019/05/16 06:00:26",,"2019/03/04 00:00:00",1,1231.47092
D,P5MIN,CONSTRAINTSOLUTION,6,"2019/05/16 06:05:00",0,"2019/05/16 06:45:00",N>>N-KC_TX_01,2973.73735,0,0,"2019/05/16 06:00:26",,"2019/03/04 00:00:00",1,2577.51023
D,P5MIN,CONSTRAINTSOLUTION,6,"2019/05/16 06:05:00",0,"2019/05/16 06:45:00",N>>N-KC_TX_02,3899.33203,0,0,"2019/05/16 06:00:26",,"2019/03/04 00:00:00",1,2881.36617
D,P5MIN,CONSTRAINTSOLUTION,6,"2019/05/16 06:05:00",0,"2019/05/16 06:45:00",N>>N-KC_TX_03,3902.82759,0,0,"2019/05/16 06:00:26",,"2019/03/04 00:00:00",1,2927.81505
D,P5MIN,CONSTRAINTSOLUTION,6,"2019/05/16 06:05:00",0,"2019/05/16 06:45:00",N>>N-KC_TX_05,3912.59484,0,0,"2019/05/16 06:00:26",,"2019/03/04 00:00:00",1,2768.0922
D,P5MIN,CONSTRAINTSOLUTION,6,"2019/05/16 06:05:00",0,"2019/05/16 06:45:00",N>>N-KC_TX_06,3832.49747,0,0,"2019/05/16 06:00:26",,"2019/03/04 00:00:00",1,3184.78372
D,P5MIN,CONSTRAINTSOLUTION,6,"2019/05/16 06:05:00",0,"2019/05/16 06:45:00",N>>N-NIL_01N,2215.71349,0,0,"2019/05/16 06:00:26",,"2019/03/01 00:00:00",1,320.07607
D,P5MIN,CONSTRAINTSOLUTION,6,"2019/05/16 06:05:00",0,"2019/05/16 06:45:00",N>>N-NIL_01S,553.06102,0,0,"2019/05/16 06:00:26",,"2019/03/01 00:00:00",1,-320.07607
D,P5MIN,CONSTRAINTSOLUTION,6,"2019/05/16 06:05:00",0,"2019/05/16 06:45:00",N>>N-NIL_03,552.55185,0,0,"2019/05/16 06:00:26",,"2019/03/01 00:00:00",1,-320.07607
D,P5MIN,CONSTRAINTSOLUTION,6,"2019/05/16 06:05:00",0,"2019/05/16 06:45:00",N>>N-NIL_17N,3973.92521,0,0,"2019/05/16 06:00:26",,"2019/03/01 00:00:00",1,626.79446
D,P5MIN,CONSTRAINTSOLUTION,6,"2019/05/16 06:05:00",0,"2019/05/16 06:45:00",N>>N-NIL_17S,1488.59308,0,0,"2019/05/16 06:00:26",,"2019/03/01 00:00:00",1,-626.79446
D,P5MIN,CONSTRAINTSOLUTION,6,"2019/05/16 06:05:00",0,"2019/05/16 06:45:00",N>>N-NIL_1A,1299.59893,0,0,"2019/05/16 06:00:26",,"2019/02/28 00:00:00",1,-1401.97324
D,P5MIN,CONSTRAINTSOLUTION,6,"2019/05/16 06:05:00",0,"2019/05/16 06:45:00",N>>N-NIL_1E_OPENED,5922.14361,0,0,"2019/05/16 06:00:26",,"2019/02/28 00:00:00",1,1585.56905
D,P5MIN,CONSTRAINTSOLUTION,6,"2019/05/16 06:05:00",0,"2019/05/16 06:45:00",N>>N-NIL_1G,4601.26453,0,0,"2019/05/16 06:00:26",,"2019/02/28 00:00:00",1,3516.06989
D,P5MIN,CONSTRAINTSOLUTION,6,"2019/05/16 06:05:00",0,"2019/05/16 06:45:00",N>>N-NIL_1N_OPENED,6532.87356,0,0,"2019/05/16 06:00:26",,"2019/02/28 00:00:00",1,1579.7689
D,P5MIN,CONSTRAINTSOLUTION,6,"2019/05/16 06:05:00",0,"2019/05/16 06:45:00",N>>N-NIL_1O,7061.94934,0,0,"2019/05/16 06:00:26",,"2019/02/28 00:00:00",1,2179.26952
D,P5MIN,CONSTRAINTSOLUTION,6,"2019/05/16 06:05:00",0,"2019/05/16 06:45:00",N>>N-NIL_1R,4453.16086,0,0,"2019/05/16 06:00:26",,"2019/02/28 00:00:00",1,3242.74059
D,P5MIN,CONSTRAINTSOLUTION,6,"2019/05/16 06:05:00",0,"2019/05/16 06:45:00",N>>N-NIL_1S,6882.14021,0,0,"2019/05/16 06:00:26",,"2019/02/28 00:00:00",1,1589.1827
D,P5MIN,CONSTRAINTSOLUTION,6,"2019/05/16 06:05:00",0,"2019/05/16 06:45:00",N>>N-NIL_1T,8083.84451,0,0,"2019/05/16 06:00:26",,"2019/02/28 00:00:00",1,1575.47455
D,P5MIN,CONSTRAINTSOLUTION,6,"2019/05/16 06:05:00",0,"2019/05/16 06:45:00",N>>N-NIL_1WN,3765.4581,0,0,"2019/05/16 06:00:26",,"2019/03/01 00:00:00",1,627.63489
D,P5MIN,CONSTRAINTSOLUTION,6,"2019/05/16 06:05:00",0,"2019/05/16 06:45:00",N>>N-NIL_1WS,1217.62116,0,0,"2019/05/16 06:00:26",,"2019/03/01 00:00:00",1,-627.63489
D,P5MIN,CONSTRAINTSOLUTION,6,"2019/05/16 06:05:00",0,"2019/05/16 06:45:00",N>>N-NIL_1XN,3713.03638,0,0,"2019/05/16 06:00:26",,"2019/03/01 00:00:00",1,627.63629
D,P5MIN,CONSTRAINTSOLUTION,6,"2019/05/16 06:05:00",0,"2019/05/16 06:45:00",N>>N-NIL_1XS,1164.7339,0,0,"2019/05/16 06:00:26",,"2019/03/01 00:00:00",1,-627.63629
D,P5MIN,CONSTRAINTSOLUTION,6,"2019/05/16 06:05:00",0,"2019/05/16 06:45:00",N>>N-NIL_1Y,3974.24223,0,0,"2019/05/16 06:00:26",,"2019/03/01 00:00:00",1,626.79261
D,P5MIN,CONSTRAINTSOLUTION,6,"2019/05/16 06:05:00",0,"2019/05/16 06:45:00",N>>N-NIL_1YS,1488.94245,0,0,"2019/05/16 06:00:26",,"2019/03/01 00:00:00",1,-626.79261
D,P5MIN,CONSTRAINTSOLUTION,6,"2019/05/16 06:05:00",0,"2019/05/16 06:45:00",N>>N-NIL_1Z,4079.2836,0,0,"2019/05/16 06:00:26",,"2019/03/01 00:00:00",1,626.79261
D,P5MIN,CONSTRAINTSOLUTION,6,"2019/05/16 06:05:00",0,"2019/05/16 06:45:00",N>>N-NIL_1ZS,1594.45508,0,0,"2019/05/16 06:00:26",,"2019/03/01 00:00:00",1,-626.79261
D,P5MIN,CONSTRAINTSOLUTION,6,"2019/05/16 06:05:00",0,"2019/05/16 06:45:00",N>>N-NIL_23N,4078.99471,0,0,"2019/05/16 06:00:26",,"2019/03/01 00:00:00",1,626.79261
D,P5MIN,CONSTRAINTSOLUTION,6,"2019/05/16 06:05:00",0,"2019/05/16 06:45:00",N>>N-NIL_23S,1627.99839,0,0,"2019/05/16 06:00:26",,"2019/01/11 00:00:00",1,-626.73392
D,P5MIN,CONSTRAINTSOLUTION,6,"2019/05/16 06:05:00",0,"2019/05/16 06:45:00",N>>N-NIL_28,4341.71058,0,0,"2019/05/16 06:00:26",,"2019/02/28 00:00:00",1,1007.63156
D,P5MIN,CONSTRAINTSOLUTION,6,"2019/05/16 06:05:00",0,"2019/05/16 06:45:00",N>>N-NIL_29N,3766.42304,0,0,"2019/05/16 06:00:26",,"2019/03/01 00:00:00",1,597.6868
D,P5MIN,CONSTRAINTSOLUTION,6,"2019/05/16 06:05:00",0,"2019/05/16 06:45:00",N>>N-NIL_29S,1082.63545,0,0,"2019/05/16 06:00:26",,"2019/03/01 00:00:00",1,-630.52878
D,P5MIN,CONSTRAINTSOLUTION,6,"2019/05/16 06:05:00",0,"2019/05/16 06:45:00",N>>N-NIL_31N,3860.33405,0,0,"2019/05/16 06:00:26",,"2019/03/01 00:00:00",1,597.6868
D,P5MIN,CONSTRAINTSOLUTION,6,"2019/05/16 06:05:00",0,"2019/05/16 06:45:00",N>>N-NIL_31S,1171.96406,0,0,"2019/05/16 06:00:26",,"2019/03/01 00:00:00",1,-630.52878
D,P5MIN,CONSTRAINTSOLUTION,6,"2019/05/16 06:05:00",0,"2019/05/16 06:45:00",N>>N-NIL_36,2877.33377,0,0,"2019/05/16 06:00:26",,"2019/05/06 00:00:00",1,127.95047
D,P5MIN,CONSTRAINTSOLUTION,6,"2019/05/16 06:05:00",0,"2019/05/16 06:45:00",N>>N-NIL_45,1978.93337,0,0,"2019/05/16 06:00:26",,"2019/03/01 00:00:00",1,319.97616
D,P5MIN,CONSTRAINTSOLUTION,6,"2019/05/16 06:05:00",0,"2019/05/16 06:45:00",N>>N-NIL_46,961.16995,0,0,"2019/05/16 06:00:26",,"2019/03/01 00:00:00",1,-187.03188
D,P5MIN,CONSTRAINTSOLUTION,6,"2019/05/16 06:05:00",0,"2019/05/16 06:45:00",N>>N-NIL_47,1680.99693,0,0,"2019/05/16 06:00:26",,"2019/03/01 00:00:00",1,185.39792
D,P5MIN,CONSTRAINTSOLUTION,6,"2019/05/16 06:05:00",0,"2019/05/16 06:45:00",N>>N-NIL_48,1683.17723,0,0,"2019/05/16 06:00:26",,"2019/03/01 00:00:00",1,187.03188
D,P5MIN,CONSTRAINTSOLUTION,6,"2019/05/16 06:05:00",0,"2019/05/16 06:45:00",N>>N-NIL_49,965.57001,0,0,"2019/05/16 06:00:26",,"2019/03/01 00:00:00",1,-185.39792
D,P5MIN,CONSTRAINTSOLUTION,6,"2019/05/16 06:05:00",0,"2019/05/16 06:45:00",N>>N-NIL_56,2024.51671,0,0,"2019/05/16 06:00:26",,"2019/03/01 00:00:00",1,345.69779
D,P5MIN,CONSTRAINTSOLUTION,6,"2019/05/16 06:05:00",0,"2019/05/16 06:45:00",N>>N-NIL_57,956.46838,0,0,"2019/05/16 06:00:26",,"2019/03/01 00:00:00",1,-193.2239
D,P5MIN,CONSTRAINTSOLUTION,6,"2019/05/16 06:05:00",0,"2019/05/16 06:45:00",N>>N-NIL_58,6147.82691,0,0,"2019/05/16 06:00:26",,"2019/02/28 00:00:00",1,1238.211
D,P5MIN,CONSTRAINTSOLUTION,6,"2019/05/16 06:05:00",0,"2019/05/16 06:45:00",N>>N-NIL_59,6150.98222,0,0,"2019/05/16 06:00:26",,"2019/02/28 00:00:00",1,1238.211
D,P5MIN,CONSTRAINTSOLUTION,6,"2019/05/16 06:05:00",0,"2019/05/16 06:45:00",N>>N-NIL_60,1978.78546,0,0,"2019/05/16 06:00:26",,"2019/03/01 00:00:00",1,319.99324
D,P5MIN,CONSTRAINTSOLUTION,6,"2019/05/16 06:05:00",0,"2019/05/16 06:45:00",N>>N-NIL_61,2020.19578,0,0,"2019/05/16 06:00:26",,"2019/03/01 00:00:00",1,342.2079
D,P5MIN,CONSTRAINTSOLUTION,6,"2019/05/16 06:05:00",0,"2019/05/16 06:45:00",N>>N-NIL_62,1656.86676,0,0,"2019/05/16 06:00:26",,"2019/03/01 00:00:00",1,168.92064
D,P5MIN,CONSTRAINTSOLUTION,6,"2019/05/16 06:05:00",0,"2019/05/16 06:45:00",N>>N-NIL_63,1669.70616,0,0,"2019/05/16 06:00:26",,"2019/03/01 00:00:00",1,171.42713
D,P5MIN,CONSTRAINTSOLUTION,6,"2019/05/16 06:05:00",0,"2019/05/16 06:45:00",N>>N-NIL_64,5935.29977,0,0,"2019/05/16 06:00:26",,"2019/02/28 00:00:00",1,2781.20827
D,P5MIN,CONSTRAINTSOLUTION,6,"2019/05/16 06:05:00",0,"2019/05/16 06:45:00",N>>N-NIL_65,5681.50994,0,0,"2019/05/16 06:00:26",,"2019/02/28 00:00:00",1,2628.87061
D,P5MIN,CONSTRAINTSOLUTION,6,"2019/05/16 06:05:00",0,"2019/05/16 06:45:00",N>>N-NIL_8E_8C,1322,0,0,"2019/05/16 06:00:26",,"2019/01/11 00:00:00",1,807.01937
D,P5MIN,CONSTRAINTSOLUTION,6,"2019/05/16 06:05:00",0,"2019/05/16 06:45:00",N>>N-NIL_996_IN,617.29828,0,0,"2019/05/16 06:00:26",,"2019/05/06 00:00:00",1,66.55223
D,P5MIN,CONSTRAINTSOLUTION,6,"2019/05/16 06:05:00",0,"2019/05/16 06:45:00",N>>N-NIL_DPTX,455.62155,0,0,"2019/05/16 06:00:26",,"2019/05/06 00:00:00",1,-48.709
D,P5MIN,CONSTRAINTSOLUTION,6,"2019/05/16 06:05:00",0,"2019/05/16 06:45:00",N>>N-NIL_DPTX_2,857.29627,0,0,"2019/05/16 06:00:26",,"2019/05/06 00:00:00",1,48.709
D,P5MIN,CONSTRAINTSOLUTION,6,"2019/05/16 06:05:00",0,"2019/05/16 06:45:00",N>>N-NIL_H01,3414.86196,0,0,"2019/05/16 06:00:26",,"2019/03/01 00:00:00",1,490.84897
D,P5MIN,CONSTRAINTSOLUTION,6,"2019/05/16 06:05:00",0,"2019/05/16 06:45:00",N>>N-NIL_H02,4055.48939,0,0,"2019/05/16 06:00:26",,"2019/01/11 00:00:00",1,511.44274
D,P5MIN,CONSTRAINTSOLUTION,6,"2019/05/16 06:05:00",0,"2019/05/16 06:45:00",N>>N-NIL_H03,3896.124,0,0,"2019/05/16 06:00:26",,"2019/01/11 00:00:00",1,444.81417
D,P5MIN,CONSTRAINTSOLUTION,6,"2019/05/16 06:05:00",0,"2019/05/16 06:45:00",N>>N-NIL_H051,1224.68851,0,0,"2019/05/16 06:00:26",,"2019/05/06 00:00:00",1,82.55801
D,P5MIN,CONSTRAINTSOLUTION,6,"2019/05/16 06:05:00",0,"2019/05/16 06:45:00",N>>N-NIL_H060,1693.95379,0,0,"2019/05/16 06:00:26",,"2019/05/06 00:00:00",1,-105.36384
D,P5MIN,CONSTRAINTSOLUTION,6,"2019/05/16 06:05:00",0,"2019/05/16 06:45:00",N>>N-NIL_H07,3783.55776,0,0,"2019/05/16 06:00:26",,"2019/03/01 00:00:00",1,391.76513
D,P5MIN,CONSTRAINTSOLUTION,6,"2019/05/16 06:05:00",0,"2019/05/16 06:45:00",N>>N-NIL_HE,3318.23796,0,0,"2019/05/16 06:00:26",,"2019/01/11 00:00:00",1,-102.01698
D,P5MIN,CONSTRAINTSOLUTION,6,"2019/05/16 06:05:00",0,"2019/05/16 06:45:00",N>>N-NIL_HF,3142.177,0,0,"2019/05/16 06:00:26",,"2019/05/06 00:00:00",1,617.07616
D,P5MIN,CONSTRAINTSOLUTION,6,"2019/05/16 06:05:00",0,"2019/05/16 06:45:00",N>>N-NIL_HI_15M,3570.40693,0,0,"2019/05/16 06:00:26",,"2019/05/06 00:00:00",1,502.29654
D,P5MIN,CONSTRAINTSOLUTION,6,"2019/05/16 06:05:00",0,"2019/05/16 06:45:00",N>>N-NIL_HK_15M,3726.021,0,0,"2019/05/16 06:00:26",,"2019/03/01 00:00:00",1,517.60621
D,P5MIN,CONSTRAINTSOLUTION,6,"2019/05/16 06:05:00",0,"2019/05/16 06:45:00",N>>N-NIL_HL,3681.2037,0,0,"2019/05/16 06:00:26",,"2019/05/06 00:00:00",1,-417.44789
D,P5MIN,CONSTRAINTSOLUTION,6,"2019/05/16 06:05:00",0,"2019/05/16 06:45:00",N>>N-NIL_HM,3238.15666,0,0,"2019/05/16 06:00:26",,"2019/05/06 00:00:00",1,417.44789
D,P5MIN,CONSTRAINTSOLUTION,6,"2019/05/16 06:05:00",0,"2019/05/16 06:45:00",N>>N-NIL_HU_15M,3624.3205,0,0,"2019/05/16 06:00:26",,"2019/05/06 00:00:00",1,498.10598
D,P5MIN,CONSTRAINTSOLUTION,6,"2019/05/16 06:05:00",0,"2019/05/16 06:45:00",N>>N-NIL__2_OPENED,612.05177,0,0,"2019/05/16 06:00:26",,"2019/01/11 00:00:00",1,-874.3843
D,P5MIN,CONSTRAINTSOLUTION,6,"2019/05/16 06:05:00",0,"2019/05/16 06:45:00",N>>N-NIL__3_OPENED,609.25839,0,0,"2019/05/16 06:00:26",,"2019/01/11 00:00:00",1,-874.3843
D,P5MIN,CONSTRAINTSOLUTION,6,"2019/05/16 06:05:00",0,"2019/05/16 06:45:00",N>>N-NIL__A_15M,3397.95184,0,0,"2019/05/16 06:00:26",,"2019/05/06 00:00:00",1,488.21035
D,P5MIN,CONSTRAINTSOLUTION,6,"2019/05/16 06:05:00",0,"2019/05/16 06:45:00",N>>N-NIL__B_15M,2996.44389,0,0,"2019/05/16 06:00:26",,"2019/05/06 00:00:00",1,523.03929
D,P5MIN,CONSTRAINTSOLUTION,6,"2019/05/16 06:05:00",0,"2019/05/16 06:45:00",N>>N-NIL__C_15M,3304.94349,0,0,"2019/05/16 06:00:26",,"2019/01/11 00:00:00",1,432.07414
D,P5MIN,CONSTRAINTSOLUTION,6,"2019/05/16 06:05:00",0,"2019/05/16 06:45:00",N>>N-NIL__D_15M,3247.85733,0,0,"2019/05/16 06:00:26",,"2019/03/01 00:00:00",1,509.38995
D,P5MIN,CONSTRAINTSOLUTION,6,"2019/05/16 06:05:00",0,"2019/05/16 06:45:00",N>>N-NIL__E_15M,2838.9946,0,0,"2019/05/16 06:00:26",,"2019/03/01 00:00:00",1,496.17666
D,P5MIN,CONSTRAINTSOLUTION,6,"2019/05/16 06:05:00",0,"2019/05/16 06:45:00",N>>N-NIL__F_15M,3283.30369,0,0,"2019/05/16 06:00:26",,"2019/01/11 00:00:00",1,506.44565
D,P5MIN,CONSTRAINTSOLUTION,6,"2019/05/16 06:05:00",0,"2019/05/16 06:45:00",N>>N-NIL__G_15M,3621.34116,0,0,"2019/05/16 06:00:26",,"2019/01/11 00:00:00",1,532.81281
D,P5MIN,CONSTRAINTSOLUTION,6,"2019/05/16 06:05:00",0,"2019/05/16 06:45:00",N>>N-NIL__H_15M,3148.17518,0,0,"2019/05/16 06:00:26",,"2019/03/01 00:00:00",1,407.88602
D,P5MIN,CONSTRAINTSOLUTION,6,"2019/05/16 06:05:00",0,"2019/05/16 06:45:00",N>>N-NIL__K,5778.74051,0,0,"2019/05/16 06:00:26",,"2019/02/28 00:00:00",1,1955.45822
D,P5MIN,CONSTRAINTSOLUTION,6,"2019/05/16 06:05:00",0,"2019/05/16 06:45:00",N>>N-NIL__L,5806.83037,0,0,"2019/05/16 06:00:26",,"2019/02/28 00:00:00",1,1955.4591
D,P5MIN,CONSTRAINTSOLUTION,6,"2019/05/16 06:05:00",0,"2019/05/16 06:45:00",N>>N-NIL__M,4398.29694,0,0,"2019/05/16 06:00:26",,"2019/02/28 00:00:00",1,1007.59144
D,P5MIN,CONSTRAINTSOLUTION,6,"2019/05/16 06:05:00",0,"2019/05/16 06:45:00",N>>N-NIL__N,6204.91831,0,0,"2019/05/16 06:00:26",,"2019/02/28 00:00:00",1,1197.75325
D,P5MIN,CONSTRAINTSOLUTION,6,"2019/05/16 06:05:00",0,"2019/05/16 06:45:00",N>>N-NIL__O,6207.76558,0,0,"2019/05/16 06:00:26",,"2019/02/28 00:00:00",1,1197.81011
D,P5MIN,CONSTRAINTSOLUTION,6,"2019/05/16 06:05:00",0,"2019/05/16 06:45:00",N>>N-NIL__P,5158.5635,0,0,"2019/05/16 06:00:26",,"2019/02/28 00:00:00",1,1475.7731
D,P5MIN,CONSTRAINTSOLUTION,6,"2019/05/16 06:05:00",0,"2019/05/16 06:45:00",N>>N-NIL__R,6060.55012,0,0,"2019/05/16 06:00:26",,"2019/02/28 00:00:00",1,1199.69875
D,P5MIN,CONSTRAINTSOLUTION,6,"2019/05/16 06:05:00",0,"2019/05/16 06:45:00",N>>N-NIL__S,3847.81384,0,0,"2019/05/16 06:00:26",,"2019/02/28 00:00:00",1,1885.01176
D,P5MIN,CONSTRAINTSOLUTION,6,"2019/05/16 06:05:00",0,"2019/05/16 06:45:00",N>>Q-BWLD_ONE,349.27674,0,0,"2019/05/16 06:00:26",,"2019/03/06 00:00:00",1,-1380.96865
D,P5MIN,CONSTRAINTSOLUTION,6,"2019/05/16 06:05:00",0,"2019/05/16 06:45:00",N>>V-NIL_0X1,503.39312,0,0,"2019/05/16 06:00:26",,"2019/05/06 00:00:00",1,75.46438
D,P5MIN,CONSTRAINTSOLUTION,6,"2019/05/16 06:05:00",0,"2019/05/16 06:45:00",N>>V-NIL_HC,972.863,0,0,"2019/05/16 06:00:26",,"2019/05/06 00:00:00",1,-400.90681
D,P5MIN,CONSTRAINTSOLUTION,6,"2019/05/16 06:05:00",0,"2019/05/16 06:45:00",N>>V-NIL_HD,1039.91942,0,0,"2019/05/16 06:00:26",,"2019/05/06 00:00:00",1,-435.39711
D,P5MIN,CONSTRAINTSOLUTION,6,"2019/05/16 06:05:00",0,"2019/05/16 06:45:00",N>>V-NIL_HJ,987.41997,0,0,"2019/05/16 06:00:26",,"2019/05/06 00:00:00",1,-310.54568
D,P5MIN,CONSTRAINTSOLUTION,6,"2019/05/16 06:05:00",0,"2019/05/16 06:45:00",N>>V-NIL_HK,2728.9585,0,0,"2019/05/16 06:00:26",,"2019/05/06 00:00:00",1,-573.9763
D,P5MIN,CONSTRAINTSOLUTION,6,"2019/05/16 06:05:00",0,"2019/05/16 06:45:00",N>>V-NIL_N,1265.1583,0,0,"2019/05/16 06:00:26",,"2019/01/11 00:00:00",1,-343.94127
D,P5MIN,CONSTRAINTSOLUTION,6,"2019/05/16 06:05:00",0,"2019/05/16 06:45:00",N>>V-NIL_O,609.82407,0,0,"2019/05/16 06:00:26",,"2019/01/11 00:00:00",1,-209.46756
D,P5MIN,CONSTRAINTSOLUTION,6,"2019/05/16 06:05:00",0,"2019/05/16 06:45:00",N>N-ARKK_CH_CB892A,9983.5,0,0,"2019/05/16 06:00:26",,"2016/01/11 00:00:00",1,-73
D,P5MIN,CONSTRAINTSOLUTION,6,"2019/05/16 06:05:00",0,"2019/05/16 06:45:00",N>N-ARKK_C_BYPASS,10590.6355,0,0,"2019/05/16 06:00:26",,"2018/09/14 00:00:00",1,144.98223
D,P5MIN,CONSTRAINTSOLUTION,6,"2019/05/16 06:05:00",0,"2019/05/16 06:45:00",N>N-ARKK_C_PSTMAN,10691.24859,0,0,"2019/05/16 06:00:26",,"2019/03/08 00:00:00",1,144.08821
D,P5MIN,CONSTRAINTSOLUTION,6,"2019/05/16 06:05:00",0,"2019/05/16 06:45:00",N>N-KC_TX_07,1766.96851,0,0,"2019/05/16 06:00:26",,"2019/03/08 00:00:00",1,1400
D,P5MIN,CONSTRAINTSOLUTION,6,"2019/05/16 06:05:00",0,"2019/05/16 06:45:00",N>N-NIL_8J_8C,1322,0,0,"2019/05/16 06:00:26",,"2019/01/11 00:00:00",1,572.84937
D,P5MIN,CONSTRAINTSOLUTION,6,"2019/05/16 06:05:00",0,"2019/05/16 06:45:00",N>N-NIL_DC,1506.00249,0,0,"2019/05/16 06:00:26",,"2019/01/21 00:00:00",1,875.31435
D,P5MIN,CONSTRAINTSOLUTION,6,"2019/05/16 06:05:00",0,"2019/05/16 06:45:00",N>N-NIL_F7_15M,799.29709,0,0,"2019/05/16 06:00:26",,"2019/01/11 00:00:00",1,-875.31435
D,P5MIN,CONSTRAINTSOLUTION,6,"2019/05/16 06:05:00",0,"2019/05/16 06:45:00",N>N-NIL_LSDU,83.769,0,0,"2019/05/16 06:00:26",,"2019/01/11 00:00:00",1,-73
D,P5MIN,CONSTRAINTSOLUTION,6,"2019/05/16 06:05:00",0,"2019/05/16 06:45:00",N>N-NIL_MBDU,230.76498,0,0,"2019/05/16 06:00:26",,"2019/01/11 00:00:00",1,73
D,P5MIN,CONSTRAINTSOLUTION,6,"2019/05/16 06:05:00",0,"2019/05/16 06:45:00",N>N-NIL_TE_D2,255.92,0,0,"2019/05/16 06:00:26",,"2019/01/11 00:00:00",1,-73
D,P5MIN,CONSTRAINTSOLUTION,6,"2019/05/16 06:05:00",0,"2019/05/16 06:45:00",N>N-NIL_TE_E1,9982,0,0,"2019/05/16 06:00:26",,"2019/01/11 00:00:00",1,-73
D,P5MIN,CONSTRAINTSOLUTION,6,"2019/05/16 06:05:00",0,"2019/05/16 06:45:00",N>N-NIL_TE_E2,9982,0,0,"2019/05/16 06:00:26",,"2019/01/11 00:00:00",1,-73
D,P5MIN,CONSTRAINTSOLUTION,6,"2019/05/16 06:05:00",0,"2019/05/16 06:45:00",N>N-NIL_TE_LOAD,9999,0,0,"2019/05/16 06:00:26",,"2013/08/21 00:00:00",1,73
D,P5MIN,CONSTRAINTSOLUTION,6,"2019/05/16 06:05:00",0,"2019/05/16 06:45:00",N>N-NIL__4_15M,622.19832,0,0,"2019/05/16 06:00:26",,"2019/01/11 00:00:00",1,-873.88712
D,P5MIN,CONSTRAINTSOLUTION,6,"2019/05/16 06:05:00",0,"2019/05/16 06:45:00",N>N-NIL__7,1545.14522,0,0,"2019/05/16 06:00:26",,"2019/01/11 00:00:00",1,-875.31435
D,P5MIN,CONSTRAINTSOLUTION,6,"2019/05/16 06:05:00",0,"2019/05/16 06:45:00",NQTE_ROC,15,0,0,"2019/05/16 06:00:26",,"2010/11/08 00:00:00",2,-73
D,P5MIN,CONSTRAINTSOLUTION,6,"2019/05/16 06:05:00",0,"2019/05/16 06:45:00",NRM_NSW1_QLD1,10000,0,0,"2019/05/16 06:00:26",,"2012/06/12 00:00:00",1,-645.84937
D,P5MIN,CONSTRAINTSOLUTION,6,"2019/05/16 06:05:00",0,"2019/05/16 06:45:00",NRM_NSW1_VIC1,10000,0,0,"2019/05/16 06:00:26",,"2012/06/12 00:00:00",1,-170.71927
D,P5MIN,CONSTRAINTSOLUTION,6,"2019/05/16 06:05:00",0,"2019/05/16 06:45:00",NRM_QLD1_NSW1,10579.17889,0,0,"2019/05/16 06:00:26",,"2012/06/12 00:00:00",1,645.84937
D,P5MIN,CONSTRAINTSOLUTION,6,"2019/05/16 06:05:00",0,"2019/05/16 06:45:00",NRM_SA1_VIC1,10141.77518,0,0,"2019/05/16 06:00:26",,"2012/06/12 00:00:00",1,134.62337
D,P5MIN,CONSTRAINTSOLUTION,6,"2019/05/16 06:05:00",0,"2019/05/16 06:45:00",NRM_VIC1_NSW1,10097.27099,0,0,"2019/05/16 06:00:26",,"2012/06/12 00:00:00",1,170.71927
D,P5MIN,CONSTRAINTSOLUTION,6,"2019/05/16 06:05:00",0,"2019/05/16 06:45:00",NRM_VIC1_SA1,10000,0,0,"2019/05/16 06:00:26",,"2012/06/12 00:00:00",1,-134.62337
D,P5MIN,CONSTRAINTSOLUTION,6,"2019/05/16 06:05:00",0,"2019/05/16 06:45:00",N^^N_NIL_1,2797.26063,0,0,"2019/05/16 06:00:26",,"2018/05/02 00:00:00",1,555.13469
D,P5MIN,CONSTRAINTSOLUTION,6,"2019/05/16 06:05:00",0,"2019/05/16 06:45:00",N^^Q_NIL_A,443.63215,0,0,"2019/05/16 06:00:26",,"2017/12/06 00:00:00",1,-762.93437
D,P5MIN,CONSTRAINTSOLUTION,6,"2019/05/16 06:05:00",0,"2019/05/16 06:45:00",N^^Q_NIL_B,622.24474,0,0,"2019/05/16 06:00:26",,"2017/12/06 00:00:00",1,-735.92437
D,P5MIN,CONSTRAINTSOLUTION,6,"2019/05/16 06:05:00",0,"2019/05/16 06:45:00",N^^Q_NIL_B1,937.24474,0,0,"2019/05/16 06:00:26",,"2017/12/06 00:00:00",1,-60.92437
D,P5MIN,CONSTRAINTSOLUTION,6,"2019/05/16 06:05:00",0,"2019/05/16 06:45:00",N^^Q_NIL_B2,937.24474,0,0,"2019/05/16 06:00:26",,"2017/12/06 00:00:00",1,-348.92437
D,P5MIN,CONSTRAINTSOLUTION,6,"2019/05/16 06:05:00",0,"2019/05/16 06:45:00",N^^Q_NIL_B3,937.24474,0,0,"2019/05/16 06:00:26",,"2017/12/06 00:00:00",1,-344.42437
D,P5MIN,CONSTRAINTSOLUTION,6,"2019/05/16 06:05:00",0,"2019/05/16 06:45:00",N^^Q_NIL_B4,897.24474,0,0,"2019/05/16 06:00:26",,"2017/12/06 00:00:00",1,-337.22437
D,P5MIN,CONSTRAINTSOLUTION,6,"2019/05/16 06:05:00",0,"2019/05/16 06:45:00",N^^Q_NIL_B5,907.24474,0,0,"2019/05/16 06:00:26",,"2017/12/06 00:00:00",1,-370.52437
D,P5MIN,CONSTRAINTSOLUTION,6,"2019/05/16 06:05:00",0,"2019/05/16 06:45:00",N^^Q_NIL_B6,907.24474,0,0,"2019/05/16 06:00:26",,"2017/12/06 00:00:00",1,-370.52437
D,P5MIN,CONSTRAINTSOLUTION,6,"2019/05/16 06:05:00",0,"2019/05/16 06:45:00",N^^Q_WIV_N-2,937.24474,0,0,"2019/05/16 06:00:26",,"2018/01/19 00:00:00",1,-735.92437
D,P5MIN,CONSTRAINTSOLUTION,6,"2019/05/16 06:05:00",0,"2019/05/16 06:45:00",N^^V_NIL_1,120.34791,0,0,"2019/05/16 06:00:26",,"2019/05/15 00:00:00",1,-24.49175
D,P5MIN,CONSTRAINTSOLUTION,6,"2019/05/16 06:05:00",0,"2019/05/16 06:45:00",N_NIL_TE_A,163.5,0,0,"2019/05/16 06:00:26",,"2012/07/04 00:00:00",1,-73
D,P5MIN,CONSTRAINTSOLUTION,6,"2019/05/16 06:05:00",0,"2019/05/16 06:45:00",N_NIL_TE_B,196.5,0,0,"2019/05/16 06:00:26",,"2012/07/04 00:00:00",1,73
D,P5MIN,CONSTRAINTSOLUTION,6,"2019/05/16 06:05:00",0,"2019/05/16 06:45:00",N_V_HV1700_OSC_AUTO,11768.10001,0,0,"2019/05/16 06:00:26",,"2013/07/19 00:00:00",1,569.28073
D,P5MIN,CONSTRAINTSOLUTION,6,"2019/05/16 06:05:00",0,"2019/05/16 06:45:00",Q::N_BI_POT_WIV_N-2,1209.34247,0,0,"2019/05/16 06:00:26",,"2018/01/16 00:00:00",1,666.51737
D,P5MIN,CONSTRAINTSOLUTION,6,"2019/05/16 06:05:00",0,"2019/05/16 06:45:00",Q::N_NIL_AR_2L-G,1111.64688,0,0,"2019/05/16 06:00:26",,"2018/01/15 00:00:00",2,789.92496
D,P5MIN,CONSTRAINTSOLUTION,6,"2019/05/16 06:05:00",0,"2019/05/16 06:45:00",Q::N_NIL_BI_POT,1209.33249,0,0,"2019/05/16 06:00:26",,"2018/01/15 00:00:00",2,666.51737
D,P5MIN,CONSTRAINTSOLUTION,6,"2019/05/16 06:05:00",0,"2019/05/16 06:45:00",Q:NIL_CS,4353.23546,0,0,"2019/05/16 06:00:26",,"2018/12/27 00:00:00",1,3738.3801
D,P5MIN,CONSTRAINTSOLUTION,6,"2019/05/16 06:05:00",0,"2019/05/16 06:45:00",Q:N_NIL_BWRG,1432.87925,0,0,"2019/05/16 06:00:26",,"2013/10/23 00:00:00",1,572.84937
D,P5MIN,CONSTRAINTSOLUTION,6,"2019/05/16 06:05:00",0,"2019/05/16 06:45:00",Q:N_NIL_LDNC,1423.67851,0,0,"2019/05/16 06:00:26",,"2013/10/23 00:00:00",1,572.84937
D,P5MIN,CONSTRAINTSOLUTION,6,"2019/05/16 06:05:00",0,"2019/05/16 06:45:00",Q:N_NIL_OSC,1200,0,0,"2019/05/16 06:00:26",,"2013/07/25 00:00:00",1,572.84937
D,P5MIN,CONSTRAINTSOLUTION,6,"2019/05/16 06:05:00",0,"2019/05/16 06:45:00",Q>>LCCP_BCCP_CLWU_2,3065.55623,0,0,"2019/05/16 06:00:26",,"2018/12/27 00:00:00",1,1900.95384
D,P5MIN,CONSTRAINTSOLUTION,6,"2019/05/16 06:05:00",0,"2019/05/16 06:45:00",Q>>LCCP_CLWU_BCCP_2,2651.98081,0,0,"2019/05/16 06:00:26",,"2018/12/27 00:00:00",1,1774.66027
D,P5MIN,CONSTRAINTSOLUTION,6,"2019/05/16 06:05:00",0,"2019/05/16 06:45:00",Q>>NIL_MRGB_MRTX1,10963.1874,0,0,"2019/05/16 06:00:26",,"2019/01/11 00:00:00",1,913.24372
D,P5MIN,CONSTRAINTSOLUTION,6,"2019/05/16 06:05:00",0,"2019/05/16 06:45:00",Q>>NIL_MRTX5_MRTX4,2985.80222,0,0,"2019/05/16 06:00:26",,"2019/01/11 00:00:00",1,1089.01777
D,P5MIN,CONSTRAINTSOLUTION,6,"2019/05/16 06:05:00",0,"2019/05/16 06:45:00",Q>>WOPW_WOSP_WOGP_1,3015.24925,0,0,"2019/05/16 06:00:26",,"2019/04/10 00:00:00",1,2635.17978
D,P5MIN,CONSTRAINTSOLUTION,6,"2019/05/16 06:05:00",0,"2019/05/16 06:45:00",Q>>WOPW_WOSP_WOGP_2,2863.49133,0,0,"2019/05/16 06:00:26",,"2019/04/10 00:00:00",1,2635.22674
D,P5MIN,CONSTRAINTSOLUTION,6,"2019/05/16 06:05:00",0,"2019/05/16 06:45:00",Q>N-NIL_8L_8M,1379,0,0,"2019/05/16 06:00:26",,"2013/08/21 00:00:00",1,572.84937
D,P5MIN,CONSTRAINTSOLUTION,6,"2019/05/16 06:05:00",0,"2019/05/16 06:45:00",Q>NIL_BI_CAGS_CALV_O,535.29535,0,0,"2019/05/16 06:00:26",,"2019/01/11 00:00:00",1,237.1057
D,P5MIN,CONSTRAINTSOLUTION,6,"2019/05/16 06:05:00",0,"2019/05/16 06:45:00",Q>NIL_MRTA_A,9990.121,0,0,"2019/05/16 06:00:26",,"2019/01/11 00:00:00",1,0.217
D,P5MIN,CONSTRAINTSOLUTION,6,"2019/05/16 06:05:00",0,"2019/05/16 06:45:00",Q>NIL_MRTA_B,9990.121,0,0,"2019/05/16 06:00:26",,"2019/01/11 00:00:00",1,0.217
D,P5MIN,CONSTRAINTSOLUTION,6,"2019/05/16 06:05:00",0,"2019/05/16 06:45:00",Q>NIL_MRTA_C,371.25,0,0,"2019/05/16 06:00:26",,"2019/01/11 00:00:00",1,0.217
D,P5MIN,CONSTRAINTSOLUTION,6,"2019/05/16 06:05:00",0,"2019/05/16 06:45:00",Q>NIL_MUTE_757,201.6,0,0,"2019/05/16 06:00:26",,"2014/09/02 00:00:00",1,73
D,P5MIN,CONSTRAINTSOLUTION,6,"2019/05/16 06:05:00",0,"2019/05/16 06:45:00",Q>NIL_MUTE_758,201.6,0,0,"2019/05/16 06:00:26",,"2014/09/02 00:00:00",1,73
D,P5MIN,CONSTRAINTSOLUTION,6,"2019/05/16 06:05:00",0,"2019/05/16 06:45:00",Q>NIL_TV66,410.96779,0,0,"2019/05/16 06:00:26",,"2018/08/20 00:00:00",1,0.001
D,P5MIN,CONSTRAINTSOLUTION,6,"2019/05/16 06:05:00",0,"2019/05/16 06:45:00",QNI_SOUTH_1150_DYN,1150,0,0,"2019/05/16 06:00:26",,"2019/01/30 00:00:00",1,572.84937
D,P5MIN,CONSTRAINTSOLUTION,6,"2019/05/16 06:05:00",0,"2019/05/16 06:45:00",QNTE_ROC,145,0,0,"2019/05/16 06:00:26",,"2010/11/08 00:00:00",3,73
D,P5MIN,CONSTRAINTSOLUTION,6,"2019/05/16 06:05:00",0,"2019/05/16 06:45:00",QN_1078_OSC_AUTO,11078,0,0,"2019/05/16 06:00:26",,"2013/07/25 00:00:00",1,572.84937
D,P5MIN,CONSTRAINTSOLUTION,6,"2019/05/16 06:05:00",0,"2019/05/16 06:45:00",Q^NIL_CN_FDR,-570.30637,0,0,"2019/05/16 06:00:26",,"2018/08/28 00:00:00",1,190.224
D,P5MIN,CONSTRAINTSOLUTION,6,"2019/05/16 06:05:00",0,"2019/05/16 06:45:00",Q^NIL_CN_GT,-716.78977,0,0,"2019/05/16 06:00:26",,"2018/08/28 00:00:00",1,144
D,P5MIN,CONSTRAINTSOLUTION,6,"2019/05/16 06:05:00",0,"2019/05/16 06:45:00",Q^NIL_FNQ,-334.62963,0,0,"2019/05/16 06:00:26",,"2018/08/28 00:00:00",1,144
D,P5MIN,CONSTRAINTSOLUTION,6,"2019/05/16 06:05:00",0,"2019/05/16 06:45:00",Q^NIL_GC,-6064.10123,0,0,"2019/05/16 06:00:26",,"2013/08/21 00:00:00",1,-73
D,P5MIN,CONSTRAINTSOLUTION,6,"2019/05/16 06:05:00",0,"2019/05/16 06:45:00",Q^^CS_-080,3495.11034,0,0,"2019/05/16 06:00:26",,"2018/08/30 00:00:00",1,2322.47007
D,P5MIN,CONSTRAINTSOLUTION,6,"2019/05/16 06:05:00",0,"2019/05/16 06:45:00",Q^^NIL_CS,3575.11033,0,0,"2019/05/16 06:00:26",,"2018/08/30 00:00:00",1,2322.47007
D,P5MIN,CONSTRAINTSOLUTION,6,"2019/05/16 06:05:00",0,"2019/05/16 06:45:00",Q^^NIL_QNI_SRAR,973.86409,0,0,"2019/05/16 06:00:26",,"2019/04/11 00:00:00",1,816.38617
D,P5MIN,CONSTRAINTSOLUTION,6,"2019/05/16 06:05:00",0,"2019/05/16 06:45:00",Q^^NIL_TR_CLHA,5850.27257,0,0,"2019/05/16 06:00:26",,"2018/12/19 00:00:00",1,3709.03654
D,P5MIN,CONSTRAINTSOLUTION,6,"2019/05/16 06:05:00",0,"2019/05/16 06:45:00",Q^^NIL_TR_TRBK,6077.89147,0,0,"2019/05/16 06:00:26",,"2018/12/19 00:00:00",1,4008.90375
D,P5MIN,CONSTRAINTSOLUTION,6,"2019/05/16 06:05:00",0,"2019/05/16 06:45:00",Q^^TR_CLHA_-250,5360.78362,0,0,"2019/05/16 06:00:26",,"2018/12/19 00:00:00",1,3709.03654
D,P5MIN,CONSTRAINTSOLUTION,6,"2019/05/16 06:05:00",0,"2019/05/16 06:45:00",Q^^TR_TRBK_-150,5781.61514,0,0,"2019/05/16 06:00:26",,"2018/12/19 00:00:00",1,4008.90375
D,P5MIN,CONSTRAINTSOLUTION,6,"2019/05/16 06:05:00",0,"2019/05/16 06:45:00",Q_CS_2000,4832.94624,0,0,"2019/05/16 06:00:26",,"2019/01/15 00:00:00",1,3738.3801
D,P5MIN,CONSTRAINTSOLUTION,6,"2019/05/16 06:05:00",0,"2019/05/16 06:45:00",S::V_NIL_TBSE_1,660.07794,0,0,"2019/05/16 06:00:26",,"2019/03/21 00:00:00",1,123.49649
D,P5MIN,CONSTRAINTSOLUTION,6,"2019/05/16 06:05:00",0,"2019/05/16 06:45:00",S::V_NIL_TBSE_2-DS,10000,0,0,"2019/05/16 06:00:26",,"2019/03/21 00:00:00",1,123.28971
D,P5MIN,CONSTRAINTSOLUTION,6,"2019/05/16 06:05:00",0,"2019/05/16 06:45:00",S:VS_580_OSC_AUTO_1,10000,0,0,"2019/05/16 06:00:26",,"2016/06/30 00:00:00",1,134.62337
D,P5MIN,CONSTRAINTSOLUTION,6,"2019/05/16 06:05:00",0,"2019/05/16 06:45:00",S:VS_650_HY_TEST,650,0,0,"2019/05/16 06:00:26",,"2018/08/07 00:00:00",1,134.62337
D,P5MIN,CONSTRAINTSOLUTION,6,"2019/05/16 06:05:00",0,"2019/05/16 06:45:00",S:VS_650_HY_TEST_DYN,650,0,0,"2019/05/16 06:00:26",,"2015/11/25 00:00:00",1,134.62337
D,P5MIN,CONSTRAINTSOLUTION,6,"2019/05/16 06:05:00",0,"2019/05/16 06:45:00",S:VS_700_1,10000,0,0,"2019/05/16 06:00:26",,"2016/08/16 00:00:00",1,134.62337
D,P5MIN,CONSTRAINTSOLUTION,6,"2019/05/16 06:05:00",0,"2019/05/16 06:45:00",S:VS_700_OSC_AUTO,10700,0,0,"2019/05/16 06:00:26",,"2016/06/30 00:00:00",1,134.62337
D,P5MIN,CONSTRAINTSOLUTION,6,"2019/05/16 06:05:00",0,"2019/05/16 06:45:00",S:VS_800,800,0,0,"2019/05/16 06:00:26",,"2018/08/07 00:00:00",1,134.62337
D,P5MIN,CONSTRAINTSOLUTION,6,"2019/05/16 06:05:00",0,"2019/05/16 06:45:00",S:V_460_OSC_AUTO_1,10000,0,0,"2019/05/16 06:00:26",,"2016/06/30 00:00:00",1,125.62337
D,P5MIN,CONSTRAINTSOLUTION,6,"2019/05/16 06:05:00",0,"2019/05/16 06:45:00",S:V_500_HY_TEST,500,0,0,"2019/05/16 06:00:26",,"2018/08/07 00:00:00",1,125.62337
D,P5MIN,CONSTRAINTSOLUTION,6,"2019/05/16 06:05:00",0,"2019/05/16 06:45:00",S:V_500_HY_TEST_DYN,500,0,0,"2019/05/16 06:00:26",,"2015/11/25 00:00:00",1,125.62337
D,P5MIN,CONSTRAINTSOLUTION,6,"2019/05/16 06:05:00",0,"2019/05/16 06:45:00",S:V_550_1,10000,0,0,"2019/05/16 06:00:26",,"2016/08/16 00:00:00",1,125.62337
D,P5MIN,CONSTRAINTSOLUTION,6,"2019/05/16 06:05:00",0,"2019/05/16 06:45:00",S:V_550_OSC_AUTO,10550,0,0,"2019/05/16 06:00:26",,"2016/06/30 00:00:00",1,125.62337
D,P5MIN,CONSTRAINTSOLUTION,6,"2019/05/16 06:05:00",0,"2019/05/16 06:45:00",S:V_650,650,0,0,"2019/05/16 06:00:26",,"2018/08/07 00:00:00",1,125.62337
D,P5MIN,CONSTRAINTSOLUTION,6,"2019/05/16 06:05:00",0,"2019/05/16 06:45:00",S>>HUBG_AWHU_WEWT,324.9994,0,0,"2019/05/16 06:00:26",,"2019/05/15 00:00:00",1,56.37479
D,P5MIN,CONSTRAINTSOLUTION,6,"2019/05/16 06:05:00",0,"2019/05/16 06:45:00",S>>HUBG_BGDV_WEMWP4,256.19823,0,0,"2019/05/16 06:00:26",,"2019/05/15 00:00:00",1,-39.70412
D,P5MIN,CONSTRAINTSOLUTION,6,"2019/05/16 06:05:00",0,"2019/05/16 06:45:00",S>>HUBG_BGDV_WTWE,320.71866,0,0,"2019/05/16 06:00:26",,"2019/05/15 00:00:00",1,-69.63308
D,P5MIN,CONSTRAINTSOLUTION,6,"2019/05/16 06:05:00",0,"2019/05/16 06:45:00",S>>HUBG_BLDV_WEWT,328.65174,0,0,"2019/05/16 06:00:26",,"2019/05/15 00:00:00",1,67.93397
D,P5MIN,CONSTRAINTSOLUTION,6,"2019/05/16 06:05:00",0,"2019/05/16 06:45:00",S>>HUBG_BLDV_WTTP,472.76828,0,0,"2019/05/16 06:00:26",,"2019/05/15 00:00:00",1,85.55353
D,P5MIN,CONSTRAINTSOLUTION,6,"2019/05/16 06:05:00",0,"2019/05/16 06:45:00",S>>HUBG_BWMP_WEWT,328.70557,0,0,"2019/05/16 06:00:26",,"2019/03/13 00:00:00",1,52.74212
D,P5MIN,CONSTRAINTSOLUTION,6,"2019/05/16 06:05:00",0,"2019/05/16 06:45:00",S>>HUBG_LKDV_WEWT,323.24822,0,0,"2019/05/16 06:00:26",,"2019/05/15 00:00:00",1,79.45516
D,P5MIN,CONSTRAINTSOLUTION,6,"2019/05/16 06:05:00",0,"2019/05/16 06:45:00",S>>HUBG_LKDV_WTTP,516.04313,0,0,"2019/05/16 06:00:26",,"2019/05/15 00:00:00",1,88.4158
D,P5MIN,CONSTRAINTSOLUTION,6,"2019/05/16 06:05:00",0,"2019/05/16 06:45:00",S>>HUBG_MNCLN_WEMWP4,203.90319,0,0,"2019/05/16 06:00:26",,"2019/05/15 00:00:00",1,-30.49587
D,P5MIN,CONSTRAINTSOLUTION,6,"2019/05/16 06:05:00",0,"2019/05/16 06:45:00",S>>HUBG_MNCLN_WTWE,271.69243,0,0,"2019/05/16 06:00:26",,"2019/05/15 00:00:00",1,-47.42148
D,P5MIN,CONSTRAINTSOLUTION,6,"2019/05/16 06:05:00",0,"2019/05/16 06:45:00",S>>HUBG_RBTU_WEWT,314.55862,0,0,"2019/05/16 06:00:26",,"2019/05/15 00:00:00",1,88.9851
D,P5MIN,CONSTRAINTSOLUTION,6,"2019/05/16 06:05:00",0,"2019/05/16 06:45:00",S>>HUBG_RBTU_WTTP,481.68777,0,0,"2019/05/16 06:00:26",,"2019/05/15 00:00:00",1,118.12047
D,P5MIN,CONSTRAINTSOLUTION,6,"2019/05/16 06:05:00",0,"2019/05/16 06:45:00",S>>HUBG_RBTX1_WEWT,307.52318,0,0,"2019/05/16 06:00:26",,"2019/05/15 00:00:00",1,46.16343
D,P5MIN,CONSTRAINTSOLUTION,6,"2019/05/16 06:05:00",0,"2019/05/16 06:45:00",S>>HUBG_WTTP_WEMWP4,222.27116,0,0,"2019/05/16 06:00:26",,"2019/05/15 00:00:00",1,7.41582
D,P5MIN,CONSTRAINTSOLUTION,6,"2019/05/16 06:05:00",0,"2019/05/16 06:45:00",S>>HUBG_WTTP_WTWE,286.46642,0,0,"2019/05/16 06:00:26",,"2019/05/15 00:00:00",1,-5.44357
D,P5MIN,CONSTRAINTSOLUTION,6,"2019/05/16 06:05:00",0,"2019/05/16 06:45:00",S>>NIL_BGBW_BRTW,1273.57876,0,0,"2019/05/16 06:00:26",,"2019/05/15 00:00:00",1,231.39715
D,P5MIN,CONSTRAINTSOLUTION,6,"2019/05/16 06:05:00",0,"2019/05/16 06:45:00",S>>NIL_BRTW_WEP4,367.18679,0,0,"2019/05/16 06:00:26",,"2019/05/15 00:00:00",1,-4.94765
D,P5MIN,CONSTRAINTSOLUTION,6,"2019/05/16 06:05:00",0,"2019/05/16 06:45:00",S>>NIL_BRTW_WTTP,574.60583,0,0,"2019/05/16 06:00:26",,"2019/05/15 00:00:00",1,135.8401
D,P5MIN,CONSTRAINTSOLUTION,6,"2019/05/16 06:05:00",0,"2019/05/16 06:45:00",S>>NIL_BRTX_WEP4,326.66797,0,0,"2019/05/16 06:00:26",,"2019/05/15 00:00:00",1,-18.5071
D,P5MIN,CONSTRAINTSOLUTION,6,"2019/05/16 06:05:00",0,"2019/05/16 06:45:00",S>>NIL_BRTX_WTTP,530.76321,0,0,"2019/05/16 06:00:26",,"2019/05/15 00:00:00",1,96.96049
D,P5MIN,CONSTRAINTSOLUTION,6,"2019/05/16 06:05:00",0,"2019/05/16 06:45:00",S>>NIL_BWMP_BRTW,1272.85222,0,0,"2019/05/16 06:00:26",,"2019/05/15 00:00:00",1,278.78385
D,P5MIN,CONSTRAINTSOLUTION,6,"2019/05/16 06:05:00",0,"2019/05/16 06:45:00",S>>NIL_BWMP_TPRS,466.92907,0,0,"2019/05/16 06:00:26",,"2019/05/15 00:00:00",1,97.48553
D,P5MIN,CONSTRAINTSOLUTION,6,"2019/05/16 06:05:00",0,"2019/05/16 06:45:00",S>>NIL_BWMP_TWPA,1146.91709,0,0,"2019/05/16 06:00:26",,"2019/05/15 00:00:00",1,263.01452
D,P5MIN,CONSTRAINTSOLUTION,6,"2019/05/16 06:05:00",0,"2019/05/16 06:45:00",S>>NIL_BWMP_WEP4,285.62028,0,0,"2019/05/16 06:00:26",,"2019/05/15 00:00:00",1,-12.5762
D,P5MIN,CONSTRAINTSOLUTION,6,"2019/05/16 06:05:00",0,"2019/05/16 06:45:00",S>>NIL_BWMP_WTTP,585.50943,0,0,"2019/05/16 06:00:26",,"2019/05/15 00:00:00",1,135.35245
D,P5MIN,CONSTRAINTSOLUTION,6,"2019/05/16 06:05:00",0,"2019/05/16 06:45:00",S>>NIL_CGTB_TUTB_1,674.28573,0,0,"2019/05/16 06:00:26",,"2019/05/15 00:00:00",1,122.69596
D,P5MIN,CONSTRAINTSOLUTION,6,"2019/05/16 06:05:00",0,"2019/05/16 06:45:00",S>>NIL_CNRB_WEMWP4,387.0092,0,0,"2019/05/16 06:00:26",,"2019/05/15 00:00:00",1,25.61042
D,P5MIN,CONSTRAINTSOLUTION,6,"2019/05/16 06:05:00",0,"2019/05/16 06:45:00",S>>NIL_HUBG-T_WEWT,10000,0,0,"2019/05/16 06:00:26",,"2019/05/15 00:00:00",1,56.37479
D,P5MIN,CONSTRAINTSOLUTION,6,"2019/05/16 06:05:00",0,"2019/05/16 06:45:00",S>>NIL_HUBG-T_WEWT2,322.96372,0,0,"2019/05/16 06:00:26",,"2019/05/15 00:00:00",1,56.37479
D,P5MIN,CONSTRAINTSOLUTION,6,"2019/05/16 06:05:00",0,"2019/05/16 06:45:00",S>>NIL_LKDV_WEWT,294.84221,0,0,"2019/05/16 06:00:26",,"2019/05/15 00:00:00",1,71.64158
D,P5MIN,CONSTRAINTSOLUTION,6,"2019/05/16 06:05:00",0,"2019/05/16 06:45:00",S>>NIL_MKRB_WEMWP4,367.81187,0,0,"2019/05/16 06:00:26",,"2019/05/15 00:00:00",1,-9.62876
D,P5MIN,CONSTRAINTSOLUTION,6,"2019/05/16 06:05:00",0,"2019/05/16 06:45:00",S>>NIL_RBPA_RBTU,1197.03241,0,0,"2019/05/16 06:00:26",,"2019/05/15 00:00:00",1,324.28907
D,P5MIN,CONSTRAINTSOLUTION,6,"2019/05/16 06:05:00",0,"2019/05/16 06:45:00",S>>NIL_RBPA_WEWT,315.59416,0,0,"2019/05/16 06:00:26",,"2019/05/15 00:00:00",1,76.59156
D,P5MIN,CONSTRAINTSOLUTION,6,"2019/05/16 06:05:00",0,"2019/05/16 06:45:00",S>>NIL_RBTU_BRTW,1415.4835,0,0,"2019/05/16 06:00:26",,"2019/05/15 00:00:00",1,272.31945
D,P5MIN,CONSTRAINTSOLUTION,6,"2019/05/16 06:05:00",0,"2019/05/16 06:45:00",S>>NIL_RBTU_RBPA,1283.71643,0,0,"2019/05/16 06:00:26",,"2019/05/15 00:00:00",1,323.22791
D,P5MIN,CONSTRAINTSOLUTION,6,"2019/05/16 06:05:00",0,"2019/05/16 06:45:00",S>>NIL_RBTU_TWPA,1131.67778,0,0,"2019/05/16 06:00:26",,"2019/05/15 00:00:00",1,231.28687
D,P5MIN,CONSTRAINTSOLUTION,6,"2019/05/16 06:05:00",0,"2019/05/16 06:45:00",S>>NIL_RBTU_WEWT,308.29507,0,0,"2019/05/16 06:00:26",,"2019/05/15 00:00:00",1,84.43651
D,P5MIN,CONSTRAINTSOLUTION,6,"2019/05/16 06:05:00",0,"2019/05/16 06:45:00",S>>NIL_RBTU_WTTP,599.8045,0,0,"2019/05/16 06:00:26",,"2019/05/15 00:00:00",1,149.2314
D,P5MIN,CONSTRAINTSOLUTION,6,"2019/05/16 06:05:00",0,"2019/05/16 06:45:00",S>>NIL_RBTX1_WTWE,279.59716,0,0,"2019/05/16 06:00:26",,"2019/05/15 00:00:00",1,-37.19713
D,P5MIN,CONSTRAINTSOLUTION,6,"2019/05/16 06:05:00",0,"2019/05/16 06:45:00",S>>NIL_SETB_SETB_1,913.48604,0,0,"2019/05/16 06:00:26",,"2019/05/15 00:00:00",1,-122.79551
D,P5MIN,CONSTRAINTSOLUTION,6,"2019/05/16 06:05:00",0,"2019/05/16 06:45:00",S>>NIL_TBCG_TBTU_1,899.98038,0,0,"2019/05/16 06:00:26",,"2019/05/15 00:00:00",1,-122.69596
D,P5MIN,CONSTRAINTSOLUTION,6,"2019/05/16 06:05:00",0,"2019/05/16 06:45:00",S>>NIL_TBSE_PWSE_1,10000,0,0,"2019/05/16 06:00:26",,"2019/03/11 00:00:00",1,29.27847
D,P5MIN,CONSTRAINTSOLUTION,6,"2019/05/16 06:05:00",0,"2019/05/16 06:45:00",S>>NIL_TBSE_TBSE_1,750.70634,0,0,"2019/05/16 06:00:26",,"2019/05/15 00:00:00",1,122.79551
D,P5MIN,CONSTRAINTSOLUTION,6,"2019/05/16 06:05:00",0,"2019/05/16 06:45:00",S>>NIL_TBTU_TBCG_1,953.14498,0,0,"2019/05/16 06:00:26",,"2019/05/15 00:00:00",1,-122.69596
D,P5MIN,CONSTRAINTSOLUTION,6,"2019/05/16 06:05:00",0,"2019/05/16 06:45:00",S>>NIL_TBTU_TBMO_1,436.28729,0,0,"2019/05/16 06:00:26",,"2019/05/15 00:00:00",1,-61.67466
D,P5MIN,CONSTRAINTSOLUTION,6,"2019/05/16 06:05:00",0,"2019/05/16 06:45:00",S>>NIL_TUTB_CGTB_1,728.1302,0,0,"2019/05/16 06:00:26",,"2019/05/15 00:00:00",1,122.69596
D,P5MIN,CONSTRAINTSOLUTION,6,"2019/05/16 06:05:00",0,"2019/05/16 06:45:00",S>>NIL_TUTB_PAAC,755.9269,0,0,"2019/05/16 06:00:26",,"2019/05/15 00:00:00",1,72.47872
D,P5MIN,CONSTRAINTSOLUTION,6,"2019/05/16 06:05:00",0,"2019/05/16 06:45:00",S>>NIL_TWPA_BWMP,932.15691,0,0,"2019/05/16 06:00:26",,"2019/05/15 00:00:00",1,182.8845
D,P5MIN,CONSTRAINTSOLUTION,6,"2019/05/16 06:05:00",0,"2019/05/16 06:45:00",S>>NIL_TWPA_TPRS,384.13281,0,0,"2019/05/16 06:00:26",,"2019/05/15 00:00:00",1,107.66705
D,P5MIN,CONSTRAINTSOLUTION,6,"2019/05/16 06:05:00",0,"2019/05/16 06:45:00",S>>NIL_TWPA_WEMW4,304.09994,0,0,"2019/05/16 06:00:26",,"2019/05/15 00:00:00",1,11.34804
D,P5MIN,CONSTRAINTSOLUTION,6,"2019/05/16 06:05:00",0,"2019/05/16 06:45:00",S>>TBTX4_CGTB_TUTB,638.95647,0,0,"2019/05/16 06:00:26",,"2019/03/13 00:00:00",1,122.7763
D,P5MIN,CONSTRAINTSOLUTION,6,"2019/05/16 06:05:00",0,"2019/05/16 06:45:00",S>>TBTX4_TBCG_TBTU,808.87166,0,0,"2019/05/16 06:00:26",,"2019/03/13 00:00:00",1,-122.7763
D,P5MIN,CONSTRAINTSOLUTION,6,"2019/05/16 06:05:00",0,"2019/05/16 06:45:00",S>>TBTX4_TBTU_TBCG,806.88379,0,0,"2019/05/16 06:00:26",,"2019/03/13 00:00:00",1,-122.7763
D,P5MIN,CONSTRAINTSOLUTION,6,"2019/05/16 06:05:00",0,"2019/05/16 06:45:00",S>>TBTX4_TUTB_CGTB,645.67678,0,0,"2019/05/16 06:00:26",,"2019/03/13 00:00:00",1,122.7763
D,P5MIN,CONSTRAINTSOLUTION,6,"2019/05/16 06:05:00",0,"2019/05/16 06:45:00",S>>V_NIL_DVBG_STBG,183.59802,0,0,"2019/05/16 06:00:26",,"2019/05/14 00:00:00",1,-3.13201
D,P5MIN,CONSTRAINTSOLUTION,6,"2019/05/16 06:05:00",0,"2019/05/16 06:45:00",S>>V_NIL_NIL_HUWT,222.27045,0,0,"2019/05/16 06:00:26",,"2019/05/14 00:00:00",1,-1.76466
D,P5MIN,CONSTRAINTSOLUTION,6,"2019/05/16 06:05:00",0,"2019/05/16 06:45:00",S>>V_NIL_NIL_MNWT,302.52359,0,0,"2019/05/16 06:00:26",,"2019/05/14 00:00:00",1,-0.75727
D,P5MIN,CONSTRAINTSOLUTION,6,"2019/05/16 06:05:00",0,"2019/05/16 06:45:00",S>>V_NIL_RBTX_MW4RB,323.49844,0,0,"2019/05/16 06:00:26",,"2019/05/14 00:00:00",1,-24.84289
D,P5MIN,CONSTRAINTSOLUTION,6,"2019/05/16 06:05:00",0,"2019/05/16 06:45:00",S>>V_NIL_WTTP_WEMW4,307.80264,0,0,"2019/05/16 06:00:26",,"2019/05/14 00:00:00",1,15.03315
D,P5MIN,CONSTRAINTSOLUTION,6,"2019/05/16 06:05:00",0,"2019/05/16 06:45:00",S>DVTX_NIL_DVTX,166.95928,0,0,"2019/05/16 06:00:26",,"2019/01/22 00:00:00",1,0
D,P5MIN,CONSTRAINTSOLUTION,6,"2019/05/16 06:05:00",0,"2019/05/16 06:45:00",S>NIL_BRTW_MNWT,324.33365,0,0,"2019/05/16 06:00:26",,"2019/05/14 00:00:00",1,29.38172
D,P5MIN,CONSTRAINTSOLUTION,6,"2019/05/16 06:05:00",0,"2019/05/16 06:45:00",S>NIL_BWMP_CNRB,740.50324,0,0,"2019/05/16 06:00:26",,"2019/05/14 00:00:00",1,243.21911
D,P5MIN,CONSTRAINTSOLUTION,6,"2019/05/16 06:05:00",0,"2019/05/16 06:45:00",S>NIL_BWMP_HUWT,222.2343,0,0,"2019/05/16 06:00:26",,"2019/05/14 00:00:00",1,7.51407
D,P5MIN,CONSTRAINTSOLUTION,6,"2019/05/16 06:05:00",0,"2019/05/16 06:45:00",S>NIL_BWMP_RHBR-T,310.84404,0,0,"2019/05/16 06:00:26",,"2019/05/14 00:00:00",1,57.85061
D,P5MIN,CONSTRAINTSOLUTION,6,"2019/05/16 06:05:00",0,"2019/05/16 06:45:00",S>NIL_DVBG_BRTW,1606.13793,0,0,"2019/05/16 06:00:26",,"2019/05/14 00:00:00",1,279.699
D,P5MIN,CONSTRAINTSOLUTION,6,"2019/05/16 06:05:00",0,"2019/05/16 06:45:00",S>NIL_DVTX_DVTX,166.36,0,0,"2019/05/16 06:00:26",,"2019/01/11 00:00:00",1,0
D,P5MIN,CONSTRAINTSOLUTION,6,"2019/05/16 06:05:00",0,"2019/05/16 06:45:00",S>NIL_HUWT_STBG,10000,0,0,"2019/05/16 06:00:26",,"2019/01/11 00:00:00",1,0
D,P5MIN,CONSTRAINTSOLUTION,6,"2019/05/16 06:05:00",0,"2019/05/16 06:45:00",S>NIL_HUWT_STBG2,124.37189,0,0,"2019/05/16 06:00:26",,"2019/01/11 00:00:00",1,0
D,P5MIN,CONSTRAINTSOLUTION,6,"2019/05/16 06:05:00",0,"2019/05/16 06:45:00",S>NIL_LKDV_CNRB,455.07,0,0,"2019/05/16 06:00:26",,"2019/01/11 00:00:00",1,219.207
D,P5MIN,CONSTRAINTSOLUTION,6,"2019/05/16 06:05:00",0,"2019/05/16 06:45:00",S>NIL_MHNW1_MHNW2,10000,0,0,"2019/05/16 06:00:26",,"2019/01/11 00:00:00",1,-9
D,P5MIN,CONSTRAINTSOLUTION,6,"2019/05/16 06:05:00",0,"2019/05/16 06:45:00",S>NIL_NIL_DLAW,114.46152,0,0,"2019/05/16 06:00:26",,"2019/01/11 00:00:00",1,0
D,P5MIN,CONSTRAINTSOLUTION,6,"2019/05/16 06:05:00",0,"2019/05/16 06:45:00",S>NIL_NIL_MHNW2,270.69618,0,0,"2019/05/16 06:00:26",,"2019/01/11 00:00:00",1,-9
D,P5MIN,CONSTRAINTSOLUTION,6,"2019/05/16 06:05:00",0,"2019/05/16 06:45:00",S>NIL_NIL_MYSG-T,275.71704,0,0,"2019/05/16 06:00:26",,"2019/03/14 00:00:00",2,2.954
D,P5MIN,CONSTRAINTSOLUTION,6,"2019/05/16 06:05:00",0,"2019/05/16 06:45:00",S>NIL_NIL_NWMH2,223.72444,0,0,"2019/05/16 06:00:26",,"2019/01/11 00:00:00",1,9
D,P5MIN,CONSTRAINTSOLUTION,6,"2019/05/16 06:05:00",0,"2019/05/16 06:45:00",S>NIL_NIL_SETX12,393.34368,0,0,"2019/05/16 06:00:26",,"2019/03/14 00:00:00",2,2.954
D,P5MIN,CONSTRAINTSOLUTION,6,"2019/05/16 06:05:00",0,"2019/05/16 06:45:00",S>NIL_NIL_SGBN,348.78153,0,0,"2019/05/16 06:00:26",,"2019/03/14 00:00:00",2,2.954
D,P5MIN,CONSTRAINTSOLUTION,6,"2019/05/16 06:05:00",0,"2019/05/16 06:45:00",S>NIL_NIL_SGMYSE-T2,408.3217,0,0,"2019/05/16 06:00:26",,"2019/03/14 00:00:00",2,2.954
D,P5MIN,CONSTRAINTSOLUTION,6,"2019/05/16 06:05:00",0,"2019/05/16 06:45:00",S>NIL_NWMH1_NWMH2,10000,0,0,"2019/05/16 06:00:26",,"2019/01/11 00:00:00",1,9
D,P5MIN,CONSTRAINTSOLUTION,6,"2019/05/16 06:05:00",0,"2019/05/16 06:45:00",S>NIL_PL_GENMAX,75.92805,0,0,"2019/05/16 06:00:26",,"2019/01/11 00:00:00",1,0
D,P5MIN,CONSTRAINTSOLUTION,6,"2019/05/16 06:05:00",0,"2019/05/16 06:45:00",S>NIL_PL_GENMAX_YDMD,104.09543,0,0,"2019/05/16 06:00:26",,"2019/01/11 00:00:00",1,0
D,P5MIN,CONSTRAINTSOLUTION,6,"2019/05/16 06:05:00",0,"2019/05/16 06:45:00",S>NIL_RBMWP3_RBNW1,10000,0,0,"2019/05/16 06:00:26",,"2019/01/11 00:00:00",1,9
D,P5MIN,CONSTRAINTSOLUTION,6,"2019/05/16 06:05:00",0,"2019/05/16 06:45:00",S>NIL_RBNW1_RBMWP3,10000,0,0,"2019/05/16 06:00:26",,"2019/01/11 00:00:00",1,9
D,P5MIN,CONSTRAINTSOLUTION,6,"2019/05/16 06:05:00",0,"2019/05/16 06:45:00",S>NIL_SGBN_SGSE-T2,10000,0,0,"2019/05/16 06:00:26",,"2019/03/14 00:00:00",2,2.954
D,P5MIN,CONSTRAINTSOLUTION,6,"2019/05/16 06:05:00",0,"2019/05/16 06:45:00",S>NIL_TINO3_TINO4,308.14399,0,0,"2019/05/16 06:00:26",,"2019/03/14 00:00:00",2,-185
D,P5MIN,CONSTRAINTSOLUTION,6,"2019/05/16 06:05:00",0,"2019/05/16 06:45:00",S>NIL_WEMW4_WTTP,383.84526,0,0,"2019/05/16 06:00:26",,"2019/05/14 00:00:00",1,50.89274
D,P5MIN,CONSTRAINTSOLUTION,6,"2019/05/16 06:05:00",0,"2019/05/16 06:45:00",S>SETXH1_SETXL2,72.3989,0,0,"2019/05/16 06:00:26",,"2019/05/16 00:00:00",4,-11.99868
D,P5MIN,CONSTRAINTSOLUTION,6,"2019/05/16 06:05:00",0,"2019/05/16 06:45:00",S>V_NIL_NIL_RBNW,166.67776,0,0,"2019/05/16 06:00:26",,"2019/01/25 00:00:00",1,9
D,P5MIN,CONSTRAINTSOLUTION,6,"2019/05/16 06:05:00",0,"2019/05/16 06:45:00",S>V_NIL_SEHY,742,0,0,"2019/05/16 06:00:26",,"2016/09/13 00:00:00",1,125.62337
D,P5MIN,CONSTRAINTSOLUTION,6,"2019/05/16 06:05:00",0,"2019/05/16 06:45:00",S>V_NIL_SETX_SETX,10000,0,0,"2019/05/16 06:00:26",,"2019/05/08 00:00:00",2,0
D,P5MIN,CONSTRAINTSOLUTION,6,"2019/05/16 06:05:00",0,"2019/05/16 06:45:00",S>V_NIL_SETX_SETX1,185.99935,0,0,"2019/05/16 06:00:26",,"2019/05/08 00:00:00",2,2.954
D,P5MIN,CONSTRAINTSOLUTION,6,"2019/05/16 06:05:00",0,"2019/05/16 06:45:00",SVML_233,233,0,0,"2019/05/16 06:00:26",,"2014/10/01 00:00:00",1,9
D,P5MIN,CONSTRAINTSOLUTION,6,"2019/05/16 06:05:00",0,"2019/05/16 06:45:00",SVML_ROC_80,89,0,0,"2019/05/16 06:00:26",,"2016/08/23 00:00:00",1,9
D,P5MIN,CONSTRAINTSOLUTION,6,"2019/05/16 06:05:00",0,"2019/05/16 06:45:00",S^NIL_PL_MAX,44.79406,0,0,"2019/05/16 06:00:26",,"2017/07/11 00:00:00",1,0
D,P5MIN,CONSTRAINTSOLUTION,6,"2019/05/16 06:05:00",0,"2019/05/16 06:45:00",S_LB2WF_CONF,198,0,0,"2019/05/16 06:00:26",,"2015/08/07 00:00:00",1,2.954
D,P5MIN,CONSTRAINTSOLUTION,6,"2019/05/16 06:05:00",0,"2019/05/16 06:45:00",S_NIL_STRENGTH_1,10516,0,0,"2019/05/16 06:00:26",,"2018/12/05 00:00:00",1,447.456
D,P5MIN,CONSTRAINTSOLUTION,6,"2019/05/16 06:05:00",0,"2019/05/16 06:45:00",S_NIL_STRENGTH_2,1790.84049,0,0,"2019/05/16 06:00:26",,"2018/11/26 00:00:00",1,321.83263
D,P5MIN,CONSTRAINTSOLUTION,6,"2019/05/16 06:05:00",0,"2019/05/16 06:45:00",S_V_NIL_ROCOF,1273.80002,0,0,"2019/05/16 06:00:26",,"2019/01/03 00:00:00",1,125.62337
D,P5MIN,CONSTRAINTSOLUTION,6,"2019/05/16 06:05:00",0,"2019/05/16 06:45:00",T::T_NIL_1,735.08986,0,0,"2019/05/16 06:00:26",,"2014/07/31 00:00:00",1,442.29936
D,P5MIN,CONSTRAINTSOLUTION,6,"2019/05/16 06:05:00",0,"2019/05/16 06:45:00",T::T_NIL_2,10691.10114,0,0,"2019/05/16 06:00:26",,"2014/07/31 00:00:00",1,436.3512
D,P5MIN,CONSTRAINTSOLUTION,6,"2019/05/16 06:05:00",0,"2019/05/16 06:45:00",T::T_NIL_3,787.86149,0,0,"2019/05/16 06:00:26",,"2014/07/31 00:00:00",1,646.26631
D,P5MIN,CONSTRAINTSOLUTION,6,"2019/05/16 06:05:00",0,"2019/05/16 06:45:00",T::T_NIL_4,10933.38221,0,0,"2019/05/16 06:00:26",,"2014/07/31 00:00:00",1,642.30678
D,P5MIN,CONSTRAINTSOLUTION,6,"2019/05/16 06:05:00",0,"2019/05/16 06:45:00",T:T_LIPM_1,-344.29524,0,0,"2019/05/16 06:00:26",,"2013/08/21 00:00:00",1,-438.36081
D,P5MIN,CONSTRAINTSOLUTION,6,"2019/05/16 06:05:00",0,"2019/05/16 06:45:00",T:T_LIPM_2,489.12166,0,0,"2019/05/16 06:00:26",,"2013/08/21 00:00:00",1,290.42898
D,P5MIN,CONSTRAINTSOLUTION,6,"2019/05/16 06:05:00",0,"2019/05/16 06:45:00",T>>T_NIL_BL_EXP_3F,11137.81748,0,0,"2019/05/16 06:00:26",,"2017/07/17 00:00:00",1,573.48902
D,P5MIN,CONSTRAINTSOLUTION,6,"2019/05/16 06:05:00",0,"2019/05/16 06:45:00",T>>T_NIL_BL_EXP_3G,11314.60614,0,0,"2019/05/16 06:00:26",,"2017/07/17 00:00:00",1,431.21323
D,P5MIN,CONSTRAINTSOLUTION,6,"2019/05/16 06:05:00",0,"2019/05/16 06:45:00",T>>T_NIL_BL_EXP_3H,11631.82307,0,0,"2019/05/16 06:00:26",,"2017/07/17 00:00:00",1,668.13918
D,P5MIN,CONSTRAINTSOLUTION,6,"2019/05/16 06:05:00",0,"2019/05/16 06:45:00",T>>T_NIL_BL_EXP_4E,10425.89588,0,0,"2019/05/16 06:00:26",,"2016/07/26 00:00:00",1,175.48471
D,P5MIN,CONSTRAINTSOLUTION,6,"2019/05/16 06:05:00",0,"2019/05/16 06:45:00",T>>T_NIL_BL_EXP_4F,10381.83625,0,0,"2019/05/16 06:00:26",,"2016/06/16 00:00:00",1,177.94404
D,P5MIN,CONSTRAINTSOLUTION,6,"2019/05/16 06:05:00",0,"2019/05/16 06:45:00",T>>T_NIL_BL_EXP_5F,21087.67226,0,0,"2019/05/16 06:00:26",,"2017/07/17 00:00:00",1,631.30873
D,P5MIN,CONSTRAINTSOLUTION,6,"2019/05/16 06:05:00",0,"2019/05/16 06:45:00",T>>T_NIL_BL_EXP_5G,11323.66295,0,0,"2019/05/16 06:00:26",,"2017/07/17 00:00:00",1,521.04473
D,P5MIN,CONSTRAINTSOLUTION,6,"2019/05/16 06:05:00",0,"2019/05/16 06:45:00",T>>T_NIL_BL_EXP_5H,11525.13324,0,0,"2019/05/16 06:00:26",,"2017/07/17 00:00:00",1,725.40696
D,P5MIN,CONSTRAINTSOLUTION,6,"2019/05/16 06:05:00",0,"2019/05/16 06:45:00",T>>T_NIL_BL_EXP_6E,21030.20735,0,0,"2019/05/16 06:00:26",,"2017/07/17 00:00:00",1,792.68378
D,P5MIN,CONSTRAINTSOLUTION,6,"2019/05/16 06:05:00",0,"2019/05/16 06:45:00",T>>T_NIL_BL_EXP_6F,21104.73268,0,0,"2019/05/16 06:00:26",,"2017/07/17 00:00:00",1,664.09731
D,P5MIN,CONSTRAINTSOLUTION,6,"2019/05/16 06:05:00",0,"2019/05/16 06:45:00",T>>T_NIL_BL_EXP_7C,20569.57316,0,0,"2019/05/16 06:00:26",,"2017/07/17 00:00:00",1,491.09731
D,P5MIN,CONSTRAINTSOLUTION,6,"2019/05/16 06:05:00",0,"2019/05/16 06:45:00",T>T_LIPM_110_2A,-353.85342,-15.15799,0,"2019/05/16 06:00:26",,"2019/04/24 00:00:00",2,-353.85342
D,P5MIN,CONSTRAINTSOLUTION,6,"2019/05/16 06:05:00",0,"2019/05/16 06:45:00",T>T_LIPM_110_2B,509.32338,0,0,"2019/05/16 06:00:26",,"2019/04/24 00:00:00",2,353.85342
D,P5MIN,CONSTRAINTSOLUTION,6,"2019/05/16 06:05:00",0,"2019/05/16 06:45:00",T>T_LIPM_110_3_1,336.02049,0,0,"2019/05/16 06:00:26",,"2019/04/24 00:00:00",2,158.55481
D,P5MIN,CONSTRAINTSOLUTION,6,"2019/05/16 06:05:00",0,"2019/05/16 06:45:00",T>T_LIPM_110_5,-28.23098,0,0,"2019/05/16 06:00:26",,"2019/04/24 00:00:00",2,-234.84357
D,P5MIN,CONSTRAINTSOLUTION,6,"2019/05/16 06:05:00",0,"2019/05/16 06:45:00",T>T_NIL_110_4,237.47025,0,0,"2019/05/16 06:00:26",,"2019/01/11 00:00:00",1,-51.75586
D,P5MIN,CONSTRAINTSOLUTION,6,"2019/05/16 06:05:00",0,"2019/05/16 06:45:00",T>T_NIL_110_5,370.7384,0,0,"2019/05/16 06:00:26",,"2019/01/11 00:00:00",1,51.75586
D,P5MIN,CONSTRAINTSOLUTION,6,"2019/05/16 06:05:00",0,"2019/05/16 06:45:00",T>T_NIL_BL_110_18_1,324.14476,0,0,"2019/05/16 06:00:26",,"2019/01/11 00:00:00",1,148.62583
D,P5MIN,CONSTRAINTSOLUTION,6,"2019/05/16 06:05:00",0,"2019/05/16 06:45:00",T>T_NIL_BL_110_8,288.8827,0,0,"2019/05/16 06:00:26",,"2019/01/11 00:00:00",1,135.24542
D,P5MIN,CONSTRAINTSOLUTION,6,"2019/05/16 06:05:00",0,"2019/05/16 06:45:00",T>T_NIL_BL_220_6B,1017.76087,0,0,"2019/05/16 06:00:26",,"2019/01/11 00:00:00",1,329.88408
D,P5MIN,CONSTRAINTSOLUTION,6,"2019/05/16 06:05:00",0,"2019/05/16 06:45:00",T>T_NIL_BL_3A,1612.29628,0,0,"2019/05/16 06:00:26",,"2019/01/11 00:00:00",1,485.66894
D,P5MIN,CONSTRAINTSOLUTION,6,"2019/05/16 06:05:00",0,"2019/05/16 06:45:00",T>T_NIL_BL_3B,1611.53033,0,0,"2019/05/16 06:00:26",,"2019/01/11 00:00:00",1,485.66894
D,P5MIN,CONSTRAINTSOLUTION,6,"2019/05/16 06:05:00",0,"2019/05/16 06:45:00",T>T_NIL_BL_3C,11184.71704,0,0,"2019/05/16 06:00:26",,"2017/07/17 00:00:00",1,487.44251
D,P5MIN,CONSTRAINTSOLUTION,6,"2019/05/16 06:05:00",0,"2019/05/16 06:45:00",T>T_NIL_BL_3D,11361.91178,0,0,"2019/05/16 06:00:26",,"2017/07/17 00:00:00",1,344.09838
D,P5MIN,CONSTRAINTSOLUTION,6,"2019/05/16 06:05:00",0,"2019/05/16 06:45:00",T>T_NIL_BL_3E,11678.94713,0,0,"2019/05/16 06:00:26",,"2017/07/17 00:00:00",1,581.86242
D,P5MIN,CONSTRAINTSOLUTION,6,"2019/05/16 06:05:00",0,"2019/05/16 06:45:00",T>T_NIL_BL_4A,635.42229,0,0,"2019/05/16 06:00:26",,"2019/01/11 00:00:00",1,87.59006
D,P5MIN,CONSTRAINTSOLUTION,6,"2019/05/16 06:05:00",0,"2019/05/16 06:45:00",T>T_NIL_BL_4B,635.69264,0,0,"2019/05/16 06:00:26",,"2019/01/11 00:00:00",1,87.59006
D,P5MIN,CONSTRAINTSOLUTION,6,"2019/05/16 06:05:00",0,"2019/05/16 06:45:00",T>T_NIL_BL_4C,10811.50635,0,0,"2019/05/16 06:00:26",,"2016/07/26 00:00:00",1,142.19266
D,P5MIN,CONSTRAINTSOLUTION,6,"2019/05/16 06:05:00",0,"2019/05/16 06:45:00",T>T_NIL_BL_4D,10965.9026,0,0,"2019/05/16 06:00:26",,"2016/07/26 00:00:00",1,193.47365
D,P5MIN,CONSTRAINTSOLUTION,6,"2019/05/16 06:05:00",0,"2019/05/16 06:45:00",T>T_NIL_BL_5A,1486.85931,0,0,"2019/05/16 06:00:26",,"2019/01/11 00:00:00",1,547.54458
D,P5MIN,CONSTRAINTSOLUTION,6,"2019/05/16 06:05:00",0,"2019/05/16 06:45:00",T>T_NIL_BL_5B,1486.23758,0,0,"2019/05/16 06:00:26",,"2019/01/11 00:00:00",1,547.54458
D,P5MIN,CONSTRAINTSOLUTION,6,"2019/05/16 06:05:00",0,"2019/05/16 06:45:00",T>T_NIL_BL_5C,11132.77546,0,0,"2019/05/16 06:00:26",,"2017/07/17 00:00:00",1,547.52781
D,P5MIN,CONSTRAINTSOLUTION,6,"2019/05/16 06:05:00",0,"2019/05/16 06:45:00",T>T_NIL_BL_5D,11373.66931,0,0,"2019/05/16 06:00:26",,"2017/07/17 00:00:00",1,428.94742
D,P5MIN,CONSTRAINTSOLUTION,6,"2019/05/16 06:05:00",0,"2019/05/16 06:45:00",T>T_NIL_BL_5E,11571.79138,0,0,"2019/05/16 06:00:26",,"2017/07/17 00:00:00",1,639.94987
D,P5MIN,CONSTRAINTSOLUTION,6,"2019/05/16 06:05:00",0,"2019/05/16 06:45:00",T>T_NIL_BL_6A,1450.40501,0,0,"2019/05/16 06:00:26",,"2019/01/11 00:00:00",1,700.57966
D,P5MIN,CONSTRAINTSOLUTION,6,"2019/05/16 06:05:00",0,"2019/05/16 06:45:00",T>T_NIL_BL_6B,1449.72909,0,0,"2019/05/16 06:00:26",,"2019/01/11 00:00:00",1,700.57966
D,P5MIN,CONSTRAINTSOLUTION,6,"2019/05/16 06:05:00",0,"2019/05/16 06:45:00",T>T_NIL_BL_6C,11080.21981,0,0,"2019/05/16 06:00:26",,"2017/07/17 00:00:00",1,373.58647
D,P5MIN,CONSTRAINTSOLUTION,6,"2019/05/16 06:05:00",0,"2019/05/16 06:45:00",T>T_NIL_BL_6D,11155.36267,0,0,"2019/05/16 06:00:26",,"2017/07/17 00:00:00",1,245
D,P5MIN,CONSTRAINTSOLUTION,6,"2019/05/16 06:05:00",0,"2019/05/16 06:45:00",T>T_NIL_BL_IMP_2B,937.37446,0,0,"2019/05/16 06:00:26",,"2019/01/11 00:00:00",1,223.05272
D,P5MIN,CONSTRAINTSOLUTION,6,"2019/05/16 06:05:00",0,"2019/05/16 06:45:00",T>T_NIL_BL_IMP_3F,1207.12764,0,0,"2019/05/16 06:00:26",,"2019/01/11 00:00:00",1,485.69388
D,P5MIN,CONSTRAINTSOLUTION,6,"2019/05/16 06:05:00",0,"2019/05/16 06:45:00",T>T_NIL_BL_IMP_3FF,1206.62552,0,0,"2019/05/16 06:00:26",,"2019/01/11 00:00:00",1,485.69388
D,P5MIN,CONSTRAINTSOLUTION,6,"2019/05/16 06:05:00",0,"2019/05/16 06:45:00",T>T_NIL_BL_IMP_3G,1379.32604,0,0,"2019/05/16 06:00:26",,"2019/01/11 00:00:00",1,342.5828
D,P5MIN,CONSTRAINTSOLUTION,6,"2019/05/16 06:05:00",0,"2019/05/16 06:45:00",T>T_NIL_BL_IMP_3H,1715.82133,0,0,"2019/05/16 06:00:26",,"2019/01/11 00:00:00",1,580.1074
D,P5MIN,CONSTRAINTSOLUTION,6,"2019/05/16 06:05:00",0,"2019/05/16 06:45:00",T>T_NIL_BL_IMP_4E,495.98092,0,0,"2019/05/16 06:00:26",,"2019/01/11 00:00:00",1,87.57283
D,P5MIN,CONSTRAINTSOLUTION,6,"2019/05/16 06:05:00",0,"2019/05/16 06:45:00",T>T_NIL_BL_IMP_4EE,496.18391,0,0,"2019/05/16 06:00:26",,"2019/01/11 00:00:00",1,87.57283
D,P5MIN,CONSTRAINTSOLUTION,6,"2019/05/16 06:05:00",0,"2019/05/16 06:45:00",T>T_NIL_BL_IMP_4F,451.8293,0,0,"2019/05/16 06:00:26",,"2019/01/11 00:00:00",1,90.38836
D,P5MIN,CONSTRAINTSOLUTION,6,"2019/05/16 06:05:00",0,"2019/05/16 06:45:00",T>T_NIL_BL_IMP_5F,1152.72458,0,0,"2019/05/16 06:00:26",,"2019/01/11 00:00:00",1,547.52781
D,P5MIN,CONSTRAINTSOLUTION,6,"2019/05/16 06:05:00",0,"2019/05/16 06:45:00",T>T_NIL_BL_IMP_5FF,1152.32021,0,0,"2019/05/16 06:00:26",,"2019/01/11 00:00:00",1,547.52781
D,P5MIN,CONSTRAINTSOLUTION,6,"2019/05/16 06:05:00",0,"2019/05/16 06:45:00",T>T_NIL_BL_IMP_5G,1383.41435,0,0,"2019/05/16 06:00:26",,"2019/01/11 00:00:00",1,428.94742
D,P5MIN,CONSTRAINTSOLUTION,6,"2019/05/16 06:05:00",0,"2019/05/16 06:45:00",T>T_NIL_BL_IMP_5H,1599.73816,0,0,"2019/05/16 06:00:26",,"2019/01/11 00:00:00",1,640.19631
D,P5MIN,CONSTRAINTSOLUTION,6,"2019/05/16 06:05:00",0,"2019/05/16 06:45:00",T>T_NIL_BL_IMP_6E,1078.97481,0,0,"2019/05/16 06:00:26",,"2019/01/11 00:00:00",1,700.58647
D,P5MIN,CONSTRAINTSOLUTION,6,"2019/05/16 06:05:00",0,"2019/05/16 06:45:00",T>T_NIL_BL_IMP_6EE,1078.97481,0,0,"2019/05/16 06:00:26",,"2019/01/11 00:00:00",1,700.58647
D,P5MIN,CONSTRAINTSOLUTION,6,"2019/05/16 06:05:00",0,"2019/05/16 06:45:00",T>T_NIL_BL_IMP_6F,1169.80434,0,0,"2019/05/16 06:00:26",,"2019/01/11 00:00:00",1,572
D,P5MIN,CONSTRAINTSOLUTION,6,"2019/05/16 06:05:00",0,"2019/05/16 06:45:00",T>T_NIL_BL_IMP_7C,629.63759,0,0,"2019/05/16 06:00:26",,"2019/01/11 00:00:00",1,399
D,P5MIN,CONSTRAINTSOLUTION,6,"2019/05/16 06:05:00",0,"2019/05/16 06:45:00",T>T_NIL_BL_IMP_7CC,629.13772,0,0,"2019/05/16 06:00:26",,"2019/01/11 00:00:00",1,399
D,P5MIN,CONSTRAINTSOLUTION,6,"2019/05/16 06:05:00",0,"2019/05/16 06:45:00",T>T_NIL_BL_IMP_8B,1014.70561,0,0,"2019/05/16 06:00:26",,"2019/01/11 00:00:00",1,297.98024
D,P5MIN,CONSTRAINTSOLUTION,6,"2019/05/16 06:05:00",0,"2019/05/16 06:45:00",T>T_NIL_BL_IMP_8C,47.6219,0,0,"2019/05/16 06:00:26",,"2019/01/11 00:00:00",1,-297.98024
D,P5MIN,CONSTRAINTSOLUTION,6,"2019/05/16 06:05:00",0,"2019/05/16 06:45:00",T>T_NIL_NCSPS5_3F,11207.81228,0,0,"2019/05/16 06:00:26",,"2019/01/11 00:00:00",1,485.69388
D,P5MIN,CONSTRAINTSOLUTION,6,"2019/05/16 06:05:00",0,"2019/05/16 06:45:00",T>T_NIL_NCSPS5_3FF,11207.81228,0,0,"2019/05/16 06:00:26",,"2019/01/11 00:00:00",1,485.69388
D,P5MIN,CONSTRAINTSOLUTION,6,"2019/05/16 06:05:00",0,"2019/05/16 06:45:00",T>T_NIL_NCSPS5_3G,11380.19805,0,0,"2019/05/16 06:00:26",,"2019/01/11 00:00:00",1,342.5828
D,P5MIN,CONSTRAINTSOLUTION,6,"2019/05/16 06:05:00",0,"2019/05/16 06:45:00",T>T_NIL_NCSPS5_3H,11716.92826,0,0,"2019/05/16 06:00:26",,"2019/01/11 00:00:00",1,580.1074
D,P5MIN,CONSTRAINTSOLUTION,6,"2019/05/16 06:05:00",0,"2019/05/16 06:45:00",T>T_NIL_NCSPS5_7C,10658.9539,0,0,"2019/05/16 06:00:26",,"2019/01/11 00:00:00",1,399
D,P5MIN,CONSTRAINTSOLUTION,6,"2019/05/16 06:05:00",0,"2019/05/16 06:45:00",T>T_NIL_TOV_5F,11405.41176,0,0,"2019/05/16 06:00:26",,"2019/01/11 00:00:00",1,547.52781
D,P5MIN,CONSTRAINTSOLUTION,6,"2019/05/16 06:05:00",0,"2019/05/16 06:45:00",T>T_NIL_TOV_5FF,11405.41176,0,0,"2019/05/16 06:00:26",,"2019/01/11 00:00:00",1,547.52781
D,P5MIN,CONSTRAINTSOLUTION,6,"2019/05/16 06:05:00",0,"2019/05/16 06:45:00",TVBL_ROC,102.83798,0,0,"2019/05/16 06:00:26",,"2014/01/15 00:00:00",1,-92.09731
D,P5MIN,CONSTRAINTSOLUTION,6,"2019/05/16 06:05:00",0,"2019/05/16 06:45:00",T^T_LIPM_1,-139.24196,0,0,"2019/05/16 06:00:26",,"2017/07/05 00:00:00",1,-190.44805
D,P5MIN,CONSTRAINTSOLUTION,6,"2019/05/16 06:05:00",0,"2019/05/16 06:45:00",T^T_NIL_BL_1,1696.23909,0,0,"2019/05/16 06:00:26",,"2017/07/05 00:00:00",1,40.66109
D,P5MIN,CONSTRAINTSOLUTION,6,"2019/05/16 06:05:00",0,"2019/05/16 06:45:00",T^T_NIL_BL_2,12701.01168,0,0,"2019/05/16 06:00:26",,"2017/07/05 00:00:00",1,-153.30614
D,P5MIN,CONSTRAINTSOLUTION,6,"2019/05/16 06:05:00",0,"2019/05/16 06:45:00",T^T_NIL_BL_4,1885.07051,0,0,"2019/05/16 06:00:26",,"2017/07/05 00:00:00",1,-134.74666
D,P5MIN,CONSTRAINTSOLUTION,6,"2019/05/16 06:05:00",0,"2019/05/16 06:45:00",T^T_NIL_BL_5,763.03582,0,0,"2019/05/16 06:00:26",,"2017/07/05 00:00:00",1,-116.3942
D,P5MIN,CONSTRAINTSOLUTION,6,"2019/05/16 06:05:00",0,"2019/05/16 06:45:00",T^T_NIL_BL_6,138.34555,0,0,"2019/05/16 06:00:26",,"2017/07/05 00:00:00",1,-128.34646
D,P5MIN,CONSTRAINTSOLUTION,6,"2019/05/16 06:05:00",0,"2019/05/16 06:45:00",T^T_NIL_BL_7,989.89566,0,0,"2019/05/16 06:00:26",,"2017/07/05 00:00:00",1,-109.23689
D,P5MIN,CONSTRAINTSOLUTION,6,"2019/05/16 06:05:00",0,"2019/05/16 06:45:00",T^V_LIPM_BL_6,591.42173,0,0,"2019/05/16 06:00:26",,"2013/08/21 00:00:00",1,-92.09731
D,P5MIN,CONSTRAINTSOLUTION,6,"2019/05/16 06:05:00",0,"2019/05/16 06:45:00",T^V_NIL_10,10688.86472,0,0,"2019/05/16 06:00:26",,"2017/10/10 00:00:00",1,-92.09731
D,P5MIN,CONSTRAINTSOLUTION,6,"2019/05/16 06:05:00",0,"2019/05/16 06:45:00",T^V_NIL_11,10513.5484,0,0,"2019/05/16 06:00:26",,"2019/01/25 00:00:00",1,-71.89821
D,P5MIN,CONSTRAINTSOLUTION,6,"2019/05/16 06:05:00",0,"2019/05/16 06:45:00",T^V_NIL_8,10321.21922,0,0,"2019/05/16 06:00:26",,"2018/05/31 00:00:00",1,-117.10681
D,P5MIN,CONSTRAINTSOLUTION,6,"2019/05/16 06:05:00",0,"2019/05/16 06:45:00",T^V_NIL_9,594,0,0,"2019/05/16 06:00:26",,"2015/09/29 00:00:00",1,-92.09731
D,P5MIN,CONSTRAINTSOLUTION,6,"2019/05/16 06:05:00",0,"2019/05/16 06:45:00",T^V_NIL_BL_6,604.96299,0,0,"2019/05/16 06:00:26",,"2013/08/21 00:00:00",1,-92.09731
D,P5MIN,CONSTRAINTSOLUTION,6,"2019/05/16 06:05:00",0,"2019/05/16 06:45:00",T_LIPM1_SLOAD_1_N-2,526.39645,0,0,"2019/05/16 06:00:26",,"2019/05/10 00:00:00",1,353.85342
D,P5MIN,CONSTRAINTSOLUTION,6,"2019/05/16 06:05:00",0,"2019/05/16 06:45:00",T_ROCOF_1,743.90633,0,0,"2019/05/16 06:00:26",,"2014/07/31 00:00:00",1,143.99325
D,P5MIN,CONSTRAINTSOLUTION,6,"2019/05/16 06:05:00",0,"2019/05/16 06:45:00",T_ROCOF_2,10772.48333,0,0,"2019/05/16 06:00:26",,"2014/07/31 00:00:00",1,107.13678
D,P5MIN,CONSTRAINTSOLUTION,6,"2019/05/16 06:05:00",0,"2019/05/16 06:45:00",T_ROCOF_3,11279.64898,0,0,"2019/05/16 06:00:26",,"2014/01/09 00:00:00",1,116.19131
D,P5MIN,CONSTRAINTSOLUTION,6,"2019/05/16 06:05:00",0,"2019/05/16 06:45:00",T_V_NIL_BL1,-50,0,0,"2019/05/16 06:00:26",,"2008/05/26 00:00:00",1,-92.09731
D,P5MIN,CONSTRAINTSOLUTION,6,"2019/05/16 06:05:00",0,"2019/05/16 06:45:00",T_V_NIL_FCSPS,371.75995,0,0,"2019/05/16 06:00:26",,"2013/08/21 00:00:00",1,-92.09731
D,P5MIN,CONSTRAINTSOLUTION,6,"2019/05/16 06:05:00",0,"2019/05/16 06:45:00",V::N_NIL_Q1,20110.68247,0,0,"2019/05/16 06:00:26",,"2019/05/01 00:00:00",1,-1216.5362
D,P5MIN,CONSTRAINTSOLUTION,6,"2019/05/16 06:05:00",0,"2019/05/16 06:45:00",V::N_NIL_Q2,10110.68247,0,0,"2019/05/16 06:00:26",,"2019/05/01 00:00:00",1,-1054.3902
D,P5MIN,CONSTRAINTSOLUTION,6,"2019/05/16 06:05:00",0,"2019/05/16 06:45:00",V::N_NIL_S,857.95403,0,0,"2019/05/16 06:00:26",,"2019/05/01 00:00:00",1,-490.85391
D,P5MIN,CONSTRAINTSOLUTION,6,"2019/05/16 06:05:00",0,"2019/05/16 06:45:00",V::N_NIL_SD,10726.29088,0,0,"2019/05/16 06:00:26",,"2019/05/01 00:00:00",1,-383.9397
D,P5MIN,CONSTRAINTSOLUTION,6,"2019/05/16 06:05:00",0,"2019/05/16 06:45:00",V::N_NIL_V,778.95189,0,0,"2019/05/16 06:00:26",,"2019/05/01 00:00:00",1,-510.1201
D,P5MIN,CONSTRAINTSOLUTION,6,"2019/05/16 06:05:00",0,"2019/05/16 06:45:00",V::S_NIL_MAXG_1,670.67884,0,0,"2019/05/16 06:00:26",,"2019/02/05 00:00:00",1,-123.40787
D,P5MIN,CONSTRAINTSOLUTION,6,"2019/05/16 06:05:00",0,"2019/05/16 06:45:00",V::S_NIL_MAXG_2,10000,0,0,"2019/05/16 06:00:26",,"2019/02/05 00:00:00",1,-123.20109
D,P5MIN,CONSTRAINTSOLUTION,6,"2019/05/16 06:05:00",0,"2019/05/16 06:45:00",V::S_NIL_MAXG_3,10000,0,0,"2019/05/16 06:00:26",,"2019/02/05 00:00:00",1,-123.67373
D,P5MIN,CONSTRAINTSOLUTION,6,"2019/05/16 06:05:00",0,"2019/05/16 06:45:00",V::S_NIL_MAXG_SECP_1,10000,0,0,"2019/05/16 06:00:26",,"2019/02/11 00:00:00",1,-122.90569
D,P5MIN,CONSTRAINTSOLUTION,6,"2019/05/16 06:05:00",0,"2019/05/16 06:45:00",V::S_NIL_MAXG_SECP_2,10000,0,0,"2019/05/16 06:00:26",,"2019/02/11 00:00:00",1,-123.20109
D,P5MIN,CONSTRAINTSOLUTION,6,"2019/05/16 06:05:00",0,"2019/05/16 06:45:00",V::S_NIL_SETB_SECP_1,10000,0,0,"2019/05/16 06:00:26",,"2019/02/11 00:00:00",1,-122.63983
D,P5MIN,CONSTRAINTSOLUTION,6,"2019/05/16 06:05:00",0,"2019/05/16 06:45:00",V::S_NIL_SETB_SECP_2,10000,0,0,"2019/05/16 06:00:26",,"2019/02/11 00:00:00",1,-122.72845
D,P5MIN,CONSTRAINTSOLUTION,6,"2019/05/16 06:05:00",0,"2019/05/16 06:45:00",V::S_NIL_TBSE_1,776.51438,0,0,"2019/05/16 06:00:26",,"2019/02/04 00:00:00",1,-122.63983
D,P5MIN,CONSTRAINTSOLUTION,6,"2019/05/16 06:05:00",0,"2019/05/16 06:45:00",V::S_NIL_TBSE_2,10000,0,0,"2019/05/16 06:00:26",,"2019/02/04 00:00:00",1,-122.72845
D,P5MIN,CONSTRAINTSOLUTION,6,"2019/05/16 06:05:00",0,"2019/05/16 06:45:00",V::S_TBTX_MAXG,664.53671,0,0,"2019/05/16 06:00:26",,"2019/02/21 00:00:00",1,-123.34879
D,P5MIN,CONSTRAINTSOLUTION,6,"2019/05/16 06:05:00",0,"2019/05/16 06:45:00",V::S_TBTX_MAXG_2-DS,10000,0,0,"2019/05/16 06:00:26",,"2019/02/21 00:00:00",1,-122.49213
D,P5MIN,CONSTRAINTSOLUTION,6,"2019/05/16 06:05:00",0,"2019/05/16 06:45:00",V::S_TBTX_SETB,769.93653,0,0,"2019/05/16 06:00:26",,"2019/02/21 00:00:00",1,-122.07857
D,P5MIN,CONSTRAINTSOLUTION,6,"2019/05/16 06:05:00",0,"2019/05/16 06:45:00",V::S_TBTX_SETB_2-DS,10000,0,0,"2019/05/16 06:00:26",,"2019/02/21 00:00:00",1,-122.49213
D,P5MIN,CONSTRAINTSOLUTION,6,"2019/05/16 06:05:00",0,"2019/05/16 06:45:00",V::V_1900,1968.10001,0,0,"2019/05/16 06:00:26",,"2018/08/24 00:00:00",1,569.28073
D,P5MIN,CONSTRAINTSOLUTION,6,"2019/05/16 06:05:00",0,"2019/05/16 06:45:00",V:SS_680_OSC_AUTO,10000,0,0,"2019/05/16 06:00:26",,"2016/06/30 00:00:00",1,-134.62337
D,P5MIN,CONSTRAINTSOLUTION,6,"2019/05/16 06:05:00",0,"2019/05/16 06:45:00",V:SS_790_1,10000,0,0,"2019/05/16 06:00:26",,"2016/08/16 00:00:00",1,-134.62337
D,P5MIN,CONSTRAINTSOLUTION,6,"2019/05/16 06:05:00",0,"2019/05/16 06:45:00",V:SS_790_OSC_AUTO,10790,0,0,"2019/05/16 06:00:26",,"2016/06/30 00:00:00",1,-134.62337
D,P5MIN,CONSTRAINTSOLUTION,6,"2019/05/16 06:05:00",0,"2019/05/16 06:45:00",V:SS_820_HY_TEST,820,0,0,"2019/05/16 06:00:26",,"2018/08/07 00:00:00",1,-134.62337
D,P5MIN,CONSTRAINTSOLUTION,6,"2019/05/16 06:05:00",0,"2019/05/16 06:45:00",V:SS_820_HY_TEST_DYN,820,0,0,"2019/05/16 06:00:26",,"2016/11/21 00:00:00",1,-134.62337
D,P5MIN,CONSTRAINTSOLUTION,6,"2019/05/16 06:05:00",0,"2019/05/16 06:45:00",V:SS_870_HY_TEST,870,0,0,"2019/05/16 06:00:26",,"2018/08/07 00:00:00",1,-134.62337
D,P5MIN,CONSTRAINTSOLUTION,6,"2019/05/16 06:05:00",0,"2019/05/16 06:45:00",V:SS_870_HY_TEST_DYN,870,0,0,"2019/05/16 06:00:26",,"2016/11/21 00:00:00",1,-134.62337
D,P5MIN,CONSTRAINTSOLUTION,6,"2019/05/16 06:05:00",0,"2019/05/16 06:45:00",V:SS_920,920,0,0,"2019/05/16 06:00:26",,"2018/08/07 00:00:00",1,-134.62337
D,P5MIN,CONSTRAINTSOLUTION,6,"2019/05/16 06:05:00",0,"2019/05/16 06:45:00",V:S_460_OSC_AUTO,10000,0,0,"2019/05/16 06:00:26",,"2016/06/30 00:00:00",1,-125.62337
D,P5MIN,CONSTRAINTSOLUTION,6,"2019/05/16 06:05:00",0,"2019/05/16 06:45:00",V:S_570_1,10000,0,0,"2019/05/16 06:00:26",,"2016/08/16 00:00:00",1,-125.62337
D,P5MIN,CONSTRAINTSOLUTION,6,"2019/05/16 06:05:00",0,"2019/05/16 06:45:00",V:S_570_OSC_AUTO,10570,0,0,"2019/05/16 06:00:26",,"2016/06/30 00:00:00",1,-125.62337
D,P5MIN,CONSTRAINTSOLUTION,6,"2019/05/16 06:05:00",0,"2019/05/16 06:45:00",V:S_600_HY_TEST,600,0,0,"2019/05/16 06:00:26",,"2018/08/07 00:00:00",1,-125.62337
D,P5MIN,CONSTRAINTSOLUTION,6,"2019/05/16 06:05:00",0,"2019/05/16 06:45:00",V:S_600_HY_TEST_DYN,600,0,0,"2019/05/16 06:00:26",,"2016/11/21 00:00:00",1,-125.62337
D,P5MIN,CONSTRAINTSOLUTION,6,"2019/05/16 06:05:00",0,"2019/05/16 06:45:00",V:S_650_HY_TEST,650,0,0,"2019/05/16 06:00:26",,"2018/08/07 00:00:00",1,-125.62337
D,P5MIN,CONSTRAINTSOLUTION,6,"2019/05/16 06:05:00",0,"2019/05/16 06:45:00",V:S_650_HY_TEST_DYN,650,0,0,"2019/05/16 06:00:26",,"2016/11/21 00:00:00",1,-125.62337
D,P5MIN,CONSTRAINTSOLUTION,6,"2019/05/16 06:05:00",0,"2019/05/16 06:45:00",V:S_700,700,0,0,"2019/05/16 06:00:26",,"2018/08/07 00:00:00",1,-125.62337
D,P5MIN,CONSTRAINTSOLUTION,6,"2019/05/16 06:05:00",0,"2019/05/16 06:45:00",V:T_NIL_BL_1,889.41518,0,0,"2019/05/16 06:00:26",,"2013/08/21 00:00:00",1,92.09731
D,P5MIN,CONSTRAINTSOLUTION,6,"2019/05/16 06:05:00",0,"2019/05/16 06:45:00",V>>N-NIL_HA,1550.24665,0,0,"2019/05/16 06:00:26",,"2019/05/06 00:00:00",1,398.29017
D,P5MIN,CONSTRAINTSOLUTION,6,"2019/05/16 06:05:00",0,"2019/05/16 06:45:00",V>>N-NIL_HB,1606.19326,0,0,"2019/05/16 06:00:26",,"2019/05/06 00:00:00",1,432.04153
D,P5MIN,CONSTRAINTSOLUTION,6,"2019/05/16 06:05:00",0,"2019/05/16 06:45:00",V>>N-NIL_HG,1645.67966,0,0,"2019/05/16 06:00:26",,"2019/05/06 00:00:00",1,308.26252
D,P5MIN,CONSTRAINTSOLUTION,6,"2019/05/16 06:05:00",0,"2019/05/16 06:45:00",V>>N-NIL_HH,2172.55208,0,0,"2019/05/16 06:00:26",,"2019/05/06 00:00:00",1,570.37691
D,P5MIN,CONSTRAINTSOLUTION,6,"2019/05/16 06:05:00",0,"2019/05/16 06:45:00",V>>SML_NIL_5,717.75455,0,0,"2019/05/16 06:00:26",,"2019/05/06 00:00:00",1,-129.67889
D,P5MIN,CONSTRAINTSOLUTION,6,"2019/05/16 06:05:00",0,"2019/05/16 06:45:00",V>>SML_NIL_6,731.75344,0,0,"2019/05/16 06:00:26",,"2019/05/06 00:00:00",1,47.6629
D,P5MIN,CONSTRAINTSOLUTION,6,"2019/05/16 06:05:00",0,"2019/05/16 06:45:00",V>>SML_NIL_7A,10135.91285,0,0,"2019/05/16 06:00:26",,"2019/04/23 00:00:00",1,-34.64407
D,P5MIN,CONSTRAINTSOLUTION,6,"2019/05/16 06:05:00",0,"2019/05/16 06:45:00",V>>SML_NIL_7B,10170.46005,0,0,"2019/05/16 06:00:26",,"2019/05/06 00:00:00",1,-35.91571
D,P5MIN,CONSTRAINTSOLUTION,6,"2019/05/16 06:05:00",0,"2019/05/16 06:45:00",V>>SML_NIL_7C,10179.19527,0,0,"2019/05/16 06:00:26",,"2019/04/23 00:00:00",1,-35.75317
D,P5MIN,CONSTRAINTSOLUTION,6,"2019/05/16 06:05:00",0,"2019/05/16 06:45:00",V>>SML_NIL_8,397.74823,0,0,"2019/05/16 06:00:26",,"2019/05/06 00:00:00",1,-49.3731
D,P5MIN,CONSTRAINTSOLUTION,6,"2019/05/16 06:05:00",0,"2019/05/16 06:45:00",V>>SML_NIL_8_5M,397.74823,0,0,"2019/05/16 06:00:26",,"2019/05/06 00:00:00",1,-49.3731
D,P5MIN,CONSTRAINTSOLUTION,6,"2019/05/16 06:05:00",0,"2019/05/16 06:45:00",V>>SML_NSWRB_11,602.65742,0,0,"2019/05/16 06:00:26",,"2019/05/06 00:00:00",1,-108.75267
D,P5MIN,CONSTRAINTSOLUTION,6,"2019/05/16 06:05:00",0,"2019/05/16 06:45:00",V>>S_NIL_DVBG_DVBR,1262.47404,0,0,"2019/05/16 06:00:26",,"2019/05/14 00:00:00",1,216.79086
D,P5MIN,CONSTRAINTSOLUTION,6,"2019/05/16 06:05:00",0,"2019/05/16 06:45:00",V>>V_NIL1A_R,1255.18949,0,0,"2019/05/16 06:00:26",,"2019/05/06 00:00:00",1,-552.63243
D,P5MIN,CONSTRAINTSOLUTION,6,"2019/05/16 06:05:00",0,"2019/05/16 06:45:00",V>>V_NIL_1A,2007.80884,0,0,"2019/05/16 06:00:26",,"2019/05/06 00:00:00",1,540.91698
D,P5MIN,CONSTRAINTSOLUTION,6,"2019/05/16 06:05:00",0,"2019/05/16 06:45:00",V>>V_NIL_1B,2011.83728,0,0,"2019/05/16 06:00:26",,"2019/05/06 00:00:00",1,540.91698
D,P5MIN,CONSTRAINTSOLUTION,6,"2019/05/16 06:05:00",0,"2019/05/16 06:45:00",V>>V_NIL_2A_R,4987.36018,0,0,"2019/05/16 06:00:26",,"2019/05/06 00:00:00",1,2559.26705
D,P5MIN,CONSTRAINTSOLUTION,6,"2019/05/16 06:05:00",0,"2019/05/16 06:45:00",V>>V_NIL_2B_R,14987.36018,0,0,"2019/05/16 06:00:26",,"2019/05/06 00:00:00",1,2379.48905
D,P5MIN,CONSTRAINTSOLUTION,6,"2019/05/16 06:05:00",0,"2019/05/16 06:45:00",V>>V_NIL_3,2243.12346,0,0,"2019/05/16 06:00:26",,"2019/05/06 00:00:00",1,552.55834
D,P5MIN,CONSTRAINTSOLUTION,6,"2019/05/16 06:05:00",0,"2019/05/16 06:45:00",V>>V_NIL_4A,1309.05764,0,0,"2019/05/16 06:00:26",,"2019/05/06 00:00:00",1,123.27624
D,P5MIN,CONSTRAINTSOLUTION,6,"2019/05/16 06:05:00",0,"2019/05/16 06:45:00",V>>V_NIL_4B,1218.10028,0,0,"2019/05/16 06:00:26",,"2019/05/06 00:00:00",1,123.22796
D,P5MIN,CONSTRAINTSOLUTION,6,"2019/05/16 06:05:00",0,"2019/05/16 06:45:00",V>>V_NIL_4C,840.87895,0,0,"2019/05/16 06:00:26",,"2019/05/06 00:00:00",1,123.33353
D,P5MIN,CONSTRAINTSOLUTION,6,"2019/05/16 06:05:00",0,"2019/05/16 06:45:00",V>>V_NIL_5,904.79485,0,0,"2019/05/16 06:00:26",,"2019/05/06 00:00:00",1,-91.5476
D,P5MIN,CONSTRAINTSOLUTION,6,"2019/05/16 06:05:00",0,"2019/05/16 06:45:00",V>>V_NIL_6,426.59303,0,0,"2019/05/16 06:00:26",,"2019/05/06 00:00:00",1,-49.032
D,P5MIN,CONSTRAINTSOLUTION,6,"2019/05/16 06:05:00",0,"2019/05/16 06:45:00",V>>V_NIL_6A_R,6466.56528,0,0,"2019/05/16 06:00:26",,"2019/05/06 00:00:00",1,3404.26569
D,P5MIN,CONSTRAINTSOLUTION,6,"2019/05/16 06:05:00",0,"2019/05/16 06:45:00",V>>V_NIL_6B_R,16466.56528,0,0,"2019/05/16 06:00:26",,"2019/05/06 00:00:00",1,3108.01769
D,P5MIN,CONSTRAINTSOLUTION,6,"2019/05/16 06:05:00",0,"2019/05/16 06:45:00",V>SML_NSWRB_10,501.92596,0,0,"2019/05/16 06:00:26",,"2019/05/06 00:00:00",1,-97.65881
D,P5MIN,CONSTRAINTSOLUTION,6,"2019/05/16 06:05:00",0,"2019/05/16 06:45:00",V>SML_NSWRB_9,349.18784,0,0,"2019/05/16 06:00:26",,"2019/05/06 00:00:00",1,-73.89582
D,P5MIN,CONSTRAINTSOLUTION,6,"2019/05/16 06:05:00",0,"2019/05/16 06:45:00",V>S_NIL_HYSE,742,0,0,"2019/05/16 06:00:26",,"2015/07/02 00:00:00",1,-125.62337
D,P5MIN,CONSTRAINTSOLUTION,6,"2019/05/16 06:05:00",0,"2019/05/16 06:45:00",V>S_NIL_SETX_SETX,117.21521,0,0,"2019/05/16 06:00:26",,"2019/03/14 00:00:00",2,-2.954
D,P5MIN,CONSTRAINTSOLUTION,6,"2019/05/16 06:05:00",0,"2019/05/16 06:45:00",V>V_NIL_13,469.04195,0,0,"2019/05/16 06:00:26",,"2019/01/11 00:00:00",1,0.44654
D,P5MIN,CONSTRAINTSOLUTION,6,"2019/05/16 06:05:00",0,"2019/05/16 06:45:00",V>V_NIL_14,314.19965,0,0,"2019/05/16 06:00:26",,"2019/01/11 00:00:00",1,0.44655
D,P5MIN,CONSTRAINTSOLUTION,6,"2019/05/16 06:05:00",0,"2019/05/16 06:45:00",V>V_NIL_16,10281.88765,0,0,"2019/05/16 06:00:26",,"2019/01/11 00:00:00",1,0.44655
D,P5MIN,CONSTRAINTSOLUTION,6,"2019/05/16 06:05:00",0,"2019/05/16 06:45:00",V>V_NIL_17,10138.13,0,0,"2019/05/16 06:00:26",,"2019/02/28 00:00:00",1,0
D,P5MIN,CONSTRAINTSOLUTION,6,"2019/05/16 06:05:00",0,"2019/05/16 06:45:00",V>V_NIL_6,649.0902,0,0,"2019/05/16 06:00:26",,"2019/04/23 00:00:00",1,9.32612
D,P5MIN,CONSTRAINTSOLUTION,6,"2019/05/16 06:05:00",0,"2019/05/16 06:45:00",V>V_NIL_7,1050.49978,0,0,"2019/05/16 06:00:26",,"2019/01/29 00:00:00",1,32
D,P5MIN,CONSTRAINTSOLUTION,6,"2019/05/16 06:05:00",0,"2019/05/16 06:45:00",V>V_NIL_9,581.02963,0,0,"2019/05/16 06:00:26",,"2019/03/05 00:00:00",1,8.746
D,P5MIN,CONSTRAINTSOLUTION,6,"2019/05/16 06:05:00",0,"2019/05/16 06:45:00",V>V_NIL_RADIAL_10,12362.47488,0,0,"2019/05/16 06:00:26",,"2019/05/06 00:00:00",1,1456
D,P5MIN,CONSTRAINTSOLUTION,6,"2019/05/16 06:05:00",0,"2019/05/16 06:45:00",V>V_NIL_RADIAL_11,2160.91111,0,0,"2019/05/16 06:00:26",,"2019/01/11 00:00:00",1,1076
D,P5MIN,CONSTRAINTSOLUTION,6,"2019/05/16 06:05:00",0,"2019/05/16 06:45:00",VSML_220,220,0,0,"2019/05/16 06:00:26",,"2012/07/04 00:00:00",1,-9
D,P5MIN,CONSTRAINTSOLUTION,6,"2019/05/16 06:05:00",0,"2019/05/16 06:45:00",VSML_ROC_80,71,0,0,"2019/05/16 06:00:26",,"2016/08/23 00:00:00",1,-9
D,P5MIN,CONSTRAINTSOLUTION,6,"2019/05/16 06:05:00",0,"2019/05/16 06:45:00",VSML_VFRB_OFF,240,0,0,"2019/05/16 06:00:26",,"2013/08/21 00:00:00",1,-9
D,P5MIN,CONSTRAINTSOLUTION,6,"2019/05/16 06:05:00",0,"2019/05/16 06:45:00",VTBL_ROC,297.16203,0,0,"2019/05/16 06:00:26",,"2014/01/15 00:00:00",1,92.09731
D,P5MIN,CONSTRAINTSOLUTION,6,"2019/05/16 06:05:00",0,"2019/05/16 06:45:00",V^SML_NIL_3,196.04319,0,0,"2019/05/16 06:00:26",,"2017/04/18 00:00:00",1,-9
D,P5MIN,CONSTRAINTSOLUTION,6,"2019/05/16 06:05:00",0,"2019/05/16 06:45:00",V^SML_NSWRB_2,242.22497,0,0,"2019/05/16 06:00:26",,"2018/08/06 00:00:00",1,-9
D,P5MIN,CONSTRAINTSOLUTION,6,"2019/05/16 06:05:00",0,"2019/05/16 06:45:00",V^S_HYCP,684.04844,0,0,"2019/05/16 06:00:26",,"2016/07/25 00:00:00",1,-125.62337
D,P5MIN,CONSTRAINTSOLUTION,6,"2019/05/16 06:05:00",0,"2019/05/16 06:45:00",V^^N_NIL_1,573.13324,0,0,"2019/05/16 06:00:26",,"2019/05/15 00:00:00",1,-13.01576
D,P5MIN,CONSTRAINTSOLUTION,6,"2019/05/16 06:05:00",0,"2019/05/16 06:45:00",V^^S_NIL_MAXG_1,639.86636,0,0,"2019/05/16 06:00:26",,"2019/02/05 00:00:00",1,-123.28971
D,P5MIN,CONSTRAINTSOLUTION,6,"2019/05/16 06:05:00",0,"2019/05/16 06:45:00",V^^S_NIL_MAXG_2,10000,0,0,"2019/05/16 06:00:26",,"2019/02/05 00:00:00",1,-122.87615
D,P5MIN,CONSTRAINTSOLUTION,6,"2019/05/16 06:05:00",0,"2019/05/16 06:45:00",V^^S_NIL_MAXG_3,10000,0,0,"2019/05/16 06:00:26",,"2019/02/05 00:00:00",1,-123.11247
D,P5MIN,CONSTRAINTSOLUTION,6,"2019/05/16 06:05:00",0,"2019/05/16 06:45:00",V^^S_NIL_MAXG_SECP_1,10000,0,0,"2019/05/16 06:00:26",,"2019/02/11 00:00:00",1,-123.40787
D,P5MIN,CONSTRAINTSOLUTION,6,"2019/05/16 06:05:00",0,"2019/05/16 06:45:00",V^^S_NIL_MAXG_SECP_2,10000,0,0,"2019/05/16 06:00:26",,"2019/02/11 00:00:00",1,-122.87615
D,P5MIN,CONSTRAINTSOLUTION,6,"2019/05/16 06:05:00",0,"2019/05/16 06:45:00",V^^S_NIL_SETB_SECP_1,10000,0,0,"2019/05/16 06:00:26",,"2019/02/11 00:00:00",1,-122.90569
D,P5MIN,CONSTRAINTSOLUTION,6,"2019/05/16 06:05:00",0,"2019/05/16 06:45:00",V^^S_NIL_SETB_SECP_2,10000,0,0,"2019/05/16 06:00:26",,"2019/02/11 00:00:00",1,-122.75799
D,P5MIN,CONSTRAINTSOLUTION,6,"2019/05/16 06:05:00",0,"2019/05/16 06:45:00",V^^S_NIL_TBSE_1,789.40572,0,0,"2019/05/16 06:00:26",,"2019/02/04 00:00:00",1,-122.90569
D,P5MIN,CONSTRAINTSOLUTION,6,"2019/05/16 06:05:00",0,"2019/05/16 06:45:00",V^^S_NIL_TBSE_2,10000,0,0,"2019/05/16 06:00:26",,"2019/02/04 00:00:00",1,-122.75799
D,P5MIN,CONSTRAINTSOLUTION,6,"2019/05/16 06:05:00",0,"2019/05/16 06:45:00",V^^S_TBTX_MAXG,633.49343,0,0,"2019/05/16 06:00:26",,"2019/02/21 00:00:00",1,-123.17155
D,P5MIN,CONSTRAINTSOLUTION,6,"2019/05/16 06:05:00",0,"2019/05/16 06:45:00",V^^S_TBTX_MAXG_2-DS,10000,0,0,"2019/05/16 06:00:26",,"2019/02/21 00:00:00",1,-122.55121
D,P5MIN,CONSTRAINTSOLUTION,6,"2019/05/16 06:05:00",0,"2019/05/16 06:45:00",V^^S_TBTX_SETB,799.40097,0,0,"2019/05/16 06:00:26",,"2019/02/21 00:00:00",1,-122.69891
D,P5MIN,CONSTRAINTSOLUTION,6,"2019/05/16 06:05:00",0,"2019/05/16 06:45:00",V^^S_TBTX_SETB_2-DS,10000,0,0,"2019/05/16 06:00:26",,"2019/02/21 00:00:00",1,-122.52167
D,P5MIN,CONSTRAINTSOLUTION,6,"2019/05/16 06:05:00",0,"2019/05/16 06:45:00",V_GANWR_SF_BAT_50,50.001,0,0,"2019/05/16 06:00:26",,"2019/01/24 00:00:00",1,0
D,P5MIN,CONSTRAINTSOLUTION,6,"2019/05/16 06:05:00",0,"2019/05/16 06:45:00",V_S_NIL_ROCOF,1273.80002,0,0,"2019/05/16 06:00:26",,"2019/01/03 00:00:00",1,-125.62337
D,P5MIN,CONSTRAINTSOLUTION,6,"2019/05/16 06:05:00",0,"2019/05/16 06:45:00",V_T_NIL_BL1,478,0,0,"2019/05/16 06:00:26",,"2014/11/11 00:00:00",1,92.09731
D,P5MIN,CONSTRAINTSOLUTION,6,"2019/05/16 06:05:00",0,"2019/05/16 06:45:00",V_T_NIL_FCSPS,443.3606,0,0,"2019/05/16 06:00:26",,"2016/12/20 00:00:00",1,92.09731
D,P5MIN,CONSTRAINTSOLUTION,6,"2019/05/16 06:05:00",0,"2019/05/16 06:50:00",#R018834_001_RAMP_F,0.001,-117.7405,0,"2019/05/16 06:00:26",,"2019/05/16 00:00:00",1,0.001
D,P5MIN,CONSTRAINTSOLUTION,6,"2019/05/16 06:05:00",0,"2019/05/16 06:50:00",#R018834_001_RAMP_V,0.001,0,0,"2019/05/16 06:00:26",,"2019/05/16 00:00:00",1,0.001
D,P5MIN,CONSTRAINTSOLUTION,6,"2019/05/16 06:05:00",0,"2019/05/16 06:50:00",#R018836_001_RAMP_F,92,0,0,"2019/05/16 06:00:26",,"2019/05/16 00:00:00",1,-73
D,P5MIN,CONSTRAINTSOLUTION,6,"2019/05/16 06:05:00",0,"2019/05/16 06:50:00",#R018836_001_RAMP_V,92,0,0,"2019/05/16 06:00:26",,"2019/05/16 00:00:00",1,-73
D,P5MIN,CONSTRAINTSOLUTION,6,"2019/05/16 06:05:00",0,"2019/05/16 06:50:00",#R018836_002_RAMP_F,145,0,0,"2019/05/16 06:00:26",,"2019/05/16 00:00:00",1,73
D,P5MIN,CONSTRAINTSOLUTION,6,"2019/05/16 06:05:00",0,"2019/05/16 06:50:00",#R018836_002_RAMP_V,145,0,0,"2019/05/16 06:00:26",,"2019/05/16 00:00:00",1,73
D,P5MIN,CONSTRAINTSOLUTION,6,"2019/05/16 06:05:00",0,"2019/05/16 06:50:00",DATASNAP,10075.237,0,0,"2019/05/16 06:00:26",,"2018/04/13 00:00:00",1,-73
D,P5MIN,CONSTRAINTSOLUTION,6,"2019/05/16 06:05:00",0,"2019/05/16 06:50:00",DATASNAP_DFS_LS,10040.54472,0,0,"2019/05/16 06:00:26",,"2018/04/13 00:00:00",1,-73
D,P5MIN,CONSTRAINTSOLUTION,6,"2019/05/16 06:05:00",0,"2019/05/16 06:50:00",DATASNAP_DFS_NCAN,10422.86758,0,0,"2019/05/16 06:00:26",,"2013/08/21 00:00:00",1,-73
D,P5MIN,CONSTRAINTSOLUTION,6,"2019/05/16 06:05:00",0,"2019/05/16 06:50:00",DATASNAP_DFS_NCWEST,10491.93262,0,0,"2019/05/16 06:00:26",,"2013/08/21 00:00:00",1,-73
D,P5MIN,CONSTRAINTSOLUTION,6,"2019/05/16 06:05:00",0,"2019/05/16 06:50:00",DATASNAP_DFS_NNTH,10429.49515,0,0,"2019/05/16 06:00:26",,"2013/08/21 00:00:00",1,-73
D,P5MIN,CONSTRAINTSOLUTION,6,"2019/05/16 06:05:00",0,"2019/05/16 06:50:00",DATASNAP_DFS_NSYD,13053.99756,0,0,"2019/05/16 06:00:26",,"2013/08/21 00:00:00",1,-73
D,P5MIN,CONSTRAINTSOLUTION,6,"2019/05/16 06:05:00",0,"2019/05/16 06:50:00",DATASNAP_DFS_NTE,10016.5,0,0,"2019/05/16 06:00:26",,"2018/04/13 00:00:00",1,-73
D,P5MIN,CONSTRAINTSOLUTION,6,"2019/05/16 06:05:00",0,"2019/05/16 06:50:00",DATASNAP_DFS_QCEN,10719.8429,0,0,"2019/05/16 06:00:26",,"2013/08/21 00:00:00",1,-73
D,P5MIN,CONSTRAINTSOLUTION,6,"2019/05/16 06:05:00",0,"2019/05/16 06:50:00",DATASNAP_DFS_QCIND,10858.3009,0,0,"2019/05/16 06:00:26",,"2013/08/21 00:00:00",1,-73
D,P5MIN,CONSTRAINTSOLUTION,6,"2019/05/16 06:05:00",0,"2019/05/16 06:50:00",DATASNAP_DFS_QFNQ,10167.22055,0,0,"2019/05/16 06:00:26",,"2013/08/21 00:00:00",1,-73
D,P5MIN,CONSTRAINTSOLUTION,6,"2019/05/16 06:05:00",0,"2019/05/16 06:50:00",DATASNAP_DFS_QNTH,10612.99072,0,0,"2019/05/16 06:00:26",,"2013/08/21 00:00:00",1,-73
D,P5MIN,CONSTRAINTSOLUTION,6,"2019/05/16 06:05:00",0,"2019/05/16 06:50:00",DATASNAP_DFS_QSTHE,11788.17114,0,0,"2019/05/16 06:00:26",,"2013/08/21 00:00:00",1,-73
D,P5MIN,CONSTRAINTSOLUTION,6,"2019/05/16 06:05:00",0,"2019/05/16 06:50:00",DATASNAP_DFS_QSTHW,11721.88648,0,0,"2019/05/16 06:00:26",,"2013/08/21 00:00:00",1,-73
D,P5MIN,CONSTRAINTSOLUTION,6,"2019/05/16 06:05:00",0,"2019/05/16 06:50:00",DATASNAP_DFS_Q_BCCP,10733.14429,0,0,"2019/05/16 06:00:26",,"2015/12/16 00:00:00",1,-73
D,P5MIN,CONSTRAINTSOLUTION,6,"2019/05/16 06:05:00",0,"2019/05/16 06:50:00",DATASNAP_DFS_Q_BCRG,10781.61249,0,0,"2019/05/16 06:00:26",,"2015/12/16 00:00:00",1,-73
D,P5MIN,CONSTRAINTSOLUTION,6,"2019/05/16 06:05:00",0,"2019/05/16 06:50:00",DATASNAP_DFS_Q_CLST,10863.02783,0,0,"2019/05/16 06:00:26",,"2013/08/21 00:00:00",1,-73
D,P5MIN,CONSTRAINTSOLUTION,6,"2019/05/16 06:05:00",0,"2019/05/16 06:50:00",DATASNAP_DFS_Q_CLWU,10862.10803,0,0,"2019/05/16 06:00:26",,"2013/08/21 00:00:00",1,-73
D,P5MIN,CONSTRAINTSOLUTION,6,"2019/05/16 06:05:00",0,"2019/05/16 06:50:00",DATASNAP_DFS_Q_LCCP,10764.94641,0,0,"2019/05/16 06:00:26",,"2015/12/16 00:00:00",1,-73
D,P5MIN,CONSTRAINTSOLUTION,6,"2019/05/16 06:05:00",0,"2019/05/16 06:50:00",DATASNAP_DFS_Q_RGLC,10742.92328,0,0,"2019/05/16 06:00:26",,"2017/10/19 00:00:00",1,-73
D,P5MIN,CONSTRAINTSOLUTION,6,"2019/05/16 06:05:00",0,"2019/05/16 06:50:00",DATASNAP_DFS_Q_TAMR,10315.4393,0,0,"2019/05/16 06:00:26",,"2013/08/21 00:00:00",1,-73
D,P5MIN,CONSTRAINTSOLUTION,6,"2019/05/16 06:05:00",0,"2019/05/16 06:50:00",DATASNAP_DFS_Q_TAMR2,10315.4393,0,0,"2019/05/16 06:00:26",,"2017/10/19 00:00:00",1,-73
D,P5MIN,CONSTRAINTSOLUTION,6,"2019/05/16 06:05:00",0,"2019/05/16 06:50:00",DATASNAP_DFS_SADL,10645.47986,0,0,"2019/05/16 06:00:26",,"2013/08/21 00:00:00",1,-73
D,P5MIN,CONSTRAINTSOLUTION,6,"2019/05/16 06:05:00",0,"2019/05/16 06:50:00",DATASNAP_DFS_SNTH,10222.45367,0,0,"2019/05/16 06:00:26",,"2013/08/21 00:00:00",1,-73
D,P5MIN,CONSTRAINTSOLUTION,6,"2019/05/16 06:05:00",0,"2019/05/16 06:50:00",DATASNAP_DFS_SRIV,10036.63096,0,0,"2019/05/16 06:00:26",,"2013/08/21 00:00:00",1,-73
D,P5MIN,CONSTRAINTSOLUTION,6,"2019/05/16 06:05:00",0,"2019/05/16 06:50:00",DATASNAP_DFS_SSE,10072.76515,0,0,"2019/05/16 06:00:26",,"2013/08/21 00:00:00",1,-73
D,P5MIN,CONSTRAINTSOLUTION,6,"2019/05/16 06:05:00",0,"2019/05/16 06:50:00",DATASNAP_DFS_SWNSW,10683.52637,0,0,"2019/05/16 06:00:26",,"2018/04/13 00:00:00",1,-73
D,P5MIN,CONSTRAINTSOLUTION,6,"2019/05/16 06:05:00",0,"2019/05/16 06:50:00",DATASNAP_DFS_TNTH,10115.55936,0,0,"2019/05/16 06:00:26",,"2013/08/21 00:00:00",1,-73
D,P5MIN,CONSTRAINTSOLUTION,6,"2019/05/16 06:05:00",0,"2019/05/16 06:50:00",DATASNAP_DFS_TNWEST,10136.63858,0,0,"2019/05/16 06:00:26",,"2013/08/21 00:00:00",1,-73
D,P5MIN,CONSTRAINTSOLUTION,6,"2019/05/16 06:05:00",0,"2019/05/16 06:50:00",DATASNAP_DFS_TWCST,10062.04958,0,0,"2019/05/16 06:00:26",,"2013/08/21 00:00:00",1,-73
D,P5MIN,CONSTRAINTSOLUTION,6,"2019/05/16 06:05:00",0,"2019/05/16 06:50:00",DATASNAP_DFS_T_FASH1,10603.84314,0,0,"2019/05/16 06:00:26",,"2016/03/17 00:00:00",1,-73
D,P5MIN,CONSTRAINTSOLUTION,6,"2019/05/16 06:05:00",0,"2019/05/16 06:50:00",DATASNAP_DFS_T_GOCS1,10475.63501,0,0,"2019/05/16 06:00:26",,"2016/03/17 00:00:00",1,-73
D,P5MIN,CONSTRAINTSOLUTION,6,"2019/05/16 06:05:00",0,"2019/05/16 06:50:00",DATASNAP_DFS_T_HAGT1,10460.06867,0,0,"2019/05/16 06:00:26",,"2016/03/17 00:00:00",1,-73
D,P5MIN,CONSTRAINTSOLUTION,6,"2019/05/16 06:05:00",0,"2019/05/16 06:50:00",DATASNAP_DFS_T_PMHA1,10476.4953,0,0,"2019/05/16 06:00:26",,"2016/03/17 00:00:00",1,-73
D,P5MIN,CONSTRAINTSOLUTION,6,"2019/05/16 06:05:00",0,"2019/05/16 06:50:00",DATASNAP_DFS_T_PMHA3,10145.60226,0,0,"2019/05/16 06:00:26",,"2016/03/17 00:00:00",1,-73
D,P5MIN,CONSTRAINTSOLUTION,6,"2019/05/16 06:05:00",0,"2019/05/16 06:50:00",DATASNAP_DFS_T_SHGT,10517.61713,0,0,"2019/05/16 06:00:26",,"2013/08/21 00:00:00",1,-73
D,P5MIN,CONSTRAINTSOLUTION,6,"2019/05/16 06:05:00",0,"2019/05/16 06:50:00",DATASNAP_DFS_T_SHPM,10394.73419,0,0,"2019/05/16 06:00:26",,"2016/03/17 00:00:00",1,-73
D,P5MIN,CONSTRAINTSOLUTION,6,"2019/05/16 06:05:00",0,"2019/05/16 06:50:00",DATASNAP_DFS_T_TATU,10119.94269,0,0,"2019/05/16 06:00:26",,"2013/08/21 00:00:00",1,-73
D,P5MIN,CONSTRAINTSOLUTION,6,"2019/05/16 06:05:00",0,"2019/05/16 06:50:00",DATASNAP_DFS_T_WALE,10145.79652,0,0,"2019/05/16 06:00:26",,"2016/03/17 00:00:00",1,-73
D,P5MIN,CONSTRAINTSOLUTION,6,"2019/05/16 06:05:00",0,"2019/05/16 06:50:00",DATASNAP_DFS_VIC_SG,10717.1673,0,0,"2019/05/16 06:00:26",,"2018/04/13 00:00:00",1,-73
D,P5MIN,CONSTRAINTSOLUTION,6,"2019/05/16 06:05:00",0,"2019/05/16 06:50:00",DATASNAP_DFS_VMEL,13086.47705,0,0,"2019/05/16 06:00:26",,"2013/08/21 00:00:00",1,-73
D,P5MIN,CONSTRAINTSOLUTION,6,"2019/05/16 06:05:00",0,"2019/05/16 06:50:00",DATASNAP_DFS_V_BABE,10437.45743,0,0,"2019/05/16 06:00:26",,"2013/08/21 00:00:00",1,-73
D,P5MIN,CONSTRAINTSOLUTION,6,"2019/05/16 06:05:00",0,"2019/05/16 06:50:00",DATASNAP_PDID_1,10020,0,0,"2019/05/16 06:00:26",,"2018/04/13 00:00:00",1,-73
D,P5MIN,CONSTRAINTSOLUTION,6,"2019/05/16 06:05:00",0,"2019/05/16 06:50:00",DATASNAP_Q::NIL_CS,14362.1492,0,0,"2019/05/16 06:00:26",,"2018/09/17 00:00:00",2,3831.7317
D,P5MIN,CONSTRAINTSOLUTION,6,"2019/05/16 06:05:00",0,"2019/05/16 06:50:00",DATASNAP_Q>NIL_BI_FB,10535.82025,0,0,"2019/05/16 06:00:26",,"2018/10/16 00:00:00",1,-73
D,P5MIN,CONSTRAINTSOLUTION,6,"2019/05/16 06:05:00",0,"2019/05/16 06:50:00",DATASNAP_TE_967_1,10016.5,0,0,"2019/05/16 06:00:26",,"2018/04/13 00:00:00",1,-73
D,P5MIN,CONSTRAINTSOLUTION,6,"2019/05/16 06:05:00",0,"2019/05/16 06:50:00",DATASNAP_T_PD_INER,10075.237,0,0,"2019/05/16 06:00:26",,"2018/04/13 00:00:00",1,-73
D,P5MIN,CONSTRAINTSOLUTION,6,"2019/05/16 06:05:00",0,"2019/05/16 06:50:00",DATASNAP_T_PD_INER2,10075.237,0,0,"2019/05/16 06:00:26",,"2018/04/13 00:00:00",1,-73
D,P5MIN,CONSTRAINTSOLUTION,6,"2019/05/16 06:05:00",0,"2019/05/16 06:50:00",DATA_MMS_ALERT1,10274,0,0,"2019/05/16 06:00:26",,"2013/08/21 00:00:00",1,-73
D,P5MIN,CONSTRAINTSOLUTION,6,"2019/05/16 06:05:00",0,"2019/05/16 06:50:00",DSANP_Q^^NIL_TR_CLHA,16682.41735,0,0,"2019/05/16 06:00:26",,"2018/01/10 00:00:00",1,3673.35698
D,P5MIN,CONSTRAINTSOLUTION,6,"2019/05/16 06:05:00",0,"2019/05/16 06:50:00",DSNAP_DFS_V_BABE_5M,10437.45743,0,0,"2019/05/16 06:00:26",,"2014/05/19 00:00:00",1,-73
D,P5MIN,CONSTRAINTSOLUTION,6,"2019/05/16 06:05:00",0,"2019/05/16 06:50:00",DSNAP_DFS_V_BAML,10547.03973,0,0,"2019/05/16 06:00:26",,"2014/05/19 00:00:00",1,-73
D,P5MIN,CONSTRAINTSOLUTION,6,"2019/05/16 06:05:00",0,"2019/05/16 06:50:00",DSNAP_DFS_V_BAML_5M,10612.92407,0,0,"2019/05/16 06:00:26",,"2014/05/19 00:00:00",1,-73
D,P5MIN,CONSTRAINTSOLUTION,6,"2019/05/16 06:05:00",0,"2019/05/16 06:50:00",DSNAP_DFS_V_DDMB,10596.1756,0,0,"2019/05/16 06:00:26",,"2014/05/19 00:00:00",1,-73
D,P5MIN,CONSTRAINTSOLUTION,6,"2019/05/16 06:05:00",0,"2019/05/16 06:50:00",DSNAP_DFS_V_DDMS,11405.73242,0,0,"2019/05/16 06:00:26",,"2019/01/29 00:00:00",1,-73
D,P5MIN,CONSTRAINTSOLUTION,6,"2019/05/16 06:05:00",0,"2019/05/16 06:50:00",DSNAP_DFS_V_DDSM,11177.79468,0,0,"2019/05/16 06:00:26",,"2014/05/19 00:00:00",1,-73
D,P5MIN,CONSTRAINTSOLUTION,6,"2019/05/16 06:05:00",0,"2019/05/16 06:50:00",DSNAP_DFS_V_NIL_3,12187.02244,0,0,"2019/05/16 06:00:26",,"2018/09/03 00:00:00",1,563.26532
D,P5MIN,CONSTRAINTSOLUTION,6,"2019/05/16 06:05:00",0,"2019/05/16 06:50:00",DSNAP_DFS_V_NIL_8,10739.13452,0,0,"2019/05/16 06:00:26",,"2018/09/03 00:00:00",1,-52.18186
D,P5MIN,CONSTRAINTSOLUTION,6,"2019/05/16 06:05:00",0,"2019/05/16 06:50:00",DSNAP_DFS_V_ROYP,10550.91681,0,0,"2019/05/16 06:00:26",,"2014/05/19 00:00:00",1,-73
D,P5MIN,CONSTRAINTSOLUTION,6,"2019/05/16 06:05:00",0,"2019/05/16 06:50:00",DSNAP_Q>>CPGG1_OUT,14113.76456,0,0,"2019/05/16 06:00:26",,"2018/08/24 00:00:00",1,-73
D,P5MIN,CONSTRAINTSOLUTION,6,"2019/05/16 06:05:00",0,"2019/05/16 06:50:00",DSNAP_Q>>GGWU_OUT_1,13076.98598,0,0,"2019/05/16 06:00:26",,"2018/06/27 00:00:00",1,-73
D,P5MIN,CONSTRAINTSOLUTION,6,"2019/05/16 06:05:00",0,"2019/05/16 06:50:00",DSNAP_Q>>GGWU_OUT_2,14092.98981,0,0,"2019/05/16 06:00:26",,"2018/07/19 00:00:00",1,-73
D,P5MIN,CONSTRAINTSOLUTION,6,"2019/05/16 06:05:00",0,"2019/05/16 06:50:00",DSNAP_Q>NIL_TV66,10410.96779,0,0,"2019/05/16 06:00:26",,"2018/08/17 00:00:00",2,0.002
D,P5MIN,CONSTRAINTSOLUTION,6,"2019/05/16 06:05:00",0,"2019/05/16 06:50:00",DSNAP_QNI_1100_DYN,11100,0,0,"2019/05/16 06:00:26",,"2019/03/11 00:00:00",1,607.71162
D,P5MIN,CONSTRAINTSOLUTION,6,"2019/05/16 06:05:00",0,"2019/05/16 06:50:00",DSNAP_QNI_1150_DYN,11150,0,0,"2019/05/16 06:00:26",,"2019/03/11 00:00:00",1,607.71162
D,P5MIN,CONSTRAINTSOLUTION,6,"2019/05/16 06:05:00",0,"2019/05/16 06:50:00",DSNAP_Q^CN_FDR-180,-10674.29447,0,0,"2019/05/16 06:00:26",,"2018/11/30 00:00:00",2,46.224
D,P5MIN,CONSTRAINTSOLUTION,6,"2019/05/16 06:05:00",0,"2019/05/16 06:50:00",DSNAP_Q^CN_FDR_CO_OP,-10389.79747,0,0,"2019/05/16 06:00:26",,"2018/11/30 00:00:00",2,373.82671
D,P5MIN,CONSTRAINTSOLUTION,6,"2019/05/16 06:05:00",0,"2019/05/16 06:50:00",DSNAP_Q^WOPW_WOSP_O,14318.95188,0,0,"2019/05/16 06:00:26",,"2019/05/01 00:00:00",1,3837.4399
D,P5MIN,CONSTRAINTSOLUTION,6,"2019/05/16 06:05:00",0,"2019/05/16 06:50:00",DSNAP_Q^^NIL_SRAR,10973.86409,0,0,"2019/05/16 06:00:26",,"2019/03/29 00:00:00",1,851.49802
D,P5MIN,CONSTRAINTSOLUTION,6,"2019/05/16 06:05:00",0,"2019/05/16 06:50:00",DSNAP_Q^^TR_CLHA,15342.74714,0,0,"2019/05/16 06:00:26",,"2018/01/12 00:00:00",1,2090.52823
D,P5MIN,CONSTRAINTSOLUTION,6,"2019/05/16 06:05:00",0,"2019/05/16 06:50:00",DSNAP_Q^^TR_TRBK,15638.84206,0,0,"2019/05/16 06:00:26",,"2018/01/12 00:00:00",1,2956.45829
D,P5MIN,CONSTRAINTSOLUTION,6,"2019/05/16 06:05:00",0,"2019/05/16 06:50:00",DSNAP_Q^^TR_TRBK_2,16168.02616,0,0,"2019/05/16 06:00:26",,"2018/12/12 00:00:00",1,4082.45046
D,P5MIN,CONSTRAINTSOLUTION,6,"2019/05/16 06:05:00",0,"2019/05/16 06:50:00",DSNAP_Q_TR_2000,14527.98896,0,0,"2019/05/16 06:00:26",,"2018/12/24 00:00:00",1,4536.84803
D,P5MIN,CONSTRAINTSOLUTION,6,"2019/05/16 06:05:00",0,"2019/05/16 06:50:00",DSNAP_S:VS_650_DYN,10650,0,0,"2019/05/16 06:00:26",,"2019/03/11 00:00:00",1,230.51715
D,P5MIN,CONSTRAINTSOLUTION,6,"2019/05/16 06:05:00",0,"2019/05/16 06:50:00",DSNAP_S:VS_700_DYN,10700,0,0,"2019/05/16 06:00:26",,"2019/03/11 00:00:00",1,230.51715
D,P5MIN,CONSTRAINTSOLUTION,6,"2019/05/16 06:05:00",0,"2019/05/16 06:50:00",DSNAP_S:V_500_DYN,10500,0,0,"2019/05/16 06:00:26",,"2019/03/11 00:00:00",1,212.51715
D,P5MIN,CONSTRAINTSOLUTION,6,"2019/05/16 06:05:00",0,"2019/05/16 06:50:00",DSNAP_S:V_550_DYN,10550,0,0,"2019/05/16 06:00:26",,"2019/03/11 00:00:00",1,212.51715
D,P5MIN,CONSTRAINTSOLUTION,6,"2019/05/16 06:05:00",0,"2019/05/16 06:50:00",DSNAP_S>V_460_DYN,10460,0,0,"2019/05/16 06:00:26",,"2019/03/11 00:00:00",1,212.51715
D,P5MIN,CONSTRAINTSOLUTION,6,"2019/05/16 06:05:00",0,"2019/05/16 06:50:00",DSNAP_SA_UNITS_ON,10010,0,0,"2019/05/16 06:00:26",,"2016/05/16 00:00:00",1,-73
D,P5MIN,CONSTRAINTSOLUTION,6,"2019/05/16 06:05:00",0,"2019/05/16 06:50:00",DSNAP_SNIL_1,10660.07794,0,0,"2019/05/16 06:00:26",,"2016/04/11 00:00:00",1,210.43131
D,P5MIN,CONSTRAINTSOLUTION,6,"2019/05/16 06:05:00",0,"2019/05/16 06:50:00",DSNAP_SNIL_2,10670.63669,0,0,"2019/05/16 06:00:26",,"2016/04/11 00:00:00",1,-210.3444
D,P5MIN,CONSTRAINTSOLUTION,6,"2019/05/16 06:05:00",0,"2019/05/16 06:50:00",DSNAP_SNIL_3,20643.67627,0,0,"2019/05/16 06:00:26",,"2016/04/11 00:00:00",1,-209.85191
D,P5MIN,CONSTRAINTSOLUTION,6,"2019/05/16 06:05:00",0,"2019/05/16 06:50:00",DSNAP_SNIL_4,20725.30827,0,0,"2019/05/16 06:00:26",,"2016/04/11 00:00:00",1,-209.59118
D,P5MIN,CONSTRAINTSOLUTION,6,"2019/05/16 06:05:00",0,"2019/05/16 06:50:00",DSNAP_SNIL_5,10639.83123,0,0,"2019/05/16 06:00:26",,"2016/04/11 00:00:00",1,-210.22852
D,P5MIN,CONSTRAINTSOLUTION,6,"2019/05/16 06:05:00",0,"2019/05/16 06:50:00",DSNAP_SNIL_6,10776.51438,0,0,"2019/05/16 06:00:26",,"2016/04/11 00:00:00",1,-209.59118
D,P5MIN,CONSTRAINTSOLUTION,6,"2019/05/16 06:05:00",0,"2019/05/16 06:50:00",DSNAP_SNIL_7,20580.40063,0,0,"2019/05/16 06:00:26",,"2016/04/11 00:00:00",1,-210.3444
D,P5MIN,CONSTRAINTSOLUTION,6,"2019/05/16 06:05:00",0,"2019/05/16 06:50:00",DSNAP_SNIL_8,20764.30753,0,0,"2019/05/16 06:00:26",,"2016/04/11 00:00:00",1,-209.85191
D,P5MIN,CONSTRAINTSOLUTION,6,"2019/05/16 06:05:00",0,"2019/05/16 06:50:00",DSNAP_SNIL_9,10789.40572,0,0,"2019/05/16 06:00:26",,"2016/04/11 00:00:00",1,-209.85191
D,P5MIN,CONSTRAINTSOLUTION,6,"2019/05/16 06:05:00",0,"2019/05/16 06:50:00",DSNAP_SNIL_TBTU_TBMO,10230.34592,0,0,"2019/05/16 06:00:26",,"2015/06/29 00:00:00",2,-73
D,P5MIN,CONSTRAINTSOLUTION,6,"2019/05/16 06:05:00",0,"2019/05/16 06:50:00",DSNAP_SV_250_DYN,10250,0,0,"2019/05/16 06:00:26",,"2019/03/11 00:00:00",1,212.51715
D,P5MIN,CONSTRAINTSOLUTION,6,"2019/05/16 06:05:00",0,"2019/05/16 06:50:00",DSNAP_S_NOTI_NOTI_3,10139.67987,0,0,"2019/05/16 06:00:26",,"2014/02/24 00:00:00",1,-73
D,P5MIN,CONSTRAINTSOLUTION,6,"2019/05/16 06:05:00",0,"2019/05/16 06:50:00",DSNAP_S_SETX_SETX,10298.58582,0,0,"2019/05/16 06:00:26",,"2014/02/17 00:00:00",1,-73
D,P5MIN,CONSTRAINTSOLUTION,6,"2019/05/16 06:05:00",0,"2019/05/16 06:50:00",DSNAP_S_V_000_DYN,9975,0,0,"2019/05/16 06:00:26",,"2019/03/11 00:00:00",1,212.51715
D,P5MIN,CONSTRAINTSOLUTION,6,"2019/05/16 06:05:00",0,"2019/05/16 06:50:00",DSNAP_T_NIL_BL_6,10138.34555,0,0,"2019/05/16 06:00:26",,"2017/07/21 00:00:00",1,-129.90953
D,P5MIN,CONSTRAINTSOLUTION,6,"2019/05/16 06:05:00",0,"2019/05/16 06:50:00",DSNAP_V:SS_650_DYN,10650,0,0,"2019/05/16 06:00:26",,"2019/03/11 00:00:00",1,-230.51715
D,P5MIN,CONSTRAINTSOLUTION,6,"2019/05/16 06:05:00",0,"2019/05/16 06:50:00",DSNAP_V:SS_720_DYN,10720,0,0,"2019/05/16 06:00:26",,"2019/03/11 00:00:00",1,-230.51715
D,P5MIN,CONSTRAINTSOLUTION,6,"2019/05/16 06:05:00",0,"2019/05/16 06:50:00",DSNAP_V:SS_790_DYN,10790,0,0,"2019/05/16 06:00:26",,"2019/03/11 00:00:00",1,-230.51715
D,P5MIN,CONSTRAINTSOLUTION,6,"2019/05/16 06:05:00",0,"2019/05/16 06:50:00",DSNAP_V:SS_820_DYN,10820,0,0,"2019/05/16 06:00:26",,"2019/03/11 00:00:00",1,-230.51715
D,P5MIN,CONSTRAINTSOLUTION,6,"2019/05/16 06:05:00",0,"2019/05/16 06:50:00",DSNAP_V:SS_850_DYN,10850,0,0,"2019/05/16 06:00:26",,"2019/03/11 00:00:00",1,-230.51715
D,P5MIN,CONSTRAINTSOLUTION,6,"2019/05/16 06:05:00",0,"2019/05/16 06:50:00",DSNAP_V:SS_870_DYN,10870,0,0,"2019/05/16 06:00:26",,"2019/03/11 00:00:00",1,-230.51715
D,P5MIN,CONSTRAINTSOLUTION,6,"2019/05/16 06:05:00",0,"2019/05/16 06:50:00",DSNAP_V:S_500_DYN,10500,0,0,"2019/05/16 06:00:26",,"2019/03/11 00:00:00",1,-212.51715
D,P5MIN,CONSTRAINTSOLUTION,6,"2019/05/16 06:05:00",0,"2019/05/16 06:50:00",DSNAP_V:S_570_DYN,10570,0,0,"2019/05/16 06:00:26",,"2019/03/11 00:00:00",1,-212.51715
D,P5MIN,CONSTRAINTSOLUTION,6,"2019/05/16 06:05:00",0,"2019/05/16 06:50:00",DSNAP_V:S_600_DYN,10600,0,0,"2019/05/16 06:00:26",,"2019/03/11 00:00:00",1,-212.51715
D,P5MIN,CONSTRAINTSOLUTION,6,"2019/05/16 06:05:00",0,"2019/05/16 06:50:00",DSNAP_V:S_650_DYN,10650,0,0,"2019/05/16 06:00:26",,"2019/03/11 00:00:00",1,-212.51715
D,P5MIN,CONSTRAINTSOLUTION,6,"2019/05/16 06:05:00",0,"2019/05/16 06:50:00",DSNAP_V>>V_NIL_1A,12008.38596,0,0,"2019/05/16 06:00:26",,"2019/01/29 00:00:00",1,510.23462
D,P5MIN,CONSTRAINTSOLUTION,6,"2019/05/16 06:05:00",0,"2019/05/16 06:50:00",DSNAP_V>>V_NIL_1C,11960.68463,0,0,"2019/05/16 06:00:26",,"2019/01/23 00:00:00",1,510.23462
D,P5MIN,CONSTRAINTSOLUTION,6,"2019/05/16 06:05:00",0,"2019/05/16 06:50:00",DSNAP_V>>V_NIL_1D,11963.98967,0,0,"2019/05/16 06:00:26",,"2019/01/23 00:00:00",1,510.23462
D,P5MIN,CONSTRAINTSOLUTION,6,"2019/05/16 06:05:00",0,"2019/05/16 06:50:00",DSNAP_V>S_460_DYN,10460,0,0,"2019/05/16 06:00:26",,"2019/03/11 00:00:00",1,-212.51715
D,P5MIN,CONSTRAINTSOLUTION,6,"2019/05/16 06:05:00",0,"2019/05/16 06:50:00",DSNAP_V>V_NIL_7,11050.49978,0,0,"2019/05/16 06:00:26",,"2019/01/24 00:00:00",1,32
D,P5MIN,CONSTRAINTSOLUTION,6,"2019/05/16 06:05:00",0,"2019/05/16 06:50:00",DSNAP_VS_250_DYN,10250,0,0,"2019/05/16 06:00:26",,"2019/03/11 00:00:00",1,-212.51715
D,P5MIN,CONSTRAINTSOLUTION,6,"2019/05/16 06:05:00",0,"2019/05/16 06:50:00",F_I+LREG_0120,120,0,0,"2019/05/16 06:00:26",,"2013/08/21 00:00:00",1,190
D,P5MIN,CONSTRAINTSOLUTION,6,"2019/05/16 06:05:00",0,"2019/05/16 06:50:00",F_I+LREG_0190,190,12.31,0,"2019/05/16 06:00:26",,"2019/04/16 00:00:00",1,190
D,P5MIN,CONSTRAINTSOLUTION,6,"2019/05/16 06:05:00",0,"2019/05/16 06:50:00",F_I+ML_L5_0400,298.2022,0,0,"2019/05/16 06:00:26",,"2013/08/21 00:00:00",1,391.5
D,P5MIN,CONSTRAINTSOLUTION,6,"2019/05/16 06:05:00",0,"2019/05/16 06:50:00",F_I+ML_L60_0400,23.77134,0,0,"2019/05/16 06:00:26",,"2013/08/21 00:00:00",1,117.08
D,P5MIN,CONSTRAINTSOLUTION,6,"2019/05/16 06:05:00",0,"2019/05/16 06:50:00",F_I+ML_L6_0400,23.77134,0.01,0,"2019/05/16 06:00:26",,"2013/08/21 00:00:00",1,23.77
D,P5MIN,CONSTRAINTSOLUTION,6,"2019/05/16 06:05:00",0,"2019/05/16 06:50:00",F_I+NIL_APD_TL_L5,391.50219,0.19,0,"2019/05/16 06:00:26",,"2014/03/03 00:00:00",1,391.5
D,P5MIN,CONSTRAINTSOLUTION,6,"2019/05/16 06:05:00",0,"2019/05/16 06:50:00",F_I+NIL_APD_TL_L6,-209.9538,0,0,"2019/05/16 06:00:26",,"2014/03/03 00:00:00",1,23.77
D,P5MIN,CONSTRAINTSOLUTION,6,"2019/05/16 06:05:00",0,"2019/05/16 06:50:00",F_I+NIL_APD_TL_L60,117.07132,0.04,0,"2019/05/16 06:00:26",,"2014/03/03 00:00:00",1,117.08
D,P5MIN,CONSTRAINTSOLUTION,6,"2019/05/16 06:05:00",0,"2019/05/16 06:50:00",F_I+NIL_BB_TG_R5,-101.7978,0,0,"2019/05/16 06:00:26",,"2013/08/21 00:00:00",1,665.46
D,P5MIN,CONSTRAINTSOLUTION,6,"2019/05/16 06:05:00",0,"2019/05/16 06:50:00",F_I+NIL_BB_TG_R6,-703.25378,0,0,"2019/05/16 06:00:26",,"2013/08/21 00:00:00",1,434.64
D,P5MIN,CONSTRAINTSOLUTION,6,"2019/05/16 06:05:00",0,"2019/05/16 06:50:00",F_I+NIL_BB_TG_R60,-376.22866,0,0,"2019/05/16 06:00:26",,"2013/08/21 00:00:00",1,450.06
D,P5MIN,CONSTRAINTSOLUTION,6,"2019/05/16 06:05:00",0,"2019/05/16 06:50:00",F_I+NIL_MG_R5,647.93619,0,0,"2019/05/16 06:00:26",,"2013/08/21 00:00:00",1,665.46
D,P5MIN,CONSTRAINTSOLUTION,6,"2019/05/16 06:05:00",0,"2019/05/16 06:50:00",F_I+NIL_MG_R6,373.77134,0,0,"2019/05/16 06:00:26",,"2013/08/21 00:00:00",1,434.64
D,P5MIN,CONSTRAINTSOLUTION,6,"2019/05/16 06:05:00",0,"2019/05/16 06:50:00",F_I+NIL_MG_R60,373.77134,0,0,"2019/05/16 06:00:26",,"2013/08/21 00:00:00",1,450.06
D,P5MIN,CONSTRAINTSOLUTION,6,"2019/05/16 06:05:00",0,"2019/05/16 06:50:00",F_I+NIL_RREG,130,0,0,"2019/05/16 06:00:26",,"2018/12/12 00:00:00",1,200
D,P5MIN,CONSTRAINTSOLUTION,6,"2019/05/16 06:05:00",0,"2019/05/16 06:50:00",F_I+NIL_WF_TG_R5,-82.40523,0,0,"2019/05/16 06:00:26",,"2013/08/21 00:00:00",1,665.46
D,P5MIN,CONSTRAINTSOLUTION,6,"2019/05/16 06:05:00",0,"2019/05/16 06:50:00",F_I+NIL_WF_TG_R6,-703.25378,0,0,"2019/05/16 06:00:26",,"2013/08/21 00:00:00",1,434.64
D,P5MIN,CONSTRAINTSOLUTION,6,"2019/05/16 06:05:00",0,"2019/05/16 06:50:00",F_I+NIL_WF_TG_R60,-376.22866,0,0,"2019/05/16 06:00:26",,"2013/08/21 00:00:00",1,450.06
D,P5MIN,CONSTRAINTSOLUTION,6,"2019/05/16 06:05:00",0,"2019/05/16 06:50:00",F_I+RREG_0200,200,12.5,0,"2019/05/16 06:00:26",,"2013/08/21 00:00:00",1,200
D,P5MIN,CONSTRAINTSOLUTION,6,"2019/05/16 06:05:00",0,"2019/05/16 06:50:00",F_I+WIP_N-2_ML_L5,-101.7978,0,0,"2019/05/16 06:00:26",,"2017/05/16 00:00:00",1,391.5
D,P5MIN,CONSTRAINTSOLUTION,6,"2019/05/16 06:05:00",0,"2019/05/16 06:50:00",F_I+WIP_N-2_ML_L6,-376.22866,0,0,"2019/05/16 06:00:26",,"2017/05/16 00:00:00",1,23.77
D,P5MIN,CONSTRAINTSOLUTION,6,"2019/05/16 06:05:00",0,"2019/05/16 06:50:00",F_I+WIP_N-2_ML_L60,-376.22866,0,0,"2019/05/16 06:00:26",,"2017/05/16 00:00:00",1,117.08
D,P5MIN,CONSTRAINTSOLUTION,6,"2019/05/16 06:05:00",0,"2019/05/16 06:50:00",F_I+WIV_N-2_MG_R5,-102.06382,0,0,"2019/05/16 06:00:26",,"2017/05/16 00:00:00",1,665.46
D,P5MIN,CONSTRAINTSOLUTION,6,"2019/05/16 06:05:00",0,"2019/05/16 06:50:00",F_I+WIV_N-2_MG_R6,-376.22866,0,0,"2019/05/16 06:00:26",,"2017/05/16 00:00:00",1,434.64
D,P5MIN,CONSTRAINTSOLUTION,6,"2019/05/16 06:05:00",0,"2019/05/16 06:50:00",F_I+WIV_N-2_MG_R60,-376.22866,0,0,"2019/05/16 06:00:26",,"2017/05/16 00:00:00",1,450.06
D,P5MIN,CONSTRAINTSOLUTION,6,"2019/05/16 06:05:00",0,"2019/05/16 06:50:00",F_MAIN++APD_TL_L5,-82.80755,0,0,"2019/05/16 06:00:26",,"2014/03/03 00:00:00",1,217.5
D,P5MIN,CONSTRAINTSOLUTION,6,"2019/05/16 06:05:00",0,"2019/05/16 06:50:00",F_MAIN++APD_TL_L6,-638.75025,0,0,"2019/05/16 06:00:26",,"2014/03/03 00:00:00",1,-76.23
D,P5MIN,CONSTRAINTSOLUTION,6,"2019/05/16 06:05:00",0,"2019/05/16 06:50:00",F_MAIN++APD_TL_L60,-311.72513,0,0,"2019/05/16 06:00:26",,"2014/03/03 00:00:00",1,12.04
D,P5MIN,CONSTRAINTSOLUTION,6,"2019/05/16 06:05:00",0,"2019/05/16 06:50:00",F_MAIN++LREG_0120,-358,0,0,"2019/05/16 06:00:26",,"2013/08/21 00:00:00",1,46
D,P5MIN,CONSTRAINTSOLUTION,6,"2019/05/16 06:05:00",0,"2019/05/16 06:50:00",F_MAIN++LREG_0190,-288,0,0,"2019/05/16 06:00:26",,"2019/04/16 00:00:00",1,46
D,P5MIN,CONSTRAINTSOLUTION,6,"2019/05/16 06:05:00",0,"2019/05/16 06:50:00",F_MAIN++ML_L5_0400,-176.10754,0,0,"2019/05/16 06:00:26",,"2013/08/21 00:00:00",1,217.5
D,P5MIN,CONSTRAINTSOLUTION,6,"2019/05/16 06:05:00",0,"2019/05/16 06:50:00",F_MAIN++ML_L60_0400,-405.02512,0,0,"2019/05/16 06:00:26",,"2013/08/21 00:00:00",1,12.04
D,P5MIN,CONSTRAINTSOLUTION,6,"2019/05/16 06:05:00",0,"2019/05/16 06:50:00",F_MAIN++ML_L6_0400,-405.02512,0,0,"2019/05/16 06:00:26",,"2013/08/21 00:00:00",1,-76.23
D,P5MIN,CONSTRAINTSOLUTION,6,"2019/05/16 06:05:00",0,"2019/05/16 06:50:00",F_MAIN++NIL_BL_L5,-228.10754,0,0,"2019/05/16 06:00:26",,"2013/08/21 00:00:00",1,217.5
D,P5MIN,CONSTRAINTSOLUTION,6,"2019/05/16 06:05:00",0,"2019/05/16 06:50:00",F_MAIN++NIL_BL_L6,-654.05024,0,0,"2019/05/16 06:00:26",,"2013/08/21 00:00:00",1,-76.23
D,P5MIN,CONSTRAINTSOLUTION,6,"2019/05/16 06:05:00",0,"2019/05/16 06:50:00",F_MAIN++NIL_BL_L60,-327.02512,0,0,"2019/05/16 06:00:26",,"2013/08/21 00:00:00",1,12.04
D,P5MIN,CONSTRAINTSOLUTION,6,"2019/05/16 06:05:00",0,"2019/05/16 06:50:00",F_MAIN++NIL_BL_R5,-10228.10754,0,0,"2019/05/16 06:00:26",,"2013/08/21 00:00:00",1,701.89
D,P5MIN,CONSTRAINTSOLUTION,6,"2019/05/16 06:05:00",0,"2019/05/16 06:50:00",F_MAIN++NIL_BL_R6,-10654.05024,0,0,"2019/05/16 06:00:26",,"2013/08/21 00:00:00",1,472.97
D,P5MIN,CONSTRAINTSOLUTION,6,"2019/05/16 06:05:00",0,"2019/05/16 06:50:00",F_MAIN++NIL_BL_R60,-10327.02512,0,0,"2019/05/16 06:00:26",,"2013/08/21 00:00:00",1,472.97
D,P5MIN,CONSTRAINTSOLUTION,6,"2019/05/16 06:05:00",0,"2019/05/16 06:50:00",F_MAIN++NIL_MG_R5,701.89246,2,0,"2019/05/16 06:00:26",,"2013/08/21 00:00:00",1,701.89
D,P5MIN,CONSTRAINTSOLUTION,6,"2019/05/16 06:05:00",0,"2019/05/16 06:50:00",F_MAIN++NIL_MG_R6,472.97488,9.81,0,"2019/05/16 06:00:26",,"2013/08/21 00:00:00",1,472.97
D,P5MIN,CONSTRAINTSOLUTION,6,"2019/05/16 06:05:00",0,"2019/05/16 06:50:00",F_MAIN++NIL_MG_R60,472.97488,5,0,"2019/05/16 06:00:26",,"2013/08/21 00:00:00",1,472.97
D,P5MIN,CONSTRAINTSOLUTION,6,"2019/05/16 06:05:00",0,"2019/05/16 06:50:00",F_MAIN++NIL_RREG,180,0,0,"2019/05/16 06:00:26",,"2018/12/12 00:00:00",1,250
D,P5MIN,CONSTRAINTSOLUTION,6,"2019/05/16 06:05:00",0,"2019/05/16 06:50:00",F_MAIN++RREG_0200,250,4.44038,0,"2019/05/16 06:00:26",,"2013/08/21 00:00:00",1,250
D,P5MIN,CONSTRAINTSOLUTION,6,"2019/05/16 06:05:00",0,"2019/05/16 06:50:00",F_MAIN++WIPN-2_MLL60,-805.02512,0,0,"2019/05/16 06:00:26",,"2017/05/16 00:00:00",1,12.04
D,P5MIN,CONSTRAINTSOLUTION,6,"2019/05/16 06:05:00",0,"2019/05/16 06:50:00",F_MAIN++WIP_N-2_MLL5,-576.10754,0,0,"2019/05/16 06:00:26",,"2017/05/16 00:00:00",1,217.5
D,P5MIN,CONSTRAINTSOLUTION,6,"2019/05/16 06:05:00",0,"2019/05/16 06:50:00",F_MAIN++WIP_N-2_MLL6,-805.02512,0,0,"2019/05/16 06:00:26",,"2017/05/16 00:00:00",1,-76.23
D,P5MIN,CONSTRAINTSOLUTION,6,"2019/05/16 06:05:00",0,"2019/05/16 06:50:00",F_MAIN++WIVN-2_MGR60,-277.02512,0,0,"2019/05/16 06:00:26",,"2017/05/16 00:00:00",1,472.97
D,P5MIN,CONSTRAINTSOLUTION,6,"2019/05/16 06:05:00",0,"2019/05/16 06:50:00",F_MAIN++WIV_N-2_MGR5,-48.10754,0,0,"2019/05/16 06:00:26",,"2017/05/16 00:00:00",1,701.89
D,P5MIN,CONSTRAINTSOLUTION,6,"2019/05/16 06:05:00",0,"2019/05/16 06:50:00",F_MAIN++WIV_N-2_MGR6,-277.02512,0,0,"2019/05/16 06:00:26",,"2017/05/16 00:00:00",1,472.97
D,P5MIN,CONSTRAINTSOLUTION,6,"2019/05/16 06:05:00",0,"2019/05/16 06:50:00",F_MAIN+APD_TL_L5,-9604.80755,0,0,"2019/05/16 06:00:26",,"2014/03/03 00:00:00",1,317.5
D,P5MIN,CONSTRAINTSOLUTION,6,"2019/05/16 06:05:00",0,"2019/05/16 06:50:00",F_MAIN+APD_TL_L6,-10160.75025,0,0,"2019/05/16 06:00:26",,"2014/03/03 00:00:00",1,23.77
D,P5MIN,CONSTRAINTSOLUTION,6,"2019/05/16 06:05:00",0,"2019/05/16 06:50:00",F_MAIN+APD_TL_L60,-9833.72513,0,0,"2019/05/16 06:00:26",,"2014/03/03 00:00:00",1,112.04
D,P5MIN,CONSTRAINTSOLUTION,6,"2019/05/16 06:05:00",0,"2019/05/16 06:50:00",F_MAIN+BLFCTRL_L5,-64.42968,0,0,"2019/05/16 06:00:26",,"2014/07/01 00:00:00",1,317.5
D,P5MIN,CONSTRAINTSOLUTION,6,"2019/05/16 06:05:00",0,"2019/05/16 06:50:00",F_MAIN+BLFCTRL_L6,-293.34727,0,0,"2019/05/16 06:00:26",,"2014/07/01 00:00:00",1,23.77
D,P5MIN,CONSTRAINTSOLUTION,6,"2019/05/16 06:05:00",0,"2019/05/16 06:50:00",F_MAIN+BLFCTRL_L60,-293.34727,0,0,"2019/05/16 06:00:26",,"2014/07/01 00:00:00",1,112.04
D,P5MIN,CONSTRAINTSOLUTION,6,"2019/05/16 06:05:00",0,"2019/05/16 06:50:00",F_MAIN+BLFCTRL_R5,51.89246,0,0,"2019/05/16 06:00:26",,"2014/07/01 00:00:00",1,601.89
D,P5MIN,CONSTRAINTSOLUTION,6,"2019/05/16 06:05:00",0,"2019/05/16 06:50:00",F_MAIN+BLFCTRL_R6,-177.02512,0,0,"2019/05/16 06:00:26",,"2014/07/01 00:00:00",1,372.97
D,P5MIN,CONSTRAINTSOLUTION,6,"2019/05/16 06:05:00",0,"2019/05/16 06:50:00",F_MAIN+BLFCTRL_R60,-177.02512,0,0,"2019/05/16 06:00:26",,"2014/07/01 00:00:00",1,372.97
D,P5MIN,CONSTRAINTSOLUTION,6,"2019/05/16 06:05:00",0,"2019/05/16 06:50:00",F_MAIN+LREG_0120,-9880,0,0,"2019/05/16 06:00:26",,"2013/08/21 00:00:00",1,146
D,P5MIN,CONSTRAINTSOLUTION,6,"2019/05/16 06:05:00",0,"2019/05/16 06:50:00",F_MAIN+LREG_0190,-9810,0,0,"2019/05/16 06:00:26",,"2019/04/16 00:00:00",1,146
D,P5MIN,CONSTRAINTSOLUTION,6,"2019/05/16 06:05:00",0,"2019/05/16 06:50:00",F_MAIN+ML_L5_0400,-9698.10754,0,0,"2019/05/16 06:00:26",,"2013/08/21 00:00:00",1,317.5
D,P5MIN,CONSTRAINTSOLUTION,6,"2019/05/16 06:05:00",0,"2019/05/16 06:50:00",F_MAIN+ML_L60_0400,-9927.02512,0,0,"2019/05/16 06:00:26",,"2013/08/21 00:00:00",1,112.04
D,P5MIN,CONSTRAINTSOLUTION,6,"2019/05/16 06:05:00",0,"2019/05/16 06:50:00",F_MAIN+ML_L6_0400,-9927.02512,0,0,"2019/05/16 06:00:26",,"2013/08/21 00:00:00",1,23.77
D,P5MIN,CONSTRAINTSOLUTION,6,"2019/05/16 06:05:00",0,"2019/05/16 06:50:00",F_MAIN+NIL_DYN_LREG,0,0,0,"2019/05/16 06:00:26",,"2019/03/22 00:00:00",2,146
D,P5MIN,CONSTRAINTSOLUTION,6,"2019/05/16 06:05:00",0,"2019/05/16 06:50:00",F_MAIN+NIL_DYN_RREG,0,0,0,"2019/05/16 06:00:26",,"2019/03/22 00:00:00",2,150
D,P5MIN,CONSTRAINTSOLUTION,6,"2019/05/16 06:05:00",0,"2019/05/16 06:50:00",F_MAIN+NIL_MG_R5,-9348.10754,0,0,"2019/05/16 06:00:26",,"2013/08/21 00:00:00",1,601.89
D,P5MIN,CONSTRAINTSOLUTION,6,"2019/05/16 06:05:00",0,"2019/05/16 06:50:00",F_MAIN+NIL_MG_R6,-9577.02512,0,0,"2019/05/16 06:00:26",,"2013/08/21 00:00:00",1,372.97
D,P5MIN,CONSTRAINTSOLUTION,6,"2019/05/16 06:05:00",0,"2019/05/16 06:50:00",F_MAIN+NIL_MG_R60,-9577.02512,0,0,"2019/05/16 06:00:26",,"2013/08/21 00:00:00",1,372.97
D,P5MIN,CONSTRAINTSOLUTION,6,"2019/05/16 06:05:00",0,"2019/05/16 06:50:00",F_MAIN+NIL_RREG,-9870,0,0,"2019/05/16 06:00:26",,"2018/12/12 00:00:00",1,150
D,P5MIN,CONSTRAINTSOLUTION,6,"2019/05/16 06:05:00",0,"2019/05/16 06:50:00",F_MAIN+RREG_0200,-9800,0,0,"2019/05/16 06:00:26",,"2013/08/21 00:00:00",1,150
D,P5MIN,CONSTRAINTSOLUTION,6,"2019/05/16 06:05:00",0,"2019/05/16 06:50:00",F_MAIN+TASCAP_LREG,70,0,0,"2019/05/16 06:00:26",,"2019/01/11 00:00:00",1,146
D,P5MIN,CONSTRAINTSOLUTION,6,"2019/05/16 06:05:00",0,"2019/05/16 06:50:00",F_MAIN+TASCAP_RREG,80,0,0,"2019/05/16 06:00:26",,"2019/01/11 00:00:00",1,150
D,P5MIN,CONSTRAINTSOLUTION,6,"2019/05/16 06:05:00",0,"2019/05/16 06:50:00",F_MAIN+WIP_N-2_MLL60,-10327.02512,0,0,"2019/05/16 06:00:26",,"2017/05/16 00:00:00",1,112.04
D,P5MIN,CONSTRAINTSOLUTION,6,"2019/05/16 06:05:00",0,"2019/05/16 06:50:00",F_MAIN+WIP_N-2_ML_L5,-10098.10754,0,0,"2019/05/16 06:00:26",,"2017/05/16 00:00:00",1,317.5
D,P5MIN,CONSTRAINTSOLUTION,6,"2019/05/16 06:05:00",0,"2019/05/16 06:50:00",F_MAIN+WIP_N-2_ML_L6,-10327.02512,0,0,"2019/05/16 06:00:26",,"2017/05/16 00:00:00",1,23.77
D,P5MIN,CONSTRAINTSOLUTION,6,"2019/05/16 06:05:00",0,"2019/05/16 06:50:00",F_MAIN+WIV_N-2_MGR60,-10327.02512,0,0,"2019/05/16 06:00:26",,"2017/05/16 00:00:00",1,372.97
D,P5MIN,CONSTRAINTSOLUTION,6,"2019/05/16 06:05:00",0,"2019/05/16 06:50:00",F_MAIN+WIV_N-2_MG_R5,-10098.10754,0,0,"2019/05/16 06:00:26",,"2017/05/16 00:00:00",1,601.89
D,P5MIN,CONSTRAINTSOLUTION,6,"2019/05/16 06:05:00",0,"2019/05/16 06:50:00",F_MAIN+WIV_N-2_MG_R6,-10327.02512,0,0,"2019/05/16 06:00:26",,"2017/05/16 00:00:00",1,372.97
D,P5MIN,CONSTRAINTSOLUTION,6,"2019/05/16 06:05:00",0,"2019/05/16 06:50:00",F_Q++NIL_R5,1360,0,0,"2019/05/16 06:00:26",,"2013/10/02 00:00:00",1,722.71162
D,P5MIN,CONSTRAINTSOLUTION,6,"2019/05/16 06:05:00",0,"2019/05/16 06:50:00",F_Q++NIL_R6,1360,0,0,"2019/05/16 06:00:26",,"2013/10/02 00:00:00",1,676.71162
D,P5MIN,CONSTRAINTSOLUTION,6,"2019/05/16 06:05:00",0,"2019/05/16 06:50:00",F_Q++NIL_R60,1360,0,0,"2019/05/16 06:00:26",,"2013/10/02 00:00:00",1,655.71162
D,P5MIN,CONSTRAINTSOLUTION,6,"2019/05/16 06:05:00",0,"2019/05/16 06:50:00",F_Q_W/HOE_R5,10000,0,0,"2019/05/16 06:00:26",,"2017/05/17 00:00:00",1,60
D,P5MIN,CONSTRAINTSOLUTION,6,"2019/05/16 06:05:00",0,"2019/05/16 06:50:00",F_Q_W/HOE_R60,10000,0,0,"2019/05/16 06:00:26",,"2017/05/17 00:00:00",1,0
D,P5MIN,CONSTRAINTSOLUTION,6,"2019/05/16 06:05:00",0,"2019/05/16 06:50:00",F_S+NIL_HPR_G+L_LREG,300000,0,0,"2019/05/16 06:00:26",,"2017/11/13 00:00:00",1,40
D,P5MIN,CONSTRAINTSOLUTION,6,"2019/05/16 06:05:00",0,"2019/05/16 06:50:00",F_S+NIL_HPR_G+L_RREG,300000,0,0,"2019/05/16 06:00:26",,"2017/11/13 00:00:00",1,30
D,P5MIN,CONSTRAINTSOLUTION,6,"2019/05/16 06:05:00",0,"2019/05/16 06:50:00",F_T++LREG_0050,100,0,0,"2019/05/16 06:00:26",,"2015/01/29 00:00:00",1,144
D,P5MIN,CONSTRAINTSOLUTION,6,"2019/05/16 06:05:00",0,"2019/05/16 06:50:00",F_T++NIL_BB_TG_R5,-10053.81363,0,0,"2019/05/16 06:00:26",,"2016/04/12 00:00:00",1,-36.43
D,P5MIN,CONSTRAINTSOLUTION,6,"2019/05/16 06:05:00",0,"2019/05/16 06:50:00",F_T++NIL_BB_TG_R6,-10162.65886,0,0,"2019/05/16 06:00:26",,"2016/04/12 00:00:00",1,-38.33
D,P5MIN,CONSTRAINTSOLUTION,6,"2019/05/16 06:05:00",0,"2019/05/16 06:50:00",F_T++NIL_BB_TG_R60,-9984.65348,0,0,"2019/05/16 06:00:26",,"2016/04/12 00:00:00",1,-22.91
D,P5MIN,CONSTRAINTSOLUTION,6,"2019/05/16 06:05:00",0,"2019/05/16 06:50:00",F_T++NIL_BLSPS_L5,-20000.0001,0,0,"2019/05/16 06:00:26",,"2013/08/21 00:00:00",1,168.558
D,P5MIN,CONSTRAINTSOLUTION,6,"2019/05/16 06:05:00",0,"2019/05/16 06:50:00",F_T++NIL_BLSPS_L60_1,-20000.0001,0,0,"2019/05/16 06:00:26",,"2013/08/21 00:00:00",1,123.663
D,P5MIN,CONSTRAINTSOLUTION,6,"2019/05/16 06:05:00",0,"2019/05/16 06:50:00",F_T++NIL_BLSPS_L60_2,-20000.0001,0,0,"2019/05/16 06:00:26",,"2013/08/21 00:00:00",1,301.604
D,P5MIN,CONSTRAINTSOLUTION,6,"2019/05/16 06:05:00",0,"2019/05/16 06:50:00",F_T++NIL_BLSPS_L60_3,-20000.0001,0,0,"2019/05/16 06:00:26",,"2013/08/21 00:00:00",1,517.879
D,P5MIN,CONSTRAINTSOLUTION,6,"2019/05/16 06:05:00",0,"2019/05/16 06:50:00",F_T++NIL_BLSPS_L60_4,-20000.0001,0,0,"2019/05/16 06:00:26",,"2013/08/21 00:00:00",1,824.304
D,P5MIN,CONSTRAINTSOLUTION,6,"2019/05/16 06:05:00",0,"2019/05/16 06:50:00",F_T++NIL_BLSPS_L6_1,-20000.0001,0,0,"2019/05/16 06:00:26",,"2013/08/21 00:00:00",1,86.338
D,P5MIN,CONSTRAINTSOLUTION,6,"2019/05/16 06:05:00",0,"2019/05/16 06:50:00",F_T++NIL_BLSPS_L6_2,-20000.0001,0,0,"2019/05/16 06:00:26",,"2013/08/21 00:00:00",1,209.199
D,P5MIN,CONSTRAINTSOLUTION,6,"2019/05/16 06:05:00",0,"2019/05/16 06:50:00",F_T++NIL_BLSPS_L6_3,-20000.0001,0,0,"2019/05/16 06:00:26",,"2013/08/21 00:00:00",1,375.816
D,P5MIN,CONSTRAINTSOLUTION,6,"2019/05/16 06:05:00",0,"2019/05/16 06:50:00",F_T++NIL_BLSPS_L6_4,-20000.0001,0,0,"2019/05/16 06:00:26",,"2013/08/21 00:00:00",1,619.41
D,P5MIN,CONSTRAINTSOLUTION,6,"2019/05/16 06:05:00",0,"2019/05/16 06:50:00",F_T++NIL_BLSPS_R5,-10000.0001,0,0,"2019/05/16 06:00:26",,"2013/08/21 00:00:00",1,-25.158
D,P5MIN,CONSTRAINTSOLUTION,6,"2019/05/16 06:05:00",0,"2019/05/16 06:50:00",F_T++NIL_BLSPS_R60_1,-10000.0001,0,0,"2019/05/16 06:00:26",,"2013/08/21 00:00:00",1,-44.447
D,P5MIN,CONSTRAINTSOLUTION,6,"2019/05/16 06:05:00",0,"2019/05/16 06:50:00",F_T++NIL_BLSPS_R60_2,-10000.0001,0,0,"2019/05/16 06:00:26",,"2013/08/21 00:00:00",1,-123.926
D,P5MIN,CONSTRAINTSOLUTION,6,"2019/05/16 06:05:00",0,"2019/05/16 06:50:00",F_T++NIL_BLSPS_R60_3,-10000.0001,0,0,"2019/05/16 06:00:26",,"2013/08/21 00:00:00",1,-203.165
D,P5MIN,CONSTRAINTSOLUTION,6,"2019/05/16 06:05:00",0,"2019/05/16 06:50:00",F_T++NIL_BLSPS_R60_4,-10000.0001,0,0,"2019/05/16 06:00:26",,"2013/08/21 00:00:00",1,-323.249
D,P5MIN,CONSTRAINTSOLUTION,6,"2019/05/16 06:05:00",0,"2019/05/16 06:50:00",F_T++NIL_BLSPS_R6_1,-10000.0001,0,0,"2019/05/16 06:00:26",,"2013/08/21 00:00:00",1,-37.465
D,P5MIN,CONSTRAINTSOLUTION,6,"2019/05/16 06:05:00",0,"2019/05/16 06:50:00",F_T++NIL_BLSPS_R6_2,-10000.0001,0,0,"2019/05/16 06:00:26",,"2013/08/21 00:00:00",1,-116.847
D,P5MIN,CONSTRAINTSOLUTION,6,"2019/05/16 06:05:00",0,"2019/05/16 06:50:00",F_T++NIL_BLSPS_R6_3,-10000.0001,0,0,"2019/05/16 06:00:26",,"2013/08/21 00:00:00",1,-191.37
D,P5MIN,CONSTRAINTSOLUTION,6,"2019/05/16 06:05:00",0,"2019/05/16 06:50:00",F_T++NIL_BLSPS_R6_4,-10000.0001,0,0,"2019/05/16 06:00:26",,"2013/08/21 00:00:00",1,-258.699
D,P5MIN,CONSTRAINTSOLUTION,6,"2019/05/16 06:05:00",0,"2019/05/16 06:50:00",F_T++NIL_MG_R5,-9937.29331,0,0,"2019/05/16 06:00:26",,"2016/04/12 00:00:00",1,-36.43
D,P5MIN,CONSTRAINTSOLUTION,6,"2019/05/16 06:05:00",0,"2019/05/16 06:50:00",F_T++NIL_MG_R6,-9987.99528,0,0,"2019/05/16 06:00:26",,"2016/04/12 00:00:00",1,-38.33
D,P5MIN,CONSTRAINTSOLUTION,6,"2019/05/16 06:05:00",0,"2019/05/16 06:50:00",F_T++NIL_MG_R60,-9896.78818,0,0,"2019/05/16 06:00:26",,"2016/04/12 00:00:00",1,-22.91
D,P5MIN,CONSTRAINTSOLUTION,6,"2019/05/16 06:05:00",0,"2019/05/16 06:50:00",F_T++NIL_MG_RECL_R5,-9949.73189,0,0,"2019/05/16 06:00:26",,"2016/12/02 00:00:00",1,-36.43
D,P5MIN,CONSTRAINTSOLUTION,6,"2019/05/16 06:05:00",0,"2019/05/16 06:50:00",F_T++NIL_MG_RECL_R6,-10004.96863,0,0,"2019/05/16 06:00:26",,"2016/12/02 00:00:00",1,-38.33
D,P5MIN,CONSTRAINTSOLUTION,6,"2019/05/16 06:05:00",0,"2019/05/16 06:50:00",F_T++NIL_MG_RECL_R60,-9906.61642,0,0,"2019/05/16 06:00:26",,"2016/12/02 00:00:00",1,-22.91
D,P5MIN,CONSTRAINTSOLUTION,6,"2019/05/16 06:05:00",0,"2019/05/16 06:50:00",F_T++NIL_ML_L5,100.17683,0,0,"2019/05/16 06:00:26",,"2016/04/12 00:00:00",1,174
D,P5MIN,CONSTRAINTSOLUTION,6,"2019/05/16 06:05:00",0,"2019/05/16 06:50:00",F_T++NIL_ML_L6,87.94653,0,0,"2019/05/16 06:00:26",,"2016/04/12 00:00:00",1,100
D,P5MIN,CONSTRAINTSOLUTION,6,"2019/05/16 06:05:00",0,"2019/05/16 06:50:00",F_T++NIL_ML_L60,105.03774,0.01,0,"2019/05/16 06:00:26",,"2016/04/12 00:00:00",1,105.04
D,P5MIN,CONSTRAINTSOLUTION,6,"2019/05/16 06:05:00",0,"2019/05/16 06:50:00",F_T++NIL_TL_L5_DS,-9832.99688,0,0,"2019/05/16 06:00:26",,"2016/10/25 00:00:00",1,174
D,P5MIN,CONSTRAINTSOLUTION,6,"2019/05/16 06:05:00",0,"2019/05/16 06:50:00",F_T++NIL_TL_L60_DS,-9832.93202,0,0,"2019/05/16 06:00:26",,"2016/10/25 00:00:00",1,105.04
D,P5MIN,CONSTRAINTSOLUTION,6,"2019/05/16 06:05:00",0,"2019/05/16 06:50:00",F_T++NIL_TL_L6_DS,-9821.87712,0,0,"2019/05/16 06:00:26",,"2016/10/25 00:00:00",1,100
D,P5MIN,CONSTRAINTSOLUTION,6,"2019/05/16 06:05:00",0,"2019/05/16 06:50:00",F_T++NIL_WF_TG_R5,-10029.53893,0,0,"2019/05/16 06:00:26",,"2016/04/12 00:00:00",1,-36.43
D,P5MIN,CONSTRAINTSOLUTION,6,"2019/05/16 06:05:00",0,"2019/05/16 06:50:00",F_T++NIL_WF_TG_R6,-10130.32953,0,0,"2019/05/16 06:00:26",,"2016/04/12 00:00:00",1,-38.33
D,P5MIN,CONSTRAINTSOLUTION,6,"2019/05/16 06:05:00",0,"2019/05/16 06:50:00",F_T++NIL_WF_TG_R60,-9964.87471,0,0,"2019/05/16 06:00:26",,"2016/04/12 00:00:00",1,-22.91
D,P5MIN,CONSTRAINTSOLUTION,6,"2019/05/16 06:05:00",0,"2019/05/16 06:50:00",F_T++RREG_0050,-428,0,0,"2019/05/16 06:00:26",,"2015/01/29 00:00:00",1,-50
D,P5MIN,CONSTRAINTSOLUTION,6,"2019/05/16 06:05:00",0,"2019/05/16 06:50:00",F_T+LREG_0050,-9950,0,0,"2019/05/16 06:00:26",,"2015/01/29 00:00:00",1,44
D,P5MIN,CONSTRAINTSOLUTION,6,"2019/05/16 06:05:00",0,"2019/05/16 06:50:00",F_T+NIL_BB_TG_R5,-49.9999,0,0,"2019/05/16 06:00:26",,"2016/04/12 00:00:00",1,63.57
D,P5MIN,CONSTRAINTSOLUTION,6,"2019/05/16 06:05:00",0,"2019/05/16 06:50:00",F_T+NIL_BB_TG_R6,0.0001,0,0,"2019/05/16 06:00:26",,"2016/04/12 00:00:00",1,61.67
D,P5MIN,CONSTRAINTSOLUTION,6,"2019/05/16 06:05:00",0,"2019/05/16 06:50:00",F_T+NIL_BB_TG_R60,0.0001,0,0,"2019/05/16 06:00:26",,"2016/04/12 00:00:00",1,77.09
D,P5MIN,CONSTRAINTSOLUTION,6,"2019/05/16 06:05:00",0,"2019/05/16 06:50:00",F_T+NIL_MG_R5,63.57223,2,0,"2019/05/16 06:00:26",,"2016/04/12 00:00:00",1,63.57
D,P5MIN,CONSTRAINTSOLUTION,6,"2019/05/16 06:05:00",0,"2019/05/16 06:50:00",F_T+NIL_MG_R6,61.66973,0.49,0,"2019/05/16 06:00:26",,"2016/04/12 00:00:00",1,61.67
D,P5MIN,CONSTRAINTSOLUTION,6,"2019/05/16 06:05:00",0,"2019/05/16 06:50:00",F_T+NIL_MG_R60,77.08714,4,0,"2019/05/16 06:00:26",,"2016/04/12 00:00:00",1,77.09
D,P5MIN,CONSTRAINTSOLUTION,6,"2019/05/16 06:05:00",0,"2019/05/16 06:50:00",F_T+NIL_MG_RECL_R5,51.85029,0,0,"2019/05/16 06:00:26",,"2016/12/02 00:00:00",1,63.57
D,P5MIN,CONSTRAINTSOLUTION,6,"2019/05/16 06:05:00",0,"2019/05/16 06:50:00",F_T+NIL_MG_RECL_R6,48.66846,0,0,"2019/05/16 06:00:26",,"2016/12/02 00:00:00",1,61.67
D,P5MIN,CONSTRAINTSOLUTION,6,"2019/05/16 06:05:00",0,"2019/05/16 06:50:00",F_T+NIL_MG_RECL_R60,60.83555,0,0,"2019/05/16 06:00:26",,"2016/12/02 00:00:00",1,77.09
D,P5MIN,CONSTRAINTSOLUTION,6,"2019/05/16 06:05:00",0,"2019/05/16 06:50:00",F_T+NIL_ML_L5,-9935.535,0,0,"2019/05/16 06:00:26",,"2016/04/12 00:00:00",1,74
D,P5MIN,CONSTRAINTSOLUTION,6,"2019/05/16 06:05:00",0,"2019/05/16 06:50:00",F_T+NIL_ML_L6,-9939.87486,0,0,"2019/05/16 06:00:26",,"2016/04/12 00:00:00",1,0
D,P5MIN,CONSTRAINTSOLUTION,6,"2019/05/16 06:05:00",0,"2019/05/16 06:50:00",F_T+NIL_ML_L60,-9924.84357,0,0,"2019/05/16 06:00:26",,"2016/04/12 00:00:00",1,5.04
D,P5MIN,CONSTRAINTSOLUTION,6,"2019/05/16 06:05:00",0,"2019/05/16 06:50:00",F_T+NIL_TL_L5_DS,-19883.99803,0,0,"2019/05/16 06:00:26",,"2016/10/25 00:00:00",1,74
D,P5MIN,CONSTRAINTSOLUTION,6,"2019/05/16 06:05:00",0,"2019/05/16 06:50:00",F_T+NIL_TL_L60_DS,-19859.5363,0,0,"2019/05/16 06:00:26",,"2016/10/25 00:00:00",1,5.04
D,P5MIN,CONSTRAINTSOLUTION,6,"2019/05/16 06:05:00",0,"2019/05/16 06:50:00",F_T+NIL_TL_L6_DS,-19887.62904,0,0,"2019/05/16 06:00:26",,"2016/10/25 00:00:00",1,0
D,P5MIN,CONSTRAINTSOLUTION,6,"2019/05/16 06:05:00",0,"2019/05/16 06:50:00",F_T+NIL_WF_TG_R5,-30.60733,0,0,"2019/05/16 06:00:26",,"2016/04/12 00:00:00",1,63.57
D,P5MIN,CONSTRAINTSOLUTION,6,"2019/05/16 06:05:00",0,"2019/05/16 06:50:00",F_T+NIL_WF_TG_R6,0.0001,0,0,"2019/05/16 06:00:26",,"2016/04/12 00:00:00",1,61.67
D,P5MIN,CONSTRAINTSOLUTION,6,"2019/05/16 06:05:00",0,"2019/05/16 06:50:00",F_T+NIL_WF_TG_R60,0.0001,0,0,"2019/05/16 06:00:26",,"2016/04/12 00:00:00",1,77.09
D,P5MIN,CONSTRAINTSOLUTION,6,"2019/05/16 06:05:00",0,"2019/05/16 06:50:00",F_T+RREG_0050,-9950,0,0,"2019/05/16 06:00:26",,"2015/01/29 00:00:00",1,50
D,P5MIN,CONSTRAINTSOLUTION,6,"2019/05/16 06:05:00",0,"2019/05/16 06:50:00",F_TASCAP_LREG_0190,140,0,0,"2019/05/16 06:00:26",,"2019/04/16 00:00:00",1,146
D,P5MIN,CONSTRAINTSOLUTION,6,"2019/05/16 06:05:00",0,"2019/05/16 06:50:00",F_TASCAP_RREG_0200,150,0.04962,0,"2019/05/16 06:00:26",,"2019/03/18 00:00:00",1,150
D,P5MIN,CONSTRAINTSOLUTION,6,"2019/05/16 06:05:00",0,"2019/05/16 06:50:00",F_T_NIL_MINP_R6,35,0.96,0,"2019/05/16 06:00:26",,"2018/04/30 00:00:00",1,35.00027
D,P5MIN,CONSTRAINTSOLUTION,6,"2019/05/16 06:05:00",0,"2019/05/16 06:50:00",N::Q_BWLD_KC,1275.67312,0,0,"2019/05/16 06:00:26",,"2018/01/19 00:00:00",1,255.68218
D,P5MIN,CONSTRAINTSOLUTION,6,"2019/05/16 06:05:00",0,"2019/05/16 06:50:00",N::Q_BWLD_LDMU,701.13643,0,0,"2019/05/16 06:00:26",,"2018/01/19 00:00:00",1,-787.45572
D,P5MIN,CONSTRAINTSOLUTION,6,"2019/05/16 06:05:00",0,"2019/05/16 06:50:00",N::Q_BWLD_LDTW,614.50594,0,0,"2019/05/16 06:00:26",,"2018/01/19 00:00:00",1,-791.32472
D,P5MIN,CONSTRAINTSOLUTION,6,"2019/05/16 06:05:00",0,"2019/05/16 06:50:00",N::Q_BWLD_TNT,1313.44266,0,0,"2019/05/16 06:00:26",,"2018/01/19 00:00:00",1,-69.52442
D,P5MIN,CONSTRAINTSOLUTION,6,"2019/05/16 06:05:00",0,"2019/05/16 06:50:00",N::Q_NIL_KC,1355.67312,0,0,"2019/05/16 06:00:26",,"2017/12/06 00:00:00",1,255.68218
D,P5MIN,CONSTRAINTSOLUTION,6,"2019/05/16 06:05:00",0,"2019/05/16 06:50:00",N::Q_NIL_LDMU,781.13643,0,0,"2019/05/16 06:00:26",,"2017/12/06 00:00:00",1,-787.45572
D,P5MIN,CONSTRAINTSOLUTION,6,"2019/05/16 06:05:00",0,"2019/05/16 06:50:00",N::Q_NIL_LDTW,694.50594,0,0,"2019/05/16 06:00:26",,"2017/12/06 00:00:00",1,-791.32472
D,P5MIN,CONSTRAINTSOLUTION,6,"2019/05/16 06:05:00",0,"2019/05/16 06:50:00",N::Q_NIL_TNT,1393.44266,0,0,"2019/05/16 06:00:26",,"2017/12/06 00:00:00",1,-69.52442
D,P5MIN,CONSTRAINTSOLUTION,6,"2019/05/16 06:05:00",0,"2019/05/16 06:50:00",N::V_NIL_BWSW,1510.59418,0,0,"2019/05/16 06:00:26",,"2018/06/26 00:00:00",1,-261.72511
D,P5MIN,CONSTRAINTSOLUTION,6,"2019/05/16 06:05:00",0,"2019/05/16 06:50:00",N::V_NIL_MSDD,1462.35786,0,0,"2019/05/16 06:00:26",,"2018/06/26 00:00:00",1,-204.66786
D,P5MIN,CONSTRAINTSOLUTION,6,"2019/05/16 06:05:00",0,"2019/05/16 06:50:00",N::V_NIL_UTMS,1657.79053,0,0,"2019/05/16 06:00:26",,"2018/06/26 00:00:00",1,-261.72511
D,P5MIN,CONSTRAINTSOLUTION,6,"2019/05/16 06:05:00",0,"2019/05/16 06:50:00",N:V_NIL_BWRG,1197.45878,0,0,"2019/05/16 06:00:26",,"2018/06/26 00:00:00",1,-261.72511
D,P5MIN,CONSTRAINTSOLUTION,6,"2019/05/16 06:05:00",0,"2019/05/16 06:50:00",N:V_NIL_BYYS,1640.80106,0,0,"2019/05/16 06:00:26",,"2018/06/26 00:00:00",1,-261.72511
D,P5MIN,CONSTRAINTSOLUTION,6,"2019/05/16 06:05:00",0,"2019/05/16 06:50:00",N>>N-BWLD_ONE_A,1194.87834,0,0,"2019/05/16 06:00:26",,"2019/03/04 00:00:00",1,-1410.74449
D,P5MIN,CONSTRAINTSOLUTION,6,"2019/05/16 06:05:00",0,"2019/05/16 06:50:00",N>>N-BWLD_ONE_B,2877.24225,0,0,"2019/05/16 06:00:26",,"2019/03/04 00:00:00",1,1410.74449
D,P5MIN,CONSTRAINTSOLUTION,6,"2019/05/16 06:05:00",0,"2019/05/16 06:50:00",N>>N-BWLD_ONE_C,1850.30968,0,0,"2019/05/16 06:00:26",,"2019/03/04 00:00:00",1,-939.60407
D,P5MIN,CONSTRAINTSOLUTION,6,"2019/05/16 06:05:00",0,"2019/05/16 06:50:00",N>>N-BWLD_ONE_D,2659.0731,0,0,"2019/05/16 06:00:26",,"2019/03/04 00:00:00",1,1487.9572
D,P5MIN,CONSTRAINTSOLUTION,6,"2019/05/16 06:05:00",0,"2019/05/16 06:50:00",N>>N-BWLD_ONE_E,2717.42683,0,0,"2019/05/16 06:00:26",,"2019/03/04 00:00:00",1,1478.92122
D,P5MIN,CONSTRAINTSOLUTION,6,"2019/05/16 06:05:00",0,"2019/05/16 06:50:00",N>>N-BYSW_A1_15M,3721.5002,0,0,"2019/05/16 06:00:26",,"2019/03/04 00:00:00",1,663.61201
D,P5MIN,CONSTRAINTSOLUTION,6,"2019/05/16 06:05:00",0,"2019/05/16 06:50:00",N>>N-BYSW_A2_15M,1227.22672,0,0,"2019/05/16 06:00:26",,"2019/03/04 00:00:00",1,-663.61201
D,P5MIN,CONSTRAINTSOLUTION,6,"2019/05/16 06:05:00",0,"2019/05/16 06:50:00",N>>N-BYSW_B,3719.9399,0,0,"2019/05/16 06:00:26",,"2019/03/04 00:00:00",1,1493.96954
D,P5MIN,CONSTRAINTSOLUTION,6,"2019/05/16 06:05:00",0,"2019/05/16 06:50:00",N>>N-BYSW_C,3914.09817,0,0,"2019/05/16 06:00:26",,"2019/03/04 00:00:00",1,2172.51654
D,P5MIN,CONSTRAINTSOLUTION,6,"2019/05/16 06:05:00",0,"2019/05/16 06:50:00",N>>N-BYSW_G1_15M,3925.20252,0,0,"2019/05/16 06:00:26",,"2019/03/04 00:00:00",1,663.1531
D,P5MIN,CONSTRAINTSOLUTION,6,"2019/05/16 06:05:00",0,"2019/05/16 06:50:00",N>>N-BYSW_G2_15M,1507.79621,0,0,"2019/05/16 06:00:26",,"2019/03/04 00:00:00",1,-663.1531
D,P5MIN,CONSTRAINTSOLUTION,6,"2019/05/16 06:05:00",0,"2019/05/16 06:50:00",N>>N-BYSW_H_15M,3924.93558,0,0,"2019/05/16 06:00:26",,"2019/03/04 00:00:00",1,663.1531
D,P5MIN,CONSTRAINTSOLUTION,6,"2019/05/16 06:05:00",0,"2019/05/16 06:50:00",N>>N-BYSW_J,3768.36487,0,0,"2019/05/16 06:00:26",,"2019/03/04 00:00:00",1,1503.94033
D,P5MIN,CONSTRAINTSOLUTION,6,"2019/05/16 06:05:00",0,"2019/05/16 06:50:00",N>>N-BYSW_K,3629.94313,0,0,"2019/05/16 06:00:26",,"2019/03/04 00:00:00",1,1262.1835
D,P5MIN,CONSTRAINTSOLUTION,6,"2019/05/16 06:05:00",0,"2019/05/16 06:50:00",N>>N-KC_TX_01,2973.09759,0,0,"2019/05/16 06:00:26",,"2019/03/04 00:00:00",1,2579.71997
D,P5MIN,CONSTRAINTSOLUTION,6,"2019/05/16 06:05:00",0,"2019/05/16 06:50:00",N>>N-KC_TX_02,3899.59201,0,0,"2019/05/16 06:00:26",,"2019/03/04 00:00:00",1,2885.32204
D,P5MIN,CONSTRAINTSOLUTION,6,"2019/05/16 06:05:00",0,"2019/05/16 06:50:00",N>>N-KC_TX_03,3907.95486,0,0,"2019/05/16 06:00:26",,"2019/03/04 00:00:00",1,2934.35629
D,P5MIN,CONSTRAINTSOLUTION,6,"2019/05/16 06:05:00",0,"2019/05/16 06:50:00",N>>N-KC_TX_05,3912.31548,0,0,"2019/05/16 06:00:26",,"2019/03/04 00:00:00",1,2771.26855
D,P5MIN,CONSTRAINTSOLUTION,6,"2019/05/16 06:05:00",0,"2019/05/16 06:50:00",N>>N-KC_TX_06,3831.79977,0,0,"2019/05/16 06:00:26",,"2019/03/04 00:00:00",1,3195.23608
D,P5MIN,CONSTRAINTSOLUTION,6,"2019/05/16 06:05:00",0,"2019/05/16 06:50:00",N>>N-NIL_01N,2220.93032,0,0,"2019/05/16 06:00:26",,"2019/03/01 00:00:00",1,337.93382
D,P5MIN,CONSTRAINTSOLUTION,6,"2019/05/16 06:05:00",0,"2019/05/16 06:50:00",N>>N-NIL_01S,547.82231,0,0,"2019/05/16 06:00:26",,"2019/03/01 00:00:00",1,-337.93382
D,P5MIN,CONSTRAINTSOLUTION,6,"2019/05/16 06:05:00",0,"2019/05/16 06:50:00",N>>N-NIL_03,547.37314,0,0,"2019/05/16 06:00:26",,"2019/03/01 00:00:00",1,-337.93382
D,P5MIN,CONSTRAINTSOLUTION,6,"2019/05/16 06:05:00",0,"2019/05/16 06:50:00",N>>N-NIL_17N,3983.29045,0,0,"2019/05/16 06:00:26",,"2019/03/01 00:00:00",1,659.59878
D,P5MIN,CONSTRAINTSOLUTION,6,"2019/05/16 06:05:00",0,"2019/05/16 06:50:00",N>>N-NIL_17S,1479.4995,0,0,"2019/05/16 06:00:26",,"2019/03/01 00:00:00",1,-659.59878
D,P5MIN,CONSTRAINTSOLUTION,6,"2019/05/16 06:05:00",0,"2019/05/16 06:50:00",N>>N-NIL_1A,1297.11437,0,0,"2019/05/16 06:00:26",,"2019/02/28 00:00:00",1,-1431.67999
D,P5MIN,CONSTRAINTSOLUTION,6,"2019/05/16 06:05:00",0,"2019/05/16 06:50:00",N>>N-NIL_1E_OPENED,5919.36059,0,0,"2019/05/16 06:00:26",,"2019/02/28 00:00:00",1,1623.85342
D,P5MIN,CONSTRAINTSOLUTION,6,"2019/05/16 06:05:00",0,"2019/05/16 06:50:00",N>>N-NIL_1G,4605.41875,0,0,"2019/05/16 06:00:26",,"2019/02/28 00:00:00",1,3532.46608
D,P5MIN,CONSTRAINTSOLUTION,6,"2019/05/16 06:05:00",0,"2019/05/16 06:50:00",N>>N-NIL_1N_OPENED,6529.53981,0,0,"2019/05/16 06:00:26",,"2019/02/28 00:00:00",1,1617.74745
D,P5MIN,CONSTRAINTSOLUTION,6,"2019/05/16 06:05:00",0,"2019/05/16 06:50:00",N>>N-NIL_1O,7061.62994,0,0,"2019/05/16 06:00:26",,"2019/02/28 00:00:00",1,2219.17511
D,P5MIN,CONSTRAINTSOLUTION,6,"2019/05/16 06:05:00",0,"2019/05/16 06:50:00",N>>N-NIL_1R,4458.33584,0,0,"2019/05/16 06:00:26",,"2019/02/28 00:00:00",1,3258.67458
D,P5MIN,CONSTRAINTSOLUTION,6,"2019/05/16 06:05:00",0,"2019/05/16 06:50:00",N>>N-NIL_1S,6879.69692,0,0,"2019/05/16 06:00:26",,"2019/02/28 00:00:00",1,1627.65708
D,P5MIN,CONSTRAINTSOLUTION,6,"2019/05/16 06:05:00",0,"2019/05/16 06:50:00",N>>N-NIL_1T,8080.02609,0,0,"2019/05/16 06:00:26",,"2019/02/28 00:00:00",1,1613.21415
D,P5MIN,CONSTRAINTSOLUTION,6,"2019/05/16 06:05:00",0,"2019/05/16 06:50:00",N>>N-NIL_1WN,3774.44072,0,0,"2019/05/16 06:00:26",,"2019/03/01 00:00:00",1,660.54011
D,P5MIN,CONSTRAINTSOLUTION,6,"2019/05/16 06:05:00",0,"2019/05/16 06:50:00",N>>N-NIL_1WS,1208.86169,0,0,"2019/05/16 06:00:26",,"2019/03/01 00:00:00",1,-660.54011
D,P5MIN,CONSTRAINTSOLUTION,6,"2019/05/16 06:05:00",0,"2019/05/16 06:50:00",N>>N-NIL_1XN,3722.0123,0,0,"2019/05/16 06:00:26",,"2019/03/01 00:00:00",1,660.54155
D,P5MIN,CONSTRAINTSOLUTION,6,"2019/05/16 06:05:00",0,"2019/05/16 06:50:00",N>>N-NIL_1XS,1155.97967,0,0,"2019/05/16 06:00:26",,"2019/03/01 00:00:00",1,-660.54155
D,P5MIN,CONSTRAINTSOLUTION,6,"2019/05/16 06:05:00",0,"2019/05/16 06:50:00",N>>N-NIL_1Y,3983.61479,0,0,"2019/05/16 06:00:26",,"2019/03/01 00:00:00",1,659.59695
D,P5MIN,CONSTRAINTSOLUTION,6,"2019/05/16 06:05:00",0,"2019/05/16 06:50:00",N>>N-NIL_1YS,1479.76256,0,0,"2019/05/16 06:00:26",,"2019/03/01 00:00:00",1,-659.59695
D,P5MIN,CONSTRAINTSOLUTION,6,"2019/05/16 06:05:00",0,"2019/05/16 06:50:00",N>>N-NIL_1Z,4088.66914,0,0,"2019/05/16 06:00:26",,"2019/03/01 00:00:00",1,659.59695
D,P5MIN,CONSTRAINTSOLUTION,6,"2019/05/16 06:05:00",0,"2019/05/16 06:50:00",N>>N-NIL_1ZS,1585.25933,0,0,"2019/05/16 06:00:26",,"2019/03/01 00:00:00",1,-659.59695
D,P5MIN,CONSTRAINTSOLUTION,6,"2019/05/16 06:05:00",0,"2019/05/16 06:50:00",N>>N-NIL_23N,4088.37279,0,0,"2019/05/16 06:00:26",,"2019/03/01 00:00:00",1,659.59695
D,P5MIN,CONSTRAINTSOLUTION,6,"2019/05/16 06:05:00",0,"2019/05/16 06:50:00",N>>N-NIL_23S,1617.93846,0,0,"2019/05/16 06:00:26",,"2019/01/11 00:00:00",1,-659.52761
D,P5MIN,CONSTRAINTSOLUTION,6,"2019/05/16 06:05:00",0,"2019/05/16 06:50:00",N>>N-NIL_28,4344.64309,0,0,"2019/05/16 06:00:26",,"2019/02/28 00:00:00",1,1033.44434
D,P5MIN,CONSTRAINTSOLUTION,6,"2019/05/16 06:05:00",0,"2019/05/16 06:50:00",N>>N-NIL_29N,3775.28117,0,0,"2019/05/16 06:00:26",,"2019/03/01 00:00:00",1,630.98481
D,P5MIN,CONSTRAINTSOLUTION,6,"2019/05/16 06:05:00",0,"2019/05/16 06:50:00",N>>N-NIL_29S,1074.48314,0,0,"2019/05/16 06:00:26",,"2019/03/01 00:00:00",1,-660.71187
D,P5MIN,CONSTRAINTSOLUTION,6,"2019/05/16 06:05:00",0,"2019/05/16 06:50:00",N>>N-NIL_31N,3869.20663,0,0,"2019/05/16 06:00:26",,"2019/03/01 00:00:00",1,630.98481
D,P5MIN,CONSTRAINTSOLUTION,6,"2019/05/16 06:05:00",0,"2019/05/16 06:50:00",N>>N-NIL_31S,1163.79728,0,0,"2019/05/16 06:00:26",,"2019/03/01 00:00:00",1,-660.71187
D,P5MIN,CONSTRAINTSOLUTION,6,"2019/05/16 06:05:00",0,"2019/05/16 06:50:00",N>>N-NIL_36,2874.04207,0,0,"2019/05/16 06:00:26",,"2019/05/06 00:00:00",1,108.29789
D,P5MIN,CONSTRAINTSOLUTION,6,"2019/05/16 06:05:00",0,"2019/05/16 06:50:00",N>>N-NIL_45,1982.91649,0,0,"2019/05/16 06:00:26",,"2019/03/01 00:00:00",1,333.15934
D,P5MIN,CONSTRAINTSOLUTION,6,"2019/05/16 06:05:00",0,"2019/05/16 06:50:00",N>>N-NIL_46,958.44033,0,0,"2019/05/16 06:00:26",,"2019/03/01 00:00:00",1,-196.82368
D,P5MIN,CONSTRAINTSOLUTION,6,"2019/05/16 06:05:00",0,"2019/05/16 06:50:00",N>>N-NIL_47,1683.99314,0,0,"2019/05/16 06:00:26",,"2019/03/01 00:00:00",1,195.10413
D,P5MIN,CONSTRAINTSOLUTION,6,"2019/05/16 06:05:00",0,"2019/05/16 06:50:00",N>>N-NIL_48,1686.19984,0,0,"2019/05/16 06:00:26",,"2019/03/01 00:00:00",1,196.82368
D,P5MIN,CONSTRAINTSOLUTION,6,"2019/05/16 06:05:00",0,"2019/05/16 06:50:00",N>>N-NIL_49,962.8617,0,0,"2019/05/16 06:00:26",,"2019/03/01 00:00:00",1,-195.10413
D,P5MIN,CONSTRAINTSOLUTION,6,"2019/05/16 06:05:00",0,"2019/05/16 06:50:00",N>>N-NIL_56,2028.5732,0,0,"2019/05/16 06:00:26",,"2019/03/01 00:00:00",1,360.27719
D,P5MIN,CONSTRAINTSOLUTION,6,"2019/05/16 06:05:00",0,"2019/05/16 06:50:00",N>>N-NIL_57,953.7176,0,0,"2019/05/16 06:00:26",,"2019/03/01 00:00:00",1,-202.80773
D,P5MIN,CONSTRAINTSOLUTION,6,"2019/05/16 06:05:00",0,"2019/05/16 06:50:00",N>>N-NIL_58,6154.98428,0,0,"2019/05/16 06:00:26",,"2019/02/28 00:00:00",1,1274.87762
D,P5MIN,CONSTRAINTSOLUTION,6,"2019/05/16 06:05:00",0,"2019/05/16 06:50:00",N>>N-NIL_59,6158.20576,0,0,"2019/05/16 06:00:26",,"2019/02/28 00:00:00",1,1274.87762
D,P5MIN,CONSTRAINTSOLUTION,6,"2019/05/16 06:05:00",0,"2019/05/16 06:50:00",N>>N-NIL_60,1982.76953,0,0,"2019/05/16 06:00:26",,"2019/03/01 00:00:00",1,333.18031
D,P5MIN,CONSTRAINTSOLUTION,6,"2019/05/16 06:05:00",0,"2019/05/16 06:50:00",N>>N-NIL_61,2024.20289,0,0,"2019/05/16 06:00:26",,"2019/03/01 00:00:00",1,356.59459
D,P5MIN,CONSTRAINTSOLUTION,6,"2019/05/16 06:05:00",0,"2019/05/16 06:50:00",N>>N-NIL_62,1659.37621,0,0,"2019/05/16 06:00:26",,"2019/03/01 00:00:00",1,177.66171
D,P5MIN,CONSTRAINTSOLUTION,6,"2019/05/16 06:05:00",0,"2019/05/16 06:50:00",N>>N-NIL_63,1671.91002,0,0,"2019/05/16 06:00:26",,"2019/03/01 00:00:00",1,180.2874
D,P5MIN,CONSTRAINTSOLUTION,6,"2019/05/16 06:05:00",0,"2019/05/16 06:50:00",N>>N-NIL_64,5953.41204,0,0,"2019/05/16 06:00:26",,"2019/02/28 00:00:00",1,2824.95971
D,P5MIN,CONSTRAINTSOLUTION,6,"2019/05/16 06:05:00",0,"2019/05/16 06:50:00",N>>N-NIL_65,5699.18148,0,0,"2019/05/16 06:00:26",,"2019/02/28 00:00:00",1,2672.38696
D,P5MIN,CONSTRAINTSOLUTION,6,"2019/05/16 06:05:00",0,"2019/05/16 06:50:00",N>>N-NIL_8E_8C,1322,0,0,"2019/05/16 06:00:26",,"2019/01/11 00:00:00",1,842.12162
D,P5MIN,CONSTRAINTSOLUTION,6,"2019/05/16 06:05:00",0,"2019/05/16 06:50:00",N>>N-NIL_996_IN,616.7001,0,0,"2019/05/16 06:00:26",,"2019/05/06 00:00:00",1,57.09299
D,P5MIN,CONSTRAINTSOLUTION,6,"2019/05/16 06:05:00",0,"2019/05/16 06:50:00",N>>N-NIL_DPTX,456.20167,0,0,"2019/05/16 06:00:26",,"2019/05/06 00:00:00",1,-55.51415
D,P5MIN,CONSTRAINTSOLUTION,6,"2019/05/16 06:05:00",0,"2019/05/16 06:50:00",N>>N-NIL_DPTX_2,856.71512,0,0,"2019/05/16 06:00:26",,"2019/05/06 00:00:00",1,55.51415
D,P5MIN,CONSTRAINTSOLUTION,6,"2019/05/16 06:05:00",0,"2019/05/16 06:50:00",N>>N-NIL_H01,3404.408,0,0,"2019/05/16 06:00:26",,"2019/03/01 00:00:00",1,515.53758
D,P5MIN,CONSTRAINTSOLUTION,6,"2019/05/16 06:05:00",0,"2019/05/16 06:50:00",N>>N-NIL_H02,4049.3358,0,0,"2019/05/16 06:00:26",,"2019/01/11 00:00:00",1,537.9878
D,P5MIN,CONSTRAINTSOLUTION,6,"2019/05/16 06:05:00",0,"2019/05/16 06:50:00",N>>N-NIL_H03,3901.19039,0,0,"2019/05/16 06:00:26",,"2019/01/11 00:00:00",1,472.51104
D,P5MIN,CONSTRAINTSOLUTION,6,"2019/05/16 06:05:00",0,"2019/05/16 06:50:00",N>>N-NIL_H051,1220.59754,0,0,"2019/05/16 06:00:26",,"2019/05/06 00:00:00",1,69.84528
D,P5MIN,CONSTRAINTSOLUTION,6,"2019/05/16 06:05:00",0,"2019/05/16 06:50:00",N>>N-NIL_H060,1693.35138,0,0,"2019/05/16 06:00:26",,"2019/05/06 00:00:00",1,-88.64446
D,P5MIN,CONSTRAINTSOLUTION,6,"2019/05/16 06:05:00",0,"2019/05/16 06:50:00",N>>N-NIL_H07,3786.34538,0,0,"2019/05/16 06:00:26",,"2019/03/01 00:00:00",1,417.57107
D,P5MIN,CONSTRAINTSOLUTION,6,"2019/05/16 06:05:00",0,"2019/05/16 06:50:00",N>>N-NIL_HE,3316.71706,0,0,"2019/05/16 06:00:26",,"2019/01/11 00:00:00",1,-77.47199
D,P5MIN,CONSTRAINTSOLUTION,6,"2019/05/16 06:05:00",0,"2019/05/16 06:50:00",N>>N-NIL_HF,3142.2169,0,0,"2019/05/16 06:00:26",,"2019/05/06 00:00:00",1,631.90653
D,P5MIN,CONSTRAINTSOLUTION,6,"2019/05/16 06:05:00",0,"2019/05/16 06:50:00",N>>N-NIL_HI_15M,3568.79555,0,0,"2019/05/16 06:00:26",,"2019/05/06 00:00:00",1,528.58277
D,P5MIN,CONSTRAINTSOLUTION,6,"2019/05/16 06:05:00",0,"2019/05/16 06:50:00",N>>N-NIL_HK_15M,3723.24266,0,0,"2019/05/16 06:00:26",,"2019/03/01 00:00:00",1,545.40046
D,P5MIN,CONSTRAINTSOLUTION,6,"2019/05/16 06:05:00",0,"2019/05/16 06:50:00",N>>N-NIL_HL,3683.21641,0,0,"2019/05/16 06:00:26",,"2019/05/06 00:00:00",1,-416.99538
D,P5MIN,CONSTRAINTSOLUTION,6,"2019/05/16 06:05:00",0,"2019/05/16 06:50:00",N>>N-NIL_HM,3236.14168,0,0,"2019/05/16 06:00:26",,"2019/05/06 00:00:00",1,416.99538
D,P5MIN,CONSTRAINTSOLUTION,6,"2019/05/16 06:05:00",0,"2019/05/16 06:50:00",N>>N-NIL_HU_15M,3620.38802,0,0,"2019/05/16 06:00:26",,"2019/05/06 00:00:00",1,523.64726
D,P5MIN,CONSTRAINTSOLUTION,6,"2019/05/16 06:05:00",0,"2019/05/16 06:50:00",N>>N-NIL__2_OPENED,611.50798,0,0,"2019/05/16 06:00:26",,"2019/01/11 00:00:00",1,-909.43877
D,P5MIN,CONSTRAINTSOLUTION,6,"2019/05/16 06:05:00",0,"2019/05/16 06:50:00",N>>N-NIL__3_OPENED,608.62047,0,0,"2019/05/16 06:00:26",,"2019/01/11 00:00:00",1,-909.43877
D,P5MIN,CONSTRAINTSOLUTION,6,"2019/05/16 06:05:00",0,"2019/05/16 06:50:00",N>>N-NIL__A_15M,3395.30408,0,0,"2019/05/16 06:00:26",,"2019/05/06 00:00:00",1,517.59641
D,P5MIN,CONSTRAINTSOLUTION,6,"2019/05/16 06:05:00",0,"2019/05/16 06:50:00",N>>N-NIL__B_15M,2987.94073,0,0,"2019/05/16 06:00:26",,"2019/05/06 00:00:00",1,551.42463
D,P5MIN,CONSTRAINTSOLUTION,6,"2019/05/16 06:05:00",0,"2019/05/16 06:50:00",N>>N-NIL__C_15M,3309.48743,0,0,"2019/05/16 06:00:26",,"2019/01/11 00:00:00",1,459.31501
D,P5MIN,CONSTRAINTSOLUTION,6,"2019/05/16 06:05:00",0,"2019/05/16 06:50:00",N>>N-NIL__D_15M,3239.89388,0,0,"2019/05/16 06:00:26",,"2019/03/01 00:00:00",1,536.09722
D,P5MIN,CONSTRAINTSOLUTION,6,"2019/05/16 06:05:00",0,"2019/05/16 06:50:00",N>>N-NIL__E_15M,2829.2574,0,0,"2019/05/16 06:00:26",,"2019/03/01 00:00:00",1,521.34401
D,P5MIN,CONSTRAINTSOLUTION,6,"2019/05/16 06:05:00",0,"2019/05/16 06:50:00",N>>N-NIL__F_15M,3275.87578,0,0,"2019/05/16 06:00:26",,"2019/01/11 00:00:00",1,532.53904
D,P5MIN,CONSTRAINTSOLUTION,6,"2019/05/16 06:05:00",0,"2019/05/16 06:50:00",N>>N-NIL__G_15M,3617.49263,0,0,"2019/05/16 06:00:26",,"2019/01/11 00:00:00",1,561.76317
D,P5MIN,CONSTRAINTSOLUTION,6,"2019/05/16 06:05:00",0,"2019/05/16 06:50:00",N>>N-NIL__H_15M,3151.53586,0,0,"2019/05/16 06:00:26",,"2019/03/01 00:00:00",1,434.26919
D,P5MIN,CONSTRAINTSOLUTION,6,"2019/05/16 06:05:00",0,"2019/05/16 06:50:00",N>>N-NIL__K,5781.2717,0,0,"2019/05/16 06:00:26",,"2019/02/28 00:00:00",1,1982.09757
D,P5MIN,CONSTRAINTSOLUTION,6,"2019/05/16 06:05:00",0,"2019/05/16 06:50:00",N>>N-NIL__L,5809.36162,0,0,"2019/05/16 06:00:26",,"2019/02/28 00:00:00",1,1982.09844
D,P5MIN,CONSTRAINTSOLUTION,6,"2019/05/16 06:05:00",0,"2019/05/16 06:50:00",N>>N-NIL__M,4401.86695,0,0,"2019/05/16 06:00:26",,"2019/02/28 00:00:00",1,1034.15497
D,P5MIN,CONSTRAINTSOLUTION,6,"2019/05/16 06:05:00",0,"2019/05/16 06:50:00",N>>N-NIL__N,6212.96032,0,0,"2019/05/16 06:00:26",,"2019/02/28 00:00:00",1,1234.39434
D,P5MIN,CONSTRAINTSOLUTION,6,"2019/05/16 06:05:00",0,"2019/05/16 06:50:00",N>>N-NIL__O,6215.85728,0,0,"2019/05/16 06:00:26",,"2019/02/28 00:00:00",1,1234.45268
D,P5MIN,CONSTRAINTSOLUTION,6,"2019/05/16 06:05:00",0,"2019/05/16 06:50:00",N>>N-NIL__P,5166.63725,0,0,"2019/05/16 06:00:26",,"2019/02/28 00:00:00",1,1507.80772
D,P5MIN,CONSTRAINTSOLUTION,6,"2019/05/16 06:05:00",0,"2019/05/16 06:50:00",N>>N-NIL__R,6064.8967,0,0,"2019/05/16 06:00:26",,"2019/02/28 00:00:00",1,1229.13447
D,P5MIN,CONSTRAINTSOLUTION,6,"2019/05/16 06:05:00",0,"2019/05/16 06:50:00",N>>N-NIL__S,3849.85951,0,0,"2019/05/16 06:00:26",,"2019/02/28 00:00:00",1,1914.02579
D,P5MIN,CONSTRAINTSOLUTION,6,"2019/05/16 06:05:00",0,"2019/05/16 06:50:00",N>>Q-BWLD_ONE,346.78014,0,0,"2019/05/16 06:00:26",,"2019/03/06 00:00:00",1,-1410.74449
D,P5MIN,CONSTRAINTSOLUTION,6,"2019/05/16 06:05:00",0,"2019/05/16 06:50:00",N>>V-NIL_0X1,493.77912,0,0,"2019/05/16 06:00:26",,"2019/05/06 00:00:00",1,62.42997
D,P5MIN,CONSTRAINTSOLUTION,6,"2019/05/16 06:05:00",0,"2019/05/16 06:50:00",N>>V-NIL_HC,969.70962,0,0,"2019/05/16 06:00:26",,"2019/05/06 00:00:00",1,-433.51013
D,P5MIN,CONSTRAINTSOLUTION,6,"2019/05/16 06:05:00",0,"2019/05/16 06:50:00",N>>V-NIL_HD,1037.17279,0,0,"2019/05/16 06:00:26",,"2019/05/06 00:00:00",1,-467.97709
D,P5MIN,CONSTRAINTSOLUTION,6,"2019/05/16 06:05:00",0,"2019/05/16 06:50:00",N>>V-NIL_HJ,983.58652,0,0,"2019/05/16 06:00:26",,"2019/05/06 00:00:00",1,-343.22648
D,P5MIN,CONSTRAINTSOLUTION,6,"2019/05/16 06:05:00",0,"2019/05/16 06:50:00",N>>V-NIL_HK,2725.71384,0,0,"2019/05/16 06:00:26",,"2019/05/06 00:00:00",1,-606.4488
D,P5MIN,CONSTRAINTSOLUTION,6,"2019/05/16 06:05:00",0,"2019/05/16 06:50:00",N>>V-NIL_N,1262.80006,0,0,"2019/05/16 06:00:26",,"2019/01/11 00:00:00",1,-377.06329
D,P5MIN,CONSTRAINTSOLUTION,6,"2019/05/16 06:05:00",0,"2019/05/16 06:50:00",N>>V-NIL_O,606.3588,0,0,"2019/05/16 06:00:26",,"2019/01/11 00:00:00",1,-242.58238
D,P5MIN,CONSTRAINTSOLUTION,6,"2019/05/16 06:05:00",0,"2019/05/16 06:50:00",N>N-ARKK_CH_CB892A,9983.5,0,0,"2019/05/16 06:00:26",,"2016/01/11 00:00:00",1,-73
D,P5MIN,CONSTRAINTSOLUTION,6,"2019/05/16 06:05:00",0,"2019/05/16 06:50:00",N>N-ARKK_C_BYPASS,10585.7034,0,0,"2019/05/16 06:00:26",,"2018/09/14 00:00:00",1,154.46373
D,P5MIN,CONSTRAINTSOLUTION,6,"2019/05/16 06:05:00",0,"2019/05/16 06:50:00",N>N-ARKK_C_PSTMAN,10686.52863,0,0,"2019/05/16 06:00:26",,"2019/03/08 00:00:00",1,153.53072
D,P5MIN,CONSTRAINTSOLUTION,6,"2019/05/16 06:05:00",0,"2019/05/16 06:50:00",N>N-KC_TX_07,1766.96851,0,0,"2019/05/16 06:00:26",,"2019/03/08 00:00:00",1,1400
D,P5MIN,CONSTRAINTSOLUTION,6,"2019/05/16 06:05:00",0,"2019/05/16 06:50:00",N>N-NIL_8J_8C,1322,0,0,"2019/05/16 06:00:26",,"2019/01/11 00:00:00",1,607.71162
D,P5MIN,CONSTRAINTSOLUTION,6,"2019/05/16 06:05:00",0,"2019/05/16 06:50:00",N>N-NIL_DC,1505.71587,0,0,"2019/05/16 06:00:26",,"2019/01/21 00:00:00",1,910.43818
D,P5MIN,CONSTRAINTSOLUTION,6,"2019/05/16 06:05:00",0,"2019/05/16 06:50:00",N>N-NIL_F7_15M,799.59292,0,0,"2019/05/16 06:00:26",,"2019/01/11 00:00:00",1,-910.43818
D,P5MIN,CONSTRAINTSOLUTION,6,"2019/05/16 06:05:00",0,"2019/05/16 06:50:00",N>N-NIL_LSDU,83.13282,0,0,"2019/05/16 06:00:26",,"2019/01/11 00:00:00",1,-73
D,P5MIN,CONSTRAINTSOLUTION,6,"2019/05/16 06:05:00",0,"2019/05/16 06:50:00",N>N-NIL_MBDU,231.73398,0,0,"2019/05/16 06:00:26",,"2019/01/11 00:00:00",1,73
D,P5MIN,CONSTRAINTSOLUTION,6,"2019/05/16 06:05:00",0,"2019/05/16 06:50:00",N>N-NIL_TE_D2,254.78667,0,0,"2019/05/16 06:00:26",,"2019/01/11 00:00:00",1,-73
D,P5MIN,CONSTRAINTSOLUTION,6,"2019/05/16 06:05:00",0,"2019/05/16 06:50:00",N>N-NIL_TE_E1,9981.66667,0,0,"2019/05/16 06:00:26",,"2019/01/11 00:00:00",1,-73
D,P5MIN,CONSTRAINTSOLUTION,6,"2019/05/16 06:05:00",0,"2019/05/16 06:50:00",N>N-NIL_TE_E2,9981.66667,0,0,"2019/05/16 06:00:26",,"2019/01/11 00:00:00",1,-73
D,P5MIN,CONSTRAINTSOLUTION,6,"2019/05/16 06:05:00",0,"2019/05/16 06:50:00",N>N-NIL_TE_LOAD,9999,0,0,"2019/05/16 06:00:26",,"2013/08/21 00:00:00",1,73
D,P5MIN,CONSTRAINTSOLUTION,6,"2019/05/16 06:05:00",0,"2019/05/16 06:50:00",N>N-NIL__4_15M,622.81249,0,0,"2019/05/16 06:00:26",,"2019/01/11 00:00:00",1,-908.92394
D,P5MIN,CONSTRAINTSOLUTION,6,"2019/05/16 06:05:00",0,"2019/05/16 06:50:00",N>N-NIL__7,1545.78559,0,0,"2019/05/16 06:00:26",,"2019/01/11 00:00:00",1,-910.43818
D,P5MIN,CONSTRAINTSOLUTION,6,"2019/05/16 06:05:00",0,"2019/05/16 06:50:00",NQTE_ROC,7,0,0,"2019/05/16 06:00:26",,"2010/11/08 00:00:00",2,-73
D,P5MIN,CONSTRAINTSOLUTION,6,"2019/05/16 06:05:00",0,"2019/05/16 06:50:00",NRM_NSW1_QLD1,10000,0,0,"2019/05/16 06:00:26",,"2012/06/12 00:00:00",1,-680.71162
D,P5MIN,CONSTRAINTSOLUTION,6,"2019/05/16 06:05:00",0,"2019/05/16 06:50:00",NRM_NSW1_VIC1,10000,0,0,"2019/05/16 06:00:26",,"2012/06/12 00:00:00",1,-209.62429
D,P5MIN,CONSTRAINTSOLUTION,6,"2019/05/16 06:05:00",0,"2019/05/16 06:50:00",NRM_QLD1_NSW1,10645.84937,0,0,"2019/05/16 06:00:26",,"2012/06/12 00:00:00",1,680.71162
D,P5MIN,CONSTRAINTSOLUTION,6,"2019/05/16 06:05:00",0,"2019/05/16 06:50:00",NRM_SA1_VIC1,10134.62337,0,0,"2019/05/16 06:00:26",,"2012/06/12 00:00:00",1,230.51715
D,P5MIN,CONSTRAINTSOLUTION,6,"2019/05/16 06:05:00",0,"2019/05/16 06:50:00",NRM_VIC1_NSW1,10170.71927,0,0,"2019/05/16 06:00:26",,"2012/06/12 00:00:00",1,209.62429
D,P5MIN,CONSTRAINTSOLUTION,6,"2019/05/16 06:05:00",0,"2019/05/16 06:50:00",NRM_VIC1_SA1,10000,0,0,"2019/05/16 06:00:26",,"2012/06/12 00:00:00",1,-230.51715
D,P5MIN,CONSTRAINTSOLUTION,6,"2019/05/16 06:05:00",0,"2019/05/16 06:50:00",N^^N_NIL_1,2775.50736,0,0,"2019/05/16 06:00:26",,"2018/05/02 00:00:00",1,586.85772
D,P5MIN,CONSTRAINTSOLUTION,6,"2019/05/16 06:05:00",0,"2019/05/16 06:50:00",N^^Q_NIL_A,443.63215,0,0,"2019/05/16 06:00:26",,"2017/12/06 00:00:00",1,-797.91662
D,P5MIN,CONSTRAINTSOLUTION,6,"2019/05/16 06:05:00",0,"2019/05/16 06:50:00",N^^Q_NIL_B,622.24474,0,0,"2019/05/16 06:00:26",,"2017/12/06 00:00:00",1,-770.90662
D,P5MIN,CONSTRAINTSOLUTION,6,"2019/05/16 06:05:00",0,"2019/05/16 06:50:00",N^^Q_NIL_B1,937.24474,0,0,"2019/05/16 06:00:26",,"2017/12/06 00:00:00",1,-95.90662
D,P5MIN,CONSTRAINTSOLUTION,6,"2019/05/16 06:05:00",0,"2019/05/16 06:50:00",N^^Q_NIL_B2,937.24474,0,0,"2019/05/16 06:00:26",,"2017/12/06 00:00:00",1,-383.90662
D,P5MIN,CONSTRAINTSOLUTION,6,"2019/05/16 06:05:00",0,"2019/05/16 06:50:00",N^^Q_NIL_B3,937.24474,0,0,"2019/05/16 06:00:26",,"2017/12/06 00:00:00",1,-379.40662
D,P5MIN,CONSTRAINTSOLUTION,6,"2019/05/16 06:05:00",0,"2019/05/16 06:50:00",N^^Q_NIL_B4,897.24474,0,0,"2019/05/16 06:00:26",,"2017/12/06 00:00:00",1,-372.20662
D,P5MIN,CONSTRAINTSOLUTION,6,"2019/05/16 06:05:00",0,"2019/05/16 06:50:00",N^^Q_NIL_B5,907.24474,0,0,"2019/05/16 06:00:26",,"2017/12/06 00:00:00",1,-405.50662
D,P5MIN,CONSTRAINTSOLUTION,6,"2019/05/16 06:05:00",0,"2019/05/16 06:50:00",N^^Q_NIL_B6,907.24474,0,0,"2019/05/16 06:00:26",,"2017/12/06 00:00:00",1,-405.50662
D,P5MIN,CONSTRAINTSOLUTION,6,"2019/05/16 06:05:00",0,"2019/05/16 06:50:00",N^^Q_WIV_N-2,937.24474,0,0,"2019/05/16 06:00:26",,"2018/01/19 00:00:00",1,-770.90662
D,P5MIN,CONSTRAINTSOLUTION,6,"2019/05/16 06:05:00",0,"2019/05/16 06:50:00",N^^V_NIL_1,120.34791,0,0,"2019/05/16 06:00:26",,"2019/05/15 00:00:00",1,-52.63763
D,P5MIN,CONSTRAINTSOLUTION,6,"2019/05/16 06:05:00",0,"2019/05/16 06:50:00",N_NIL_TE_A,163.5,0,0,"2019/05/16 06:00:26",,"2012/07/04 00:00:00",1,-73
D,P5MIN,CONSTRAINTSOLUTION,6,"2019/05/16 06:05:00",0,"2019/05/16 06:50:00",N_NIL_TE_B,196.5,0,0,"2019/05/16 06:00:26",,"2012/07/04 00:00:00",1,73
D,P5MIN,CONSTRAINTSOLUTION,6,"2019/05/16 06:05:00",0,"2019/05/16 06:50:00",N_V_HV1700_OSC_AUTO,11768.10001,0,0,"2019/05/16 06:00:26",,"2013/07/19 00:00:00",1,530.37571
D,P5MIN,CONSTRAINTSOLUTION,6,"2019/05/16 06:05:00",0,"2019/05/16 06:50:00",Q::N_BI_POT_WIV_N-2,1209.34247,0,0,"2019/05/16 06:00:26",,"2018/01/16 00:00:00",1,701.47562
D,P5MIN,CONSTRAINTSOLUTION,6,"2019/05/16 06:05:00",0,"2019/05/16 06:50:00",Q::N_NIL_AR_2L-G,1111.64688,0,0,"2019/05/16 06:00:26",,"2018/01/15 00:00:00",2,825.00969
D,P5MIN,CONSTRAINTSOLUTION,6,"2019/05/16 06:05:00",0,"2019/05/16 06:50:00",Q::N_NIL_BI_POT,1209.33249,0,0,"2019/05/16 06:00:26",,"2018/01/15 00:00:00",2,701.47562
D,P5MIN,CONSTRAINTSOLUTION,6,"2019/05/16 06:05:00",0,"2019/05/16 06:50:00",Q:NIL_CS,4362.1492,0,0,"2019/05/16 06:00:26",,"2018/12/27 00:00:00",1,3831.7317
D,P5MIN,CONSTRAINTSOLUTION,6,"2019/05/16 06:05:00",0,"2019/05/16 06:50:00",Q:N_NIL_BWRG,1435.88376,0,0,"2019/05/16 06:00:26",,"2013/10/23 00:00:00",1,607.71162
D,P5MIN,CONSTRAINTSOLUTION,6,"2019/05/16 06:05:00",0,"2019/05/16 06:50:00",Q:N_NIL_LDNC,1424.68789,0,0,"2019/05/16 06:00:26",,"2013/10/23 00:00:00",1,607.71162
D,P5MIN,CONSTRAINTSOLUTION,6,"2019/05/16 06:05:00",0,"2019/05/16 06:50:00",Q:N_NIL_OSC,1200,0,0,"2019/05/16 06:00:26",,"2013/07/25 00:00:00",1,607.71162
D,P5MIN,CONSTRAINTSOLUTION,6,"2019/05/16 06:05:00",0,"2019/05/16 06:50:00",Q>>LCCP_BCCP_CLWU_2,3073.46056,0,0,"2019/05/16 06:00:26",,"2018/12/27 00:00:00",1,1880.2262
D,P5MIN,CONSTRAINTSOLUTION,6,"2019/05/16 06:05:00",0,"2019/05/16 06:50:00",Q>>LCCP_CLWU_BCCP_2,2660.66445,0,0,"2019/05/16 06:00:26",,"2018/12/27 00:00:00",1,1766.84596
D,P5MIN,CONSTRAINTSOLUTION,6,"2019/05/16 06:05:00",0,"2019/05/16 06:50:00",Q>>NIL_MRGB_MRTX1,10913.24372,0,0,"2019/05/16 06:00:26",,"2019/01/11 00:00:00",1,883.45128
D,P5MIN,CONSTRAINTSOLUTION,6,"2019/05/16 06:05:00",0,"2019/05/16 06:50:00",Q>>NIL_MRTX5_MRTX4,2934.99251,0,0,"2019/05/16 06:00:26",,"2019/01/11 00:00:00",1,1058.28716
D,P5MIN,CONSTRAINTSOLUTION,6,"2019/05/16 06:05:00",0,"2019/05/16 06:50:00",Q>>WOPW_WOSP_WOGP_1,3025.08207,0,0,"2019/05/16 06:00:26",,"2019/04/10 00:00:00",1,2699.23215
D,P5MIN,CONSTRAINTSOLUTION,6,"2019/05/16 06:05:00",0,"2019/05/16 06:50:00",Q>>WOPW_WOSP_WOGP_2,2872.1148,0,0,"2019/05/16 06:00:26",,"2019/04/10 00:00:00",1,2699.27945
D,P5MIN,CONSTRAINTSOLUTION,6,"2019/05/16 06:05:00",0,"2019/05/16 06:50:00",Q>N-NIL_8L_8M,1379,0,0,"2019/05/16 06:00:26",,"2013/08/21 00:00:00",1,607.71162
D,P5MIN,CONSTRAINTSOLUTION,6,"2019/05/16 06:05:00",0,"2019/05/16 06:50:00",Q>NIL_BI_CAGS_CALV_O,536.08828,0,0,"2019/05/16 06:00:26",,"2019/01/11 00:00:00",1,260
D,P5MIN,CONSTRAINTSOLUTION,6,"2019/05/16 06:05:00",0,"2019/05/16 06:50:00",Q>NIL_MRTA_A,9990.217,0,0,"2019/05/16 06:00:26",,"2019/01/11 00:00:00",1,0.322
D,P5MIN,CONSTRAINTSOLUTION,6,"2019/05/16 06:05:00",0,"2019/05/16 06:50:00",Q>NIL_MRTA_B,9990.217,0,0,"2019/05/16 06:00:26",,"2019/01/11 00:00:00",1,0.322
D,P5MIN,CONSTRAINTSOLUTION,6,"2019/05/16 06:05:00",0,"2019/05/16 06:50:00",Q>NIL_MRTA_C,371.25,0,0,"2019/05/16 06:00:26",,"2019/01/11 00:00:00",1,0.322
D,P5MIN,CONSTRAINTSOLUTION,6,"2019/05/16 06:05:00",0,"2019/05/16 06:50:00",Q>NIL_MUTE_757,201.6,0,0,"2019/05/16 06:00:26",,"2014/09/02 00:00:00",1,73
D,P5MIN,CONSTRAINTSOLUTION,6,"2019/05/16 06:05:00",0,"2019/05/16 06:50:00",Q>NIL_MUTE_758,201.6,0,0,"2019/05/16 06:00:26",,"2014/09/02 00:00:00",1,73
D,P5MIN,CONSTRAINTSOLUTION,6,"2019/05/16 06:05:00",0,"2019/05/16 06:50:00",Q>NIL_TV66,410.96779,0,0,"2019/05/16 06:00:26",,"2018/08/20 00:00:00",1,0.002
D,P5MIN,CONSTRAINTSOLUTION,6,"2019/05/16 06:05:00",0,"2019/05/16 06:50:00",QNI_SOUTH_1150_DYN,1150,0,0,"2019/05/16 06:00:26",,"2019/01/30 00:00:00",1,607.71162
D,P5MIN,CONSTRAINTSOLUTION,6,"2019/05/16 06:05:00",0,"2019/05/16 06:50:00",QNTE_ROC,153,0,0,"2019/05/16 06:00:26",,"2010/11/08 00:00:00",3,73
D,P5MIN,CONSTRAINTSOLUTION,6,"2019/05/16 06:05:00",0,"2019/05/16 06:50:00",QN_1078_OSC_AUTO,11078,0,0,"2019/05/16 06:00:26",,"2013/07/25 00:00:00",1,607.71162
D,P5MIN,CONSTRAINTSOLUTION,6,"2019/05/16 06:05:00",0,"2019/05/16 06:50:00",Q^NIL_CN_FDR,-569.79737,0,0,"2019/05/16 06:00:26",,"2018/08/28 00:00:00",1,190.224
D,P5MIN,CONSTRAINTSOLUTION,6,"2019/05/16 06:05:00",0,"2019/05/16 06:50:00",Q^NIL_CN_GT,-716.28077,0,0,"2019/05/16 06:00:26",,"2018/08/28 00:00:00",1,144
D,P5MIN,CONSTRAINTSOLUTION,6,"2019/05/16 06:05:00",0,"2019/05/16 06:50:00",Q^NIL_FNQ,-338.4427,0,0,"2019/05/16 06:00:26",,"2018/08/28 00:00:00",1,144
D,P5MIN,CONSTRAINTSOLUTION,6,"2019/05/16 06:05:00",0,"2019/05/16 06:50:00",Q^NIL_GC,-6146.49904,0,0,"2019/05/16 06:00:26",,"2013/08/21 00:00:00",1,-73
D,P5MIN,CONSTRAINTSOLUTION,6,"2019/05/16 06:05:00",0,"2019/05/16 06:50:00",Q^^CS_-080,3548.71957,0,0,"2019/05/16 06:00:26",,"2018/08/30 00:00:00",1,2389.47132
D,P5MIN,CONSTRAINTSOLUTION,6,"2019/05/16 06:05:00",0,"2019/05/16 06:50:00",Q^^NIL_CS,3628.71956,0,0,"2019/05/16 06:00:26",,"2018/08/30 00:00:00",1,2389.47132
D,P5MIN,CONSTRAINTSOLUTION,6,"2019/05/16 06:05:00",0,"2019/05/16 06:50:00",Q^^NIL_QNI_SRAR,973.86409,0,0,"2019/05/16 06:00:26",,"2019/04/11 00:00:00",1,851.49802
D,P5MIN,CONSTRAINTSOLUTION,6,"2019/05/16 06:05:00",0,"2019/05/16 06:50:00",Q^^NIL_TR_CLHA,5947.01895,0,0,"2019/05/16 06:00:26",,"2018/12/19 00:00:00",1,3784.98173
D,P5MIN,CONSTRAINTSOLUTION,6,"2019/05/16 06:05:00",0,"2019/05/16 06:50:00",Q^^NIL_TR_TRBK,6168.02616,0,0,"2019/05/16 06:00:26",,"2018/12/19 00:00:00",1,4082.45046
D,P5MIN,CONSTRAINTSOLUTION,6,"2019/05/16 06:05:00",0,"2019/05/16 06:50:00",Q^^TR_CLHA_-250,5457.53001,0,0,"2019/05/16 06:00:26",,"2018/12/19 00:00:00",1,3784.98173
D,P5MIN,CONSTRAINTSOLUTION,6,"2019/05/16 06:05:00",0,"2019/05/16 06:50:00",Q^^TR_TRBK_-150,5871.74983,0,0,"2019/05/16 06:00:26",,"2018/12/19 00:00:00",1,4082.45046
D,P5MIN,CONSTRAINTSOLUTION,6,"2019/05/16 06:05:00",0,"2019/05/16 06:50:00",Q_CS_2000,4900.02135,0,0,"2019/05/16 06:00:26",,"2019/01/15 00:00:00",1,3831.7317
D,P5MIN,CONSTRAINTSOLUTION,6,"2019/05/16 06:05:00",0,"2019/05/16 06:50:00",S::V_NIL_TBSE_1,660.07794,0,0,"2019/05/16 06:00:26",,"2019/03/21 00:00:00",1,210.43131
D,P5MIN,CONSTRAINTSOLUTION,6,"2019/05/16 06:05:00",0,"2019/05/16 06:50:00",S::V_NIL_TBSE_2-DS,10000,0,0,"2019/05/16 06:00:26",,"2019/03/21 00:00:00",1,210.22852
D,P5MIN,CONSTRAINTSOLUTION,6,"2019/05/16 06:05:00",0,"2019/05/16 06:50:00",S:VS_580_OSC_AUTO_1,10000,0,0,"2019/05/16 06:00:26",,"2016/06/30 00:00:00",1,230.51715
D,P5MIN,CONSTRAINTSOLUTION,6,"2019/05/16 06:05:00",0,"2019/05/16 06:50:00",S:VS_650_HY_TEST,650,0,0,"2019/05/16 06:00:26",,"2018/08/07 00:00:00",1,230.51715
D,P5MIN,CONSTRAINTSOLUTION,6,"2019/05/16 06:05:00",0,"2019/05/16 06:50:00",S:VS_650_HY_TEST_DYN,650,0,0,"2019/05/16 06:00:26",,"2015/11/25 00:00:00",1,230.51715
D,P5MIN,CONSTRAINTSOLUTION,6,"2019/05/16 06:05:00",0,"2019/05/16 06:50:00",S:VS_700_1,10000,0,0,"2019/05/16 06:00:26",,"2016/08/16 00:00:00",1,230.51715
D,P5MIN,CONSTRAINTSOLUTION,6,"2019/05/16 06:05:00",0,"2019/05/16 06:50:00",S:VS_700_OSC_AUTO,10700,0,0,"2019/05/16 06:00:26",,"2016/06/30 00:00:00",1,230.51715
D,P5MIN,CONSTRAINTSOLUTION,6,"2019/05/16 06:05:00",0,"2019/05/16 06:50:00",S:VS_800,800,0,0,"2019/05/16 06:00:26",,"2018/08/07 00:00:00",1,230.51715
D,P5MIN,CONSTRAINTSOLUTION,6,"2019/05/16 06:05:00",0,"2019/05/16 06:50:00",S:V_460_OSC_AUTO_1,10000,0,0,"2019/05/16 06:00:26",,"2016/06/30 00:00:00",1,212.51715
D,P5MIN,CONSTRAINTSOLUTION,6,"2019/05/16 06:05:00",0,"2019/05/16 06:50:00",S:V_500_HY_TEST,500,0,0,"2019/05/16 06:00:26",,"2018/08/07 00:00:00",1,212.51715
D,P5MIN,CONSTRAINTSOLUTION,6,"2019/05/16 06:05:00",0,"2019/05/16 06:50:00",S:V_500_HY_TEST_DYN,500,0,0,"2019/05/16 06:00:26",,"2015/11/25 00:00:00",1,212.51715
D,P5MIN,CONSTRAINTSOLUTION,6,"2019/05/16 06:05:00",0,"2019/05/16 06:50:00",S:V_550_1,10000,0,0,"2019/05/16 06:00:26",,"2016/08/16 00:00:00",1,212.51715
D,P5MIN,CONSTRAINTSOLUTION,6,"2019/05/16 06:05:00",0,"2019/05/16 06:50:00",S:V_550_OSC_AUTO,10550,0,0,"2019/05/16 06:00:26",,"2016/06/30 00:00:00",1,212.51715
D,P5MIN,CONSTRAINTSOLUTION,6,"2019/05/16 06:05:00",0,"2019/05/16 06:50:00",S:V_650,650,0,0,"2019/05/16 06:00:26",,"2018/08/07 00:00:00",1,212.51715
D,P5MIN,CONSTRAINTSOLUTION,6,"2019/05/16 06:05:00",0,"2019/05/16 06:50:00",S>>HUBG_AWHU_WEWT,324.97729,0,0,"2019/05/16 06:00:26",,"2019/05/15 00:00:00",1,51.22387
D,P5MIN,CONSTRAINTSOLUTION,6,"2019/05/16 06:05:00",0,"2019/05/16 06:50:00",S>>HUBG_BGDV_WEMWP4,256.20218,0,0,"2019/05/16 06:00:26",,"2019/05/15 00:00:00",1,-34.72827
D,P5MIN,CONSTRAINTSOLUTION,6,"2019/05/16 06:05:00",0,"2019/05/16 06:50:00",S>>HUBG_BGDV_WTWE,320.6885,0,0,"2019/05/16 06:00:26",,"2019/05/15 00:00:00",1,-64.39839
D,P5MIN,CONSTRAINTSOLUTION,6,"2019/05/16 06:05:00",0,"2019/05/16 06:50:00",S>>HUBG_BLDV_WEWT,328.61788,0,0,"2019/05/16 06:00:26",,"2019/05/15 00:00:00",1,62.71832
D,P5MIN,CONSTRAINTSOLUTION,6,"2019/05/16 06:05:00",0,"2019/05/16 06:50:00",S>>HUBG_BLDV_WTTP,472.69451,0,0,"2019/05/16 06:00:26",,"2019/05/15 00:00:00",1,80.88937
D,P5MIN,CONSTRAINTSOLUTION,6,"2019/05/16 06:05:00",0,"2019/05/16 06:50:00",S>>HUBG_BWMP_WEWT,328.69181,0,0,"2019/05/16 06:00:26",,"2019/03/13 00:00:00",1,47.61217
D,P5MIN,CONSTRAINTSOLUTION,6,"2019/05/16 06:05:00",0,"2019/05/16 06:50:00",S>>HUBG_LKDV_WEWT,323.2043,0,0,"2019/05/16 06:00:26",,"2019/05/15 00:00:00",1,74.14739
D,P5MIN,CONSTRAINTSOLUTION,6,"2019/05/16 06:05:00",0,"2019/05/16 06:50:00",S>>HUBG_LKDV_WTTP,515.96696,0,0,"2019/05/16 06:00:26",,"2019/05/15 00:00:00",1,83.72477
D,P5MIN,CONSTRAINTSOLUTION,6,"2019/05/16 06:05:00",0,"2019/05/16 06:50:00",S>>HUBG_MNCLN_WEMWP4,203.99016,0,0,"2019/05/16 06:00:26",,"2019/05/15 00:00:00",1,-27.74633
D,P5MIN,CONSTRAINTSOLUTION,6,"2019/05/16 06:05:00",0,"2019/05/16 06:50:00",S>>HUBG_MNCLN_WTWE,271.7836,0,0,"2019/05/16 06:00:26",,"2019/05/15 00:00:00",1,-44.33947
D,P5MIN,CONSTRAINTSOLUTION,6,"2019/05/16 06:05:00",0,"2019/05/16 06:50:00",S>>HUBG_RBTU_WEWT,314.7152,0,0,"2019/05/16 06:00:26",,"2019/05/15 00:00:00",1,83.24724
D,P5MIN,CONSTRAINTSOLUTION,6,"2019/05/16 06:05:00",0,"2019/05/16 06:50:00",S>>HUBG_RBTU_WTTP,481.80006,0,0,"2019/05/16 06:00:26",,"2019/05/15 00:00:00",1,112.7726
D,P5MIN,CONSTRAINTSOLUTION,6,"2019/05/16 06:05:00",0,"2019/05/16 06:50:00",S>>HUBG_RBTX1_WEWT,307.58346,0,0,"2019/05/16 06:00:26",,"2019/05/15 00:00:00",1,39.90821
D,P5MIN,CONSTRAINTSOLUTION,6,"2019/05/16 06:05:00",0,"2019/05/16 06:50:00",S>>HUBG_WTTP_WEMWP4,222.32942,0,0,"2019/05/16 06:00:26",,"2019/05/15 00:00:00",1,9.63489
D,P5MIN,CONSTRAINTSOLUTION,6,"2019/05/16 06:05:00",0,"2019/05/16 06:50:00",S>>HUBG_WTTP_WTWE,286.52726,0,0,"2019/05/16 06:00:26",,"2019/05/15 00:00:00",1,-2.9576
D,P5MIN,CONSTRAINTSOLUTION,6,"2019/05/16 06:05:00",0,"2019/05/16 06:50:00",S>>NIL_BGBW_BRTW,1274.07664,0,0,"2019/05/16 06:00:26",,"2019/05/15 00:00:00",1,227.72936
D,P5MIN,CONSTRAINTSOLUTION,6,"2019/05/16 06:05:00",0,"2019/05/16 06:50:00",S>>NIL_BRTW_WEP4,367.32641,0,0,"2019/05/16 06:00:26",,"2019/05/15 00:00:00",1,1.28603
D,P5MIN,CONSTRAINTSOLUTION,6,"2019/05/16 06:05:00",0,"2019/05/16 06:50:00",S>>NIL_BRTW_WTTP,574.59952,0,0,"2019/05/16 06:00:26",,"2019/05/15 00:00:00",1,130.65658
D,P5MIN,CONSTRAINTSOLUTION,6,"2019/05/16 06:05:00",0,"2019/05/16 06:50:00",S>>NIL_BRTX_WEP4,326.85914,0,0,"2019/05/16 06:00:26",,"2019/05/15 00:00:00",1,-13.32492
D,P5MIN,CONSTRAINTSOLUTION,6,"2019/05/16 06:05:00",0,"2019/05/16 06:50:00",S>>NIL_BRTX_WTTP,530.73374,0,0,"2019/05/16 06:00:26",,"2019/05/15 00:00:00",1,91.9828
D,P5MIN,CONSTRAINTSOLUTION,6,"2019/05/16 06:05:00",0,"2019/05/16 06:50:00",S>>NIL_BWMP_BRTW,1273.34841,0,0,"2019/05/16 06:00:26",,"2019/05/15 00:00:00",1,275.54099
D,P5MIN,CONSTRAINTSOLUTION,6,"2019/05/16 06:05:00",0,"2019/05/16 06:50:00",S>>NIL_BWMP_TPRS,466.70909,0,0,"2019/05/16 06:00:26",,"2019/05/15 00:00:00",1,94.68274
D,P5MIN,CONSTRAINTSOLUTION,6,"2019/05/16 06:05:00",0,"2019/05/16 06:50:00",S>>NIL_BWMP_TWPA,1147.62361,0,0,"2019/05/16 06:00:26",,"2019/05/15 00:00:00",1,259.14757
D,P5MIN,CONSTRAINTSOLUTION,6,"2019/05/16 06:05:00",0,"2019/05/16 06:50:00",S>>NIL_BWMP_WEP4,285.74942,0,0,"2019/05/16 06:00:26",,"2019/05/15 00:00:00",1,-7.3916
D,P5MIN,CONSTRAINTSOLUTION,6,"2019/05/16 06:05:00",0,"2019/05/16 06:50:00",S>>NIL_BWMP_WTTP,585.4659,0,0,"2019/05/16 06:00:26",,"2019/05/15 00:00:00",1,130.32914
D,P5MIN,CONSTRAINTSOLUTION,6,"2019/05/16 06:05:00",0,"2019/05/16 06:50:00",S>>NIL_CGTB_TUTB_1,673.06024,0,0,"2019/05/16 06:00:26",,"2019/05/15 00:00:00",1,209.64622
D,P5MIN,CONSTRAINTSOLUTION,6,"2019/05/16 06:05:00",0,"2019/05/16 06:50:00",S>>NIL_CNRB_WEMWP4,387.20325,0,0,"2019/05/16 06:00:26",,"2019/05/15 00:00:00",1,32.82787
D,P5MIN,CONSTRAINTSOLUTION,6,"2019/05/16 06:05:00",0,"2019/05/16 06:50:00",S>>NIL_HUBG-T_WEWT,10000,0,0,"2019/05/16 06:00:26",,"2019/05/15 00:00:00",1,51.22387
D,P5MIN,CONSTRAINTSOLUTION,6,"2019/05/16 06:05:00",0,"2019/05/16 06:50:00",S>>NIL_HUBG-T_WEWT2,322.83167,0,0,"2019/05/16 06:00:26",,"2019/05/15 00:00:00",1,51.22387
D,P5MIN,CONSTRAINTSOLUTION,6,"2019/05/16 06:05:00",0,"2019/05/16 06:50:00",S>>NIL_LKDV_WEWT,294.75011,0,0,"2019/05/16 06:00:26",,"2019/05/15 00:00:00",1,66.38284
D,P5MIN,CONSTRAINTSOLUTION,6,"2019/05/16 06:05:00",0,"2019/05/16 06:50:00",S>>NIL_MKRB_WEMWP4,367.96866,0,0,"2019/05/16 06:00:26",,"2019/05/15 00:00:00",1,-2.42545
D,P5MIN,CONSTRAINTSOLUTION,6,"2019/05/16 06:05:00",0,"2019/05/16 06:50:00",S>>NIL_RBPA_RBTU,1198.11224,0,0,"2019/05/16 06:00:26",,"2019/05/15 00:00:00",1,316.07768
D,P5MIN,CONSTRAINTSOLUTION,6,"2019/05/16 06:05:00",0,"2019/05/16 06:50:00",S>>NIL_RBPA_WEWT,315.50227,0,0,"2019/05/16 06:00:26",,"2019/05/15 00:00:00",1,71.02022
D,P5MIN,CONSTRAINTSOLUTION,6,"2019/05/16 06:05:00",0,"2019/05/16 06:50:00",S>>NIL_RBTU_BRTW,1416.13424,0,0,"2019/05/16 06:00:26",,"2019/05/15 00:00:00",1,267.82465
D,P5MIN,CONSTRAINTSOLUTION,6,"2019/05/16 06:05:00",0,"2019/05/16 06:50:00",S>>NIL_RBTU_RBPA,1284.2972,0,0,"2019/05/16 06:00:26",,"2019/05/15 00:00:00",1,315.01477
D,P5MIN,CONSTRAINTSOLUTION,6,"2019/05/16 06:05:00",0,"2019/05/16 06:50:00",S>>NIL_RBTU_TWPA,1132.48185,0,0,"2019/05/16 06:00:26",,"2019/05/15 00:00:00",1,226.64002
D,P5MIN,CONSTRAINTSOLUTION,6,"2019/05/16 06:05:00",0,"2019/05/16 06:50:00",S>>NIL_RBTU_WEWT,308.33795,0,0,"2019/05/16 06:00:26",,"2019/05/15 00:00:00",1,78.73192
D,P5MIN,CONSTRAINTSOLUTION,6,"2019/05/16 06:05:00",0,"2019/05/16 06:50:00",S>>NIL_RBTU_WTTP,599.92424,0,0,"2019/05/16 06:00:26",,"2019/05/15 00:00:00",1,142.94391
D,P5MIN,CONSTRAINTSOLUTION,6,"2019/05/16 06:05:00",0,"2019/05/16 06:50:00",S>>NIL_RBTX1_WTWE,279.52254,0,0,"2019/05/16 06:00:26",,"2019/05/15 00:00:00",1,-30.99567
D,P5MIN,CONSTRAINTSOLUTION,6,"2019/05/16 06:05:00",0,"2019/05/16 06:50:00",S>>NIL_SETB_SETB_1,914.16646,0,0,"2019/05/16 06:00:26",,"2019/05/15 00:00:00",1,-209.74385
D,P5MIN,CONSTRAINTSOLUTION,6,"2019/05/16 06:05:00",0,"2019/05/16 06:50:00",S>>NIL_TBCG_TBTU_1,901.11353,0,0,"2019/05/16 06:00:26",,"2019/05/15 00:00:00",1,-209.64622
D,P5MIN,CONSTRAINTSOLUTION,6,"2019/05/16 06:05:00",0,"2019/05/16 06:50:00",S>>NIL_TBSE_PWSE_1,10000,0,0,"2019/05/16 06:00:26",,"2019/03/11 00:00:00",1,50.14979
D,P5MIN,CONSTRAINTSOLUTION,6,"2019/05/16 06:05:00",0,"2019/05/16 06:50:00",S>>NIL_TBSE_TBSE_1,750.05566,0,0,"2019/05/16 06:00:26",,"2019/05/15 00:00:00",1,209.74385
D,P5MIN,CONSTRAINTSOLUTION,6,"2019/05/16 06:05:00",0,"2019/05/16 06:50:00",S>>NIL_TBTU_TBCG_1,954.24547,0,0,"2019/05/16 06:00:26",,"2019/05/15 00:00:00",1,-209.64622
D,P5MIN,CONSTRAINTSOLUTION,6,"2019/05/16 06:05:00",0,"2019/05/16 06:50:00",S>>NIL_TBTU_TBMO_1,436.17536,0,0,"2019/05/16 06:00:26",,"2019/05/15 00:00:00",1,-105.44717
D,P5MIN,CONSTRAINTSOLUTION,6,"2019/05/16 06:05:00",0,"2019/05/16 06:50:00",S>>NIL_TUTB_CGTB_1,726.92377,0,0,"2019/05/16 06:00:26",,"2019/05/15 00:00:00",1,209.64622
D,P5MIN,CONSTRAINTSOLUTION,6,"2019/05/16 06:05:00",0,"2019/05/16 06:50:00",S>>NIL_TUTB_PAAC,753.13141,0,0,"2019/05/16 06:00:26",,"2019/05/15 00:00:00",1,118.91501
D,P5MIN,CONSTRAINTSOLUTION,6,"2019/05/16 06:05:00",0,"2019/05/16 06:50:00",S>>NIL_TWPA_BWMP,932.47607,0,0,"2019/05/16 06:00:26",,"2019/05/15 00:00:00",1,181.32957
D,P5MIN,CONSTRAINTSOLUTION,6,"2019/05/16 06:05:00",0,"2019/05/16 06:50:00",S>>NIL_TWPA_TPRS,384.15465,0,0,"2019/05/16 06:00:26",,"2019/05/15 00:00:00",1,104.74704
D,P5MIN,CONSTRAINTSOLUTION,6,"2019/05/16 06:05:00",0,"2019/05/16 06:50:00",S>>NIL_TWPA_WEMW4,304.33246,0,0,"2019/05/16 06:00:26",,"2019/05/15 00:00:00",1,15.6964
D,P5MIN,CONSTRAINTSOLUTION,6,"2019/05/16 06:05:00",0,"2019/05/16 06:50:00",S>>TBTX4_CGTB_TUTB,638.16891,0,0,"2019/05/16 06:00:26",,"2019/03/13 00:00:00",1,209.72502
D,P5MIN,CONSTRAINTSOLUTION,6,"2019/05/16 06:05:00",0,"2019/05/16 06:50:00",S>>TBTX4_TBCG_TBTU,809.55553,0,0,"2019/05/16 06:00:26",,"2019/03/13 00:00:00",1,-209.72502
D,P5MIN,CONSTRAINTSOLUTION,6,"2019/05/16 06:05:00",0,"2019/05/16 06:50:00",S>>TBTX4_TBTU_TBCG,807.56018,0,0,"2019/05/16 06:00:26",,"2019/03/13 00:00:00",1,-209.72502
D,P5MIN,CONSTRAINTSOLUTION,6,"2019/05/16 06:05:00",0,"2019/05/16 06:50:00",S>>TBTX4_TUTB_CGTB,644.89189,0,0,"2019/05/16 06:00:26",,"2019/03/13 00:00:00",1,209.72502
D,P5MIN,CONSTRAINTSOLUTION,6,"2019/05/16 06:05:00",0,"2019/05/16 06:50:00",S>>V_NIL_DVBG_STBG,183.61427,0,0,"2019/05/16 06:00:26",,"2019/05/14 00:00:00",1,-3.21669
D,P5MIN,CONSTRAINTSOLUTION,6,"2019/05/16 06:05:00",0,"2019/05/16 06:50:00",S>>V_NIL_NIL_HUWT,222.31351,0,0,"2019/05/16 06:00:26",,"2019/05/14 00:00:00",1,-1.71845
D,P5MIN,CONSTRAINTSOLUTION,6,"2019/05/16 06:05:00",0,"2019/05/16 06:50:00",S>>V_NIL_NIL_MNWT,302.47282,0,0,"2019/05/16 06:00:26",,"2019/05/14 00:00:00",1,0.69699
D,P5MIN,CONSTRAINTSOLUTION,6,"2019/05/16 06:05:00",0,"2019/05/16 06:50:00",S>>V_NIL_RBTX_MW4RB,323.45412,0,0,"2019/05/16 06:00:26",,"2019/05/14 00:00:00",1,-15.91071
D,P5MIN,CONSTRAINTSOLUTION,6,"2019/05/16 06:05:00",0,"2019/05/16 06:50:00",S>>V_NIL_WTTP_WEMW4,307.90285,0,0,"2019/05/16 06:00:26",,"2019/05/14 00:00:00",1,18.58738
D,P5MIN,CONSTRAINTSOLUTION,6,"2019/05/16 06:05:00",0,"2019/05/16 06:50:00",S>DVTX_NIL_DVTX,166.99883,0,0,"2019/05/16 06:00:26",,"2019/01/22 00:00:00",1,0
D,P5MIN,CONSTRAINTSOLUTION,6,"2019/05/16 06:05:00",0,"2019/05/16 06:50:00",S>NIL_BRTW_MNWT,324.38399,0,0,"2019/05/16 06:00:26",,"2019/05/14 00:00:00",1,30.36139
D,P5MIN,CONSTRAINTSOLUTION,6,"2019/05/16 06:05:00",0,"2019/05/16 06:50:00",S>NIL_BWMP_CNRB,740.74536,0,0,"2019/05/16 06:00:26",,"2019/05/14 00:00:00",1,243.2627
D,P5MIN,CONSTRAINTSOLUTION,6,"2019/05/16 06:05:00",0,"2019/05/16 06:50:00",S>NIL_BWMP_HUWT,222.31803,0,0,"2019/05/16 06:00:26",,"2019/05/14 00:00:00",1,7.62458
D,P5MIN,CONSTRAINTSOLUTION,6,"2019/05/16 06:05:00",0,"2019/05/16 06:50:00",S>NIL_BWMP_RHBR-T,311.0058,0,0,"2019/05/16 06:00:26",,"2019/05/14 00:00:00",1,58.03767
D,P5MIN,CONSTRAINTSOLUTION,6,"2019/05/16 06:05:00",0,"2019/05/16 06:50:00",S>NIL_DVBG_BRTW,1606.61331,0,0,"2019/05/16 06:00:26",,"2019/05/14 00:00:00",1,275.82182
D,P5MIN,CONSTRAINTSOLUTION,6,"2019/05/16 06:05:00",0,"2019/05/16 06:50:00",S>NIL_DVTX_DVTX,166.39587,0,0,"2019/05/16 06:00:26",,"2019/01/11 00:00:00",1,0
D,P5MIN,CONSTRAINTSOLUTION,6,"2019/05/16 06:05:00",0,"2019/05/16 06:50:00",S>NIL_HUWT_STBG,10000,0,0,"2019/05/16 06:00:26",,"2019/01/11 00:00:00",1,0
D,P5MIN,CONSTRAINTSOLUTION,6,"2019/05/16 06:05:00",0,"2019/05/16 06:50:00",S>NIL_HUWT_STBG2,124.42318,0,0,"2019/05/16 06:00:26",,"2019/01/11 00:00:00",1,0
D,P5MIN,CONSTRAINTSOLUTION,6,"2019/05/16 06:05:00",0,"2019/05/16 06:50:00",S>NIL_LKDV_CNRB,455.07,0,0,"2019/05/16 06:00:26",,"2019/01/11 00:00:00",1,219.053
D,P5MIN,CONSTRAINTSOLUTION,6,"2019/05/16 06:05:00",0,"2019/05/16 06:50:00",S>NIL_MHNW1_MHNW2,10000,0,0,"2019/05/16 06:00:26",,"2019/01/11 00:00:00",1,-18
D,P5MIN,CONSTRAINTSOLUTION,6,"2019/05/16 06:05:00",0,"2019/05/16 06:50:00",S>NIL_NIL_DLAW,114.48013,0,0,"2019/05/16 06:00:26",,"2019/01/11 00:00:00",1,0
D,P5MIN,CONSTRAINTSOLUTION,6,"2019/05/16 06:05:00",0,"2019/05/16 06:50:00",S>NIL_NIL_MHNW2,270.91396,0,0,"2019/05/16 06:00:26",,"2019/01/11 00:00:00",1,-18
D,P5MIN,CONSTRAINTSOLUTION,6,"2019/05/16 06:05:00",0,"2019/05/16 06:50:00",S>NIL_NIL_MYSG-T,275.65304,0,0,"2019/05/16 06:00:26",,"2019/03/14 00:00:00",2,2.897
D,P5MIN,CONSTRAINTSOLUTION,6,"2019/05/16 06:05:00",0,"2019/05/16 06:50:00",S>NIL_NIL_NWMH2,223.48846,0,0,"2019/05/16 06:00:26",,"2019/01/11 00:00:00",1,18
D,P5MIN,CONSTRAINTSOLUTION,6,"2019/05/16 06:05:00",0,"2019/05/16 06:50:00",S>NIL_NIL_SETX12,394.42321,0,0,"2019/05/16 06:00:26",,"2019/03/14 00:00:00",2,2.897
D,P5MIN,CONSTRAINTSOLUTION,6,"2019/05/16 06:05:00",0,"2019/05/16 06:50:00",S>NIL_NIL_SGBN,348.63057,0,0,"2019/05/16 06:00:26",,"2019/03/14 00:00:00",2,2.897
D,P5MIN,CONSTRAINTSOLUTION,6,"2019/05/16 06:05:00",0,"2019/05/16 06:50:00",S>NIL_NIL_SGMYSE-T2,408.55108,0,0,"2019/05/16 06:00:26",,"2019/03/14 00:00:00",2,2.897
D,P5MIN,CONSTRAINTSOLUTION,6,"2019/05/16 06:05:00",0,"2019/05/16 06:50:00",S>NIL_NWMH1_NWMH2,10000,0,0,"2019/05/16 06:00:26",,"2019/01/11 00:00:00",1,18
D,P5MIN,CONSTRAINTSOLUTION,6,"2019/05/16 06:05:00",0,"2019/05/16 06:50:00",S>NIL_PL_GENMAX,75.92805,0,0,"2019/05/16 06:00:26",,"2019/01/11 00:00:00",1,0
D,P5MIN,CONSTRAINTSOLUTION,6,"2019/05/16 06:05:00",0,"2019/05/16 06:50:00",S>NIL_PL_GENMAX_YDMD,104.09543,0,0,"2019/05/16 06:00:26",,"2019/01/11 00:00:00",1,0
D,P5MIN,CONSTRAINTSOLUTION,6,"2019/05/16 06:05:00",0,"2019/05/16 06:50:00",S>NIL_RBMWP3_RBNW1,10000,0,0,"2019/05/16 06:00:26",,"2019/01/11 00:00:00",1,18
D,P5MIN,CONSTRAINTSOLUTION,6,"2019/05/16 06:05:00",0,"2019/05/16 06:50:00",S>NIL_RBNW1_RBMWP3,10000,0,0,"2019/05/16 06:00:26",,"2019/01/11 00:00:00",1,18
D,P5MIN,CONSTRAINTSOLUTION,6,"2019/05/16 06:05:00",0,"2019/05/16 06:50:00",S>NIL_SGBN_SGSE-T2,10000,0,0,"2019/05/16 06:00:26",,"2019/03/14 00:00:00",2,2.897
D,P5MIN,CONSTRAINTSOLUTION,6,"2019/05/16 06:05:00",0,"2019/05/16 06:50:00",S>NIL_TINO3_TINO4,308.14399,0,0,"2019/05/16 06:00:26",,"2019/03/14 00:00:00",2,-185
D,P5MIN,CONSTRAINTSOLUTION,6,"2019/05/16 06:05:00",0,"2019/05/16 06:50:00",S>NIL_WEMW4_WTTP,383.85028,0,0,"2019/05/16 06:00:26",,"2019/05/14 00:00:00",1,50.96741
D,P5MIN,CONSTRAINTSOLUTION,6,"2019/05/16 06:05:00",0,"2019/05/16 06:50:00",S>SETXH1_SETXL2,72.97783,0,0,"2019/05/16 06:00:26",,"2019/05/16 00:00:00",4,-18.19803
D,P5MIN,CONSTRAINTSOLUTION,6,"2019/05/16 06:05:00",0,"2019/05/16 06:50:00",S>V_NIL_NIL_RBNW,166.25077,0,0,"2019/05/16 06:00:26",,"2019/01/25 00:00:00",1,18
D,P5MIN,CONSTRAINTSOLUTION,6,"2019/05/16 06:05:00",0,"2019/05/16 06:50:00",S>V_NIL_SEHY,742,0,0,"2019/05/16 06:00:26",,"2016/09/13 00:00:00",1,212.51715
D,P5MIN,CONSTRAINTSOLUTION,6,"2019/05/16 06:05:00",0,"2019/05/16 06:50:00",S>V_NIL_SETX_SETX,10000,0,0,"2019/05/16 06:00:26",,"2019/05/08 00:00:00",2,0
D,P5MIN,CONSTRAINTSOLUTION,6,"2019/05/16 06:05:00",0,"2019/05/16 06:50:00",S>V_NIL_SETX_SETX1,187.08017,0,0,"2019/05/16 06:00:26",,"2019/05/08 00:00:00",2,2.897
D,P5MIN,CONSTRAINTSOLUTION,6,"2019/05/16 06:05:00",0,"2019/05/16 06:50:00",SVML_233,233,0,0,"2019/05/16 06:00:26",,"2014/10/01 00:00:00",1,18
D,P5MIN,CONSTRAINTSOLUTION,6,"2019/05/16 06:05:00",0,"2019/05/16 06:50:00",SVML_ROC_80,89,0,0,"2019/05/16 06:00:26",,"2016/08/23 00:00:00",1,18
D,P5MIN,CONSTRAINTSOLUTION,6,"2019/05/16 06:05:00",0,"2019/05/16 06:50:00",S^NIL_PL_MAX,44.79406,0,0,"2019/05/16 06:00:26",,"2017/07/11 00:00:00",1,0
D,P5MIN,CONSTRAINTSOLUTION,6,"2019/05/16 06:05:00",0,"2019/05/16 06:50:00",S_LB2WF_CONF,198,0,0,"2019/05/16 06:00:26",,"2015/08/07 00:00:00",1,2.897
D,P5MIN,CONSTRAINTSOLUTION,6,"2019/05/16 06:05:00",0,"2019/05/16 06:50:00",S_NIL_STRENGTH_1,10516,0,0,"2019/05/16 06:00:26",,"2018/12/05 00:00:00",1,447.671
D,P5MIN,CONSTRAINTSOLUTION,6,"2019/05/16 06:05:00",0,"2019/05/16 06:50:00",S_NIL_STRENGTH_2,1790.84049,0,0,"2019/05/16 06:00:26",,"2018/11/26 00:00:00",1,235.15385
D,P5MIN,CONSTRAINTSOLUTION,6,"2019/05/16 06:05:00",0,"2019/05/16 06:50:00",S_V_NIL_ROCOF,1273.80002,0,0,"2019/05/16 06:00:26",,"2019/01/03 00:00:00",1,212.51715
D,P5MIN,CONSTRAINTSOLUTION,6,"2019/05/16 06:05:00",0,"2019/05/16 06:50:00",T::T_NIL_1,738.31048,0,0,"2019/05/16 06:00:26",,"2014/07/31 00:00:00",1,450.06412
D,P5MIN,CONSTRAINTSOLUTION,6,"2019/05/16 06:05:00",0,"2019/05/16 06:50:00",T::T_NIL_2,10694.28987,0,0,"2019/05/16 06:00:26",,"2014/07/31 00:00:00",1,443.59147
D,P5MIN,CONSTRAINTSOLUTION,6,"2019/05/16 06:05:00",0,"2019/05/16 06:50:00",T::T_NIL_3,794.73497,0,0,"2019/05/16 06:00:26",,"2014/07/31 00:00:00",1,655.53975
D,P5MIN,CONSTRAINTSOLUTION,6,"2019/05/16 06:05:00",0,"2019/05/16 06:50:00",T::T_NIL_4,10936.91107,0,0,"2019/05/16 06:00:26",,"2014/07/31 00:00:00",1,652.1411
D,P5MIN,CONSTRAINTSOLUTION,6,"2019/05/16 06:05:00",0,"2019/05/16 06:50:00",T:T_LIPM_1,-344.29524,0,0,"2019/05/16 06:00:26",,"2013/08/21 00:00:00",1,-446.99098
D,P5MIN,CONSTRAINTSOLUTION,6,"2019/05/16 06:05:00",0,"2019/05/16 06:50:00",T:T_LIPM_2,489.12166,0,0,"2019/05/16 06:00:26",,"2013/08/21 00:00:00",1,293.37339
D,P5MIN,CONSTRAINTSOLUTION,6,"2019/05/16 06:05:00",0,"2019/05/16 06:50:00",T>>T_NIL_BL_EXP_3F,11137.81748,0,0,"2019/05/16 06:00:26",,"2017/07/17 00:00:00",1,586.90727
D,P5MIN,CONSTRAINTSOLUTION,6,"2019/05/16 06:05:00",0,"2019/05/16 06:50:00",T>>T_NIL_BL_EXP_3G,11314.60614,0,0,"2019/05/16 06:00:26",,"2017/07/17 00:00:00",1,443.55019
D,P5MIN,CONSTRAINTSOLUTION,6,"2019/05/16 06:05:00",0,"2019/05/16 06:50:00",T>>T_NIL_BL_EXP_3H,11631.82307,0,0,"2019/05/16 06:00:26",,"2017/07/17 00:00:00",1,682.30935
D,P5MIN,CONSTRAINTSOLUTION,6,"2019/05/16 06:05:00",0,"2019/05/16 06:50:00",T>>T_NIL_BL_EXP_4E,10425.40071,0,0,"2019/05/16 06:00:26",,"2016/07/26 00:00:00",1,184.53371
D,P5MIN,CONSTRAINTSOLUTION,6,"2019/05/16 06:05:00",0,"2019/05/16 06:50:00",T>>T_NIL_BL_EXP_4F,10381.83625,0,0,"2019/05/16 06:00:26",,"2016/06/16 00:00:00",1,186.6509
D,P5MIN,CONSTRAINTSOLUTION,6,"2019/05/16 06:05:00",0,"2019/05/16 06:50:00",T>>T_NIL_BL_EXP_5F,21087.67226,0,0,"2019/05/16 06:00:26",,"2017/07/17 00:00:00",1,644.54457
D,P5MIN,CONSTRAINTSOLUTION,6,"2019/05/16 06:05:00",0,"2019/05/16 06:50:00",T>>T_NIL_BL_EXP_5G,11323.66295,0,0,"2019/05/16 06:00:26",,"2017/07/17 00:00:00",1,534.26199
D,P5MIN,CONSTRAINTSOLUTION,6,"2019/05/16 06:05:00",0,"2019/05/16 06:50:00",T>>T_NIL_BL_EXP_5H,11525.13324,0,0,"2019/05/16 06:00:26",,"2017/07/17 00:00:00",1,739.55266
D,P5MIN,CONSTRAINTSOLUTION,6,"2019/05/16 06:05:00",0,"2019/05/16 06:50:00",T>>T_NIL_BL_EXP_6E,21030.20735,0,0,"2019/05/16 06:00:26",,"2017/07/17 00:00:00",1,806.75233
D,P5MIN,CONSTRAINTSOLUTION,6,"2019/05/16 06:05:00",0,"2019/05/16 06:50:00",T>>T_NIL_BL_EXP_6F,21104.73268,0,0,"2019/05/16 06:00:26",,"2017/07/17 00:00:00",1,676.49791
D,P5MIN,CONSTRAINTSOLUTION,6,"2019/05/16 06:05:00",0,"2019/05/16 06:50:00",T>>T_NIL_BL_EXP_7C,20569.57316,0,0,"2019/05/16 06:00:26",,"2017/07/17 00:00:00",1,503.49791
D,P5MIN,CONSTRAINTSOLUTION,6,"2019/05/16 06:05:00",0,"2019/05/16 06:50:00",T>T_LIPM_110_2A,-358.93,-0.17,0,"2019/05/16 06:00:26",,"2019/04/24 00:00:00",2,-358.92999
D,P5MIN,CONSTRAINTSOLUTION,6,"2019/05/16 06:05:00",0,"2019/05/16 06:50:00",T>T_LIPM_110_2B,514.39996,0,0,"2019/05/16 06:00:26",,"2019/04/24 00:00:00",2,358.92999
D,P5MIN,CONSTRAINTSOLUTION,6,"2019/05/16 06:05:00",0,"2019/05/16 06:50:00",T>T_LIPM_110_3_1,336.02049,0,0,"2019/05/16 06:00:26",,"2019/04/24 00:00:00",2,159.41376
D,P5MIN,CONSTRAINTSOLUTION,6,"2019/05/16 06:05:00",0,"2019/05/16 06:50:00",T>T_LIPM_110_5,-33.30755,0,0,"2019/05/16 06:00:26",,"2019/04/24 00:00:00",2,-239.92014
D,P5MIN,CONSTRAINTSOLUTION,6,"2019/05/16 06:05:00",0,"2019/05/16 06:50:00",T>T_NIL_110_4,235.66543,0,0,"2019/05/16 06:00:26",,"2019/01/11 00:00:00",1,-51.83247
D,P5MIN,CONSTRAINTSOLUTION,6,"2019/05/16 06:05:00",0,"2019/05/16 06:50:00",T>T_NIL_110_5,372.54323,0,0,"2019/05/16 06:00:26",,"2019/01/11 00:00:00",1,51.83247
D,P5MIN,CONSTRAINTSOLUTION,6,"2019/05/16 06:05:00",0,"2019/05/16 06:50:00",T>T_NIL_BL_110_18_1,324.14476,0,0,"2019/05/16 06:00:26",,"2019/01/11 00:00:00",1,149.27716
D,P5MIN,CONSTRAINTSOLUTION,6,"2019/05/16 06:05:00",0,"2019/05/16 06:50:00",T>T_NIL_BL_110_8,288.23899,0,0,"2019/05/16 06:00:26",,"2019/01/11 00:00:00",1,134.60171
D,P5MIN,CONSTRAINTSOLUTION,6,"2019/05/16 06:05:00",0,"2019/05/16 06:50:00",T>T_NIL_BL_220_6B,1027.72736,0,0,"2019/05/16 06:00:26",,"2019/01/11 00:00:00",1,331.24142
D,P5MIN,CONSTRAINTSOLUTION,6,"2019/05/16 06:05:00",0,"2019/05/16 06:50:00",T>T_NIL_BL_3A,1612.29628,0,0,"2019/05/16 06:00:26",,"2019/01/11 00:00:00",1,491.68167
D,P5MIN,CONSTRAINTSOLUTION,6,"2019/05/16 06:05:00",0,"2019/05/16 06:50:00",T>T_NIL_BL_3B,1611.53033,0,0,"2019/05/16 06:00:26",,"2019/01/11 00:00:00",1,491.68167
D,P5MIN,CONSTRAINTSOLUTION,6,"2019/05/16 06:05:00",0,"2019/05/16 06:50:00",T>T_NIL_BL_3C,11184.71704,0,0,"2019/05/16 06:00:26",,"2017/07/17 00:00:00",1,493.47727
D,P5MIN,CONSTRAINTSOLUTION,6,"2019/05/16 06:05:00",0,"2019/05/16 06:50:00",T>T_NIL_BL_3D,11361.91178,0,0,"2019/05/16 06:00:26",,"2017/07/17 00:00:00",1,348.96019
D,P5MIN,CONSTRAINTSOLUTION,6,"2019/05/16 06:05:00",0,"2019/05/16 06:50:00",T>T_NIL_BL_3E,11678.94713,0,0,"2019/05/16 06:00:26",,"2017/07/17 00:00:00",1,588.62935
D,P5MIN,CONSTRAINTSOLUTION,6,"2019/05/16 06:05:00",0,"2019/05/16 06:50:00",T>T_NIL_BL_4A,634.92262,0,0,"2019/05/16 06:00:26",,"2019/01/11 00:00:00",1,88.78923
D,P5MIN,CONSTRAINTSOLUTION,6,"2019/05/16 06:05:00",0,"2019/05/16 06:50:00",T>T_NIL_BL_4B,635.19296,0,0,"2019/05/16 06:00:26",,"2019/01/11 00:00:00",1,88.78923
D,P5MIN,CONSTRAINTSOLUTION,6,"2019/05/16 06:05:00",0,"2019/05/16 06:50:00",T>T_NIL_BL_4C,10810.66204,0,0,"2019/05/16 06:00:26",,"2016/07/26 00:00:00",1,144.14672
D,P5MIN,CONSTRAINTSOLUTION,6,"2019/05/16 06:05:00",0,"2019/05/16 06:50:00",T>T_NIL_BL_4D,10965.64597,0,0,"2019/05/16 06:00:26",,"2016/07/26 00:00:00",1,195.28659
D,P5MIN,CONSTRAINTSOLUTION,6,"2019/05/16 06:05:00",0,"2019/05/16 06:50:00",T>T_NIL_BL_5A,1486.85931,0,0,"2019/05/16 06:00:26",,"2019/01/11 00:00:00",1,553.59134
D,P5MIN,CONSTRAINTSOLUTION,6,"2019/05/16 06:05:00",0,"2019/05/16 06:50:00",T>T_NIL_BL_5B,1486.23758,0,0,"2019/05/16 06:00:26",,"2019/01/11 00:00:00",1,553.59134
D,P5MIN,CONSTRAINTSOLUTION,6,"2019/05/16 06:05:00",0,"2019/05/16 06:50:00",T>T_NIL_BL_5C,11132.77546,0,0,"2019/05/16 06:00:26",,"2017/07/17 00:00:00",1,553.57457
D,P5MIN,CONSTRAINTSOLUTION,6,"2019/05/16 06:05:00",0,"2019/05/16 06:50:00",T>T_NIL_BL_5D,11373.66931,0,0,"2019/05/16 06:00:26",,"2017/07/17 00:00:00",1,434.26199
D,P5MIN,CONSTRAINTSOLUTION,6,"2019/05/16 06:05:00",0,"2019/05/16 06:50:00",T>T_NIL_BL_5E,11571.79138,0,0,"2019/05/16 06:00:26",,"2017/07/17 00:00:00",1,646.76266
D,P5MIN,CONSTRAINTSOLUTION,6,"2019/05/16 06:05:00",0,"2019/05/16 06:50:00",T>T_NIL_BL_6A,1450.40501,0,0,"2019/05/16 06:00:26",,"2019/01/11 00:00:00",1,706.7455
D,P5MIN,CONSTRAINTSOLUTION,6,"2019/05/16 06:05:00",0,"2019/05/16 06:50:00",T>T_NIL_BL_6B,1449.72909,0,0,"2019/05/16 06:00:26",,"2019/01/11 00:00:00",1,706.7455
D,P5MIN,CONSTRAINTSOLUTION,6,"2019/05/16 06:05:00",0,"2019/05/16 06:50:00",T>T_NIL_BL_6C,11080.21981,0,0,"2019/05/16 06:00:26",,"2017/07/17 00:00:00",1,379.75233
D,P5MIN,CONSTRAINTSOLUTION,6,"2019/05/16 06:05:00",0,"2019/05/16 06:50:00",T>T_NIL_BL_6D,11155.36267,0,0,"2019/05/16 06:00:26",,"2017/07/17 00:00:00",1,249.49791
D,P5MIN,CONSTRAINTSOLUTION,6,"2019/05/16 06:05:00",0,"2019/05/16 06:50:00",T>T_NIL_BL_IMP_2B,937.37446,0,0,"2019/05/16 06:00:26",,"2019/01/11 00:00:00",1,226.68399
D,P5MIN,CONSTRAINTSOLUTION,6,"2019/05/16 06:05:00",0,"2019/05/16 06:50:00",T>T_NIL_BL_IMP_3F,1207.12764,0,0,"2019/05/16 06:00:26",,"2019/01/11 00:00:00",1,491.70664
D,P5MIN,CONSTRAINTSOLUTION,6,"2019/05/16 06:05:00",0,"2019/05/16 06:50:00",T>T_NIL_BL_IMP_3FF,1206.62552,0,0,"2019/05/16 06:00:26",,"2019/01/11 00:00:00",1,491.70664
D,P5MIN,CONSTRAINTSOLUTION,6,"2019/05/16 06:05:00",0,"2019/05/16 06:50:00",T>T_NIL_BL_IMP_3G,1379.32604,0,0,"2019/05/16 06:00:26",,"2019/01/11 00:00:00",1,347.42606
D,P5MIN,CONSTRAINTSOLUTION,6,"2019/05/16 06:05:00",0,"2019/05/16 06:50:00",T>T_NIL_BL_IMP_3H,1715.82133,0,0,"2019/05/16 06:00:26",,"2019/01/11 00:00:00",1,586.85287
D,P5MIN,CONSTRAINTSOLUTION,6,"2019/05/16 06:05:00",0,"2019/05/16 06:50:00",T>T_NIL_BL_IMP_4E,495.48085,0,0,"2019/05/16 06:00:26",,"2019/01/11 00:00:00",1,88.77239
D,P5MIN,CONSTRAINTSOLUTION,6,"2019/05/16 06:05:00",0,"2019/05/16 06:50:00",T>T_NIL_BL_IMP_4EE,495.68384,0,0,"2019/05/16 06:00:26",,"2019/01/11 00:00:00",1,88.77239
D,P5MIN,CONSTRAINTSOLUTION,6,"2019/05/16 06:05:00",0,"2019/05/16 06:50:00",T>T_NIL_BL_IMP_4F,451.8293,0,0,"2019/05/16 06:00:26",,"2019/01/11 00:00:00",1,91.25315
D,P5MIN,CONSTRAINTSOLUTION,6,"2019/05/16 06:05:00",0,"2019/05/16 06:50:00",T>T_NIL_BL_IMP_5F,1152.72458,0,0,"2019/05/16 06:00:26",,"2019/01/11 00:00:00",1,553.57457
D,P5MIN,CONSTRAINTSOLUTION,6,"2019/05/16 06:05:00",0,"2019/05/16 06:50:00",T>T_NIL_BL_IMP_5FF,1152.32021,0,0,"2019/05/16 06:00:26",,"2019/01/11 00:00:00",1,553.57457
D,P5MIN,CONSTRAINTSOLUTION,6,"2019/05/16 06:05:00",0,"2019/05/16 06:50:00",T>T_NIL_BL_IMP_5G,1383.41435,0,0,"2019/05/16 06:00:26",,"2019/01/11 00:00:00",1,434.26199
D,P5MIN,CONSTRAINTSOLUTION,6,"2019/05/16 06:05:00",0,"2019/05/16 06:50:00",T>T_NIL_BL_IMP_5H,1599.73816,0,0,"2019/05/16 06:00:26",,"2019/01/11 00:00:00",1,647.0126
D,P5MIN,CONSTRAINTSOLUTION,6,"2019/05/16 06:05:00",0,"2019/05/16 06:50:00",T>T_NIL_BL_IMP_6E,1078.97481,0,0,"2019/05/16 06:00:26",,"2019/01/11 00:00:00",1,706.75233
D,P5MIN,CONSTRAINTSOLUTION,6,"2019/05/16 06:05:00",0,"2019/05/16 06:50:00",T>T_NIL_BL_IMP_6EE,1078.97481,0,0,"2019/05/16 06:00:26",,"2019/01/11 00:00:00",1,706.75233
D,P5MIN,CONSTRAINTSOLUTION,6,"2019/05/16 06:05:00",0,"2019/05/16 06:50:00",T>T_NIL_BL_IMP_6F,1169.80434,0,0,"2019/05/16 06:00:26",,"2019/01/11 00:00:00",1,576.49791
D,P5MIN,CONSTRAINTSOLUTION,6,"2019/05/16 06:05:00",0,"2019/05/16 06:50:00",T>T_NIL_BL_IMP_7C,629.63759,0,0,"2019/05/16 06:00:26",,"2019/01/11 00:00:00",1,403.49791
D,P5MIN,CONSTRAINTSOLUTION,6,"2019/05/16 06:05:00",0,"2019/05/16 06:50:00",T>T_NIL_BL_IMP_7CC,629.13772,0,0,"2019/05/16 06:00:26",,"2019/01/11 00:00:00",1,403.49791
D,P5MIN,CONSTRAINTSOLUTION,6,"2019/05/16 06:05:00",0,"2019/05/16 06:50:00",T>T_NIL_BL_IMP_8B,1014.70561,0,0,"2019/05/16 06:00:26",,"2019/01/11 00:00:00",1,302.78217
D,P5MIN,CONSTRAINTSOLUTION,6,"2019/05/16 06:05:00",0,"2019/05/16 06:50:00",T>T_NIL_BL_IMP_8C,47.6219,0,0,"2019/05/16 06:00:26",,"2019/01/11 00:00:00",1,-302.78217
D,P5MIN,CONSTRAINTSOLUTION,6,"2019/05/16 06:05:00",0,"2019/05/16 06:50:00",T>T_NIL_NCSPS5_3F,11207.81228,0,0,"2019/05/16 06:00:26",,"2019/01/11 00:00:00",1,491.70664
D,P5MIN,CONSTRAINTSOLUTION,6,"2019/05/16 06:05:00",0,"2019/05/16 06:50:00",T>T_NIL_NCSPS5_3FF,11207.81228,0,0,"2019/05/16 06:00:26",,"2019/01/11 00:00:00",1,491.70664
D,P5MIN,CONSTRAINTSOLUTION,6,"2019/05/16 06:05:00",0,"2019/05/16 06:50:00",T>T_NIL_NCSPS5_3G,11380.19805,0,0,"2019/05/16 06:00:26",,"2019/01/11 00:00:00",1,347.42606
D,P5MIN,CONSTRAINTSOLUTION,6,"2019/05/16 06:05:00",0,"2019/05/16 06:50:00",T>T_NIL_NCSPS5_3H,11716.92826,0,0,"2019/05/16 06:00:26",,"2019/01/11 00:00:00",1,586.85287
D,P5MIN,CONSTRAINTSOLUTION,6,"2019/05/16 06:05:00",0,"2019/05/16 06:50:00",T>T_NIL_NCSPS5_7C,10658.9539,0,0,"2019/05/16 06:00:26",,"2019/01/11 00:00:00",1,403.49791
D,P5MIN,CONSTRAINTSOLUTION,6,"2019/05/16 06:05:00",0,"2019/05/16 06:50:00",T>T_NIL_TOV_5F,11405.41176,0,0,"2019/05/16 06:00:26",,"2019/01/11 00:00:00",1,553.57457
D,P5MIN,CONSTRAINTSOLUTION,6,"2019/05/16 06:05:00",0,"2019/05/16 06:50:00",T>T_NIL_TOV_5FF,11405.41176,0,0,"2019/05/16 06:00:26",,"2019/01/11 00:00:00",1,553.57457
D,P5MIN,CONSTRAINTSOLUTION,6,"2019/05/16 06:05:00",0,"2019/05/16 06:50:00",TVBL_ROC,107.90269,0,0,"2019/05/16 06:00:26",,"2014/01/15 00:00:00",1,-100
D,P5MIN,CONSTRAINTSOLUTION,6,"2019/05/16 06:05:00",0,"2019/05/16 06:50:00",T^T_LIPM_1,-139.24196,0,0,"2019/05/16 06:00:26",,"2017/07/05 00:00:00",1,-193.45389
D,P5MIN,CONSTRAINTSOLUTION,6,"2019/05/16 06:05:00",0,"2019/05/16 06:50:00",T^T_NIL_BL_1,1696.23909,0,0,"2019/05/16 06:00:26",,"2017/07/05 00:00:00",1,45.73766
D,P5MIN,CONSTRAINTSOLUTION,6,"2019/05/16 06:05:00",0,"2019/05/16 06:50:00",T^T_NIL_BL_2,12701.01168,0,0,"2019/05/16 06:00:26",,"2017/07/05 00:00:00",1,-157.23997
D,P5MIN,CONSTRAINTSOLUTION,6,"2019/05/16 06:05:00",0,"2019/05/16 06:50:00",T^T_NIL_BL_4,1885.07051,0,0,"2019/05/16 06:00:26",,"2017/07/05 00:00:00",1,-139.82323
D,P5MIN,CONSTRAINTSOLUTION,6,"2019/05/16 06:05:00",0,"2019/05/16 06:50:00",T^T_NIL_BL_5,763.03582,0,0,"2019/05/16 06:00:26",,"2017/07/05 00:00:00",1,-121.47077
D,P5MIN,CONSTRAINTSOLUTION,6,"2019/05/16 06:05:00",0,"2019/05/16 06:50:00",T^T_NIL_BL_6,138.34555,0,0,"2019/05/16 06:00:26",,"2017/07/05 00:00:00",1,-129.90953
D,P5MIN,CONSTRAINTSOLUTION,6,"2019/05/16 06:05:00",0,"2019/05/16 06:50:00",T^T_NIL_BL_7,989.89566,0,0,"2019/05/16 06:00:26",,"2017/07/05 00:00:00",1,-114.31346
D,P5MIN,CONSTRAINTSOLUTION,6,"2019/05/16 06:05:00",0,"2019/05/16 06:50:00",T^V_LIPM_BL_6,591.42173,0,0,"2019/05/16 06:00:26",,"2013/08/21 00:00:00",1,-100
D,P5MIN,CONSTRAINTSOLUTION,6,"2019/05/16 06:05:00",0,"2019/05/16 06:50:00",T^V_NIL_10,10688.86472,0,0,"2019/05/16 06:00:26",,"2017/10/10 00:00:00",1,-100
D,P5MIN,CONSTRAINTSOLUTION,6,"2019/05/16 06:05:00",0,"2019/05/16 06:50:00",T^V_NIL_11,10513.5484,0,0,"2019/05/16 06:00:26",,"2019/01/25 00:00:00",1,-79.8009
D,P5MIN,CONSTRAINTSOLUTION,6,"2019/05/16 06:05:00",0,"2019/05/16 06:50:00",T^V_NIL_8,10321.21922,0,0,"2019/05/16 06:00:26",,"2018/05/31 00:00:00",1,-125.0095
D,P5MIN,CONSTRAINTSOLUTION,6,"2019/05/16 06:05:00",0,"2019/05/16 06:50:00",T^V_NIL_9,594,0,0,"2019/05/16 06:00:26",,"2015/09/29 00:00:00",1,-100
D,P5MIN,CONSTRAINTSOLUTION,6,"2019/05/16 06:05:00",0,"2019/05/16 06:50:00",T^V_NIL_BL_6,604.96299,0,0,"2019/05/16 06:00:26",,"2013/08/21 00:00:00",1,-100
D,P5MIN,CONSTRAINTSOLUTION,6,"2019/05/16 06:05:00",0,"2019/05/16 06:50:00",T_LIPM1_SLOAD_1_N-2,526.39645,0,0,"2019/05/16 06:00:26",,"2019/05/10 00:00:00",1,358.92999
D,P5MIN,CONSTRAINTSOLUTION,6,"2019/05/16 06:05:00",0,"2019/05/16 06:50:00",T_ROCOF_1,749.61798,0,0,"2019/05/16 06:00:26",,"2014/07/31 00:00:00",1,152.02743
D,P5MIN,CONSTRAINTSOLUTION,6,"2019/05/16 06:05:00",0,"2019/05/16 06:50:00",T_ROCOF_2,10774.88433,0,0,"2019/05/16 06:00:26",,"2014/07/31 00:00:00",1,115.18803
D,P5MIN,CONSTRAINTSOLUTION,6,"2019/05/16 06:05:00",0,"2019/05/16 06:50:00",T_ROCOF_3,11279.64898,0,0,"2019/05/16 06:00:26",,"2014/01/09 00:00:00",1,124.332
D,P5MIN,CONSTRAINTSOLUTION,6,"2019/05/16 06:05:00",0,"2019/05/16 06:50:00",T_V_NIL_BL1,-50,0,0,"2019/05/16 06:00:26",,"2008/05/26 00:00:00",1,-100
D,P5MIN,CONSTRAINTSOLUTION,6,"2019/05/16 06:05:00",0,"2019/05/16 06:50:00",T_V_NIL_FCSPS,371.75995,0,0,"2019/05/16 06:00:26",,"2013/08/21 00:00:00",1,-100
D,P5MIN,CONSTRAINTSOLUTION,6,"2019/05/16 06:05:00",0,"2019/05/16 06:50:00",V::N_NIL_Q1,20090.27552,0,0,"2019/05/16 06:00:26",,"2019/05/01 00:00:00",1,-1270.08669
D,P5MIN,CONSTRAINTSOLUTION,6,"2019/05/16 06:05:00",0,"2019/05/16 06:50:00",V::N_NIL_Q2,10090.27552,0,0,"2019/05/16 06:00:26",,"2019/05/01 00:00:00",1,-1107.94069
D,P5MIN,CONSTRAINTSOLUTION,6,"2019/05/16 06:05:00",0,"2019/05/16 06:50:00",V::N_NIL_S,868.51244,0,0,"2019/05/16 06:00:26",,"2019/05/01 00:00:00",1,-475.7675
D,P5MIN,CONSTRAINTSOLUTION,6,"2019/05/16 06:05:00",0,"2019/05/16 06:50:00",V::N_NIL_SD,10714.70907,0,0,"2019/05/16 06:00:26",,"2019/05/01 00:00:00",1,-452.64748
D,P5MIN,CONSTRAINTSOLUTION,6,"2019/05/16 06:05:00",0,"2019/05/16 06:50:00",V::N_NIL_V,793.77289,0,0,"2019/05/16 06:00:26",,"2019/05/01 00:00:00",1,-505.36964
D,P5MIN,CONSTRAINTSOLUTION,6,"2019/05/16 06:05:00",0,"2019/05/16 06:50:00",V::S_NIL_MAXG_1,670.63669,0,0,"2019/05/16 06:00:26",,"2019/02/05 00:00:00",1,-210.3444
D,P5MIN,CONSTRAINTSOLUTION,6,"2019/05/16 06:05:00",0,"2019/05/16 06:50:00",V::S_NIL_MAXG_2,10000,0,0,"2019/05/16 06:00:26",,"2019/02/05 00:00:00",1,-210.14161
D,P5MIN,CONSTRAINTSOLUTION,6,"2019/05/16 06:05:00",0,"2019/05/16 06:50:00",V::S_NIL_MAXG_3,10000,0,0,"2019/05/16 06:00:26",,"2019/02/05 00:00:00",1,-210.60513
D,P5MIN,CONSTRAINTSOLUTION,6,"2019/05/16 06:05:00",0,"2019/05/16 06:50:00",V::S_NIL_MAXG_SECP_1,10000,0,0,"2019/05/16 06:00:26",,"2019/02/11 00:00:00",1,-209.85191
D,P5MIN,CONSTRAINTSOLUTION,6,"2019/05/16 06:05:00",0,"2019/05/16 06:50:00",V::S_NIL_MAXG_SECP_2,10000,0,0,"2019/05/16 06:00:26",,"2019/02/11 00:00:00",1,-210.14161
D,P5MIN,CONSTRAINTSOLUTION,6,"2019/05/16 06:05:00",0,"2019/05/16 06:50:00",V::S_NIL_SETB_SECP_1,10000,0,0,"2019/05/16 06:00:26",,"2019/02/11 00:00:00",1,-209.59118
D,P5MIN,CONSTRAINTSOLUTION,6,"2019/05/16 06:05:00",0,"2019/05/16 06:50:00",V::S_NIL_SETB_SECP_2,10000,0,0,"2019/05/16 06:00:26",,"2019/02/11 00:00:00",1,-209.67809
D,P5MIN,CONSTRAINTSOLUTION,6,"2019/05/16 06:05:00",0,"2019/05/16 06:50:00",V::S_NIL_TBSE_1,776.51438,0,0,"2019/05/16 06:00:26",,"2019/02/04 00:00:00",1,-209.59118
D,P5MIN,CONSTRAINTSOLUTION,6,"2019/05/16 06:05:00",0,"2019/05/16 06:50:00",V::S_NIL_TBSE_2,10000,0,0,"2019/05/16 06:00:26",,"2019/02/04 00:00:00",1,-209.67809
D,P5MIN,CONSTRAINTSOLUTION,6,"2019/05/16 06:05:00",0,"2019/05/16 06:50:00",V::S_TBTX_MAXG,664.49456,0,0,"2019/05/16 06:00:26",,"2019/02/21 00:00:00",1,-210.28646
D,P5MIN,CONSTRAINTSOLUTION,6,"2019/05/16 06:05:00",0,"2019/05/16 06:50:00",V::S_TBTX_MAXG_2-DS,10000,0,0,"2019/05/16 06:00:26",,"2019/02/21 00:00:00",1,-209.44633
D,P5MIN,CONSTRAINTSOLUTION,6,"2019/05/16 06:05:00",0,"2019/05/16 06:50:00",V::S_TBTX_SETB,769.93653,0,0,"2019/05/16 06:00:26",,"2019/02/21 00:00:00",1,-209.04075
D,P5MIN,CONSTRAINTSOLUTION,6,"2019/05/16 06:05:00",0,"2019/05/16 06:50:00",V::S_TBTX_SETB_2-DS,10000,0,0,"2019/05/16 06:00:26",,"2019/02/21 00:00:00",1,-209.44633
D,P5MIN,CONSTRAINTSOLUTION,6,"2019/05/16 06:05:00",0,"2019/05/16 06:50:00",V::V_1900,1968.10001,0,0,"2019/05/16 06:00:26",,"2018/08/24 00:00:00",1,530.37571
D,P5MIN,CONSTRAINTSOLUTION,6,"2019/05/16 06:05:00",0,"2019/05/16 06:50:00",V:SS_680_OSC_AUTO,10000,0,0,"2019/05/16 06:00:26",,"2016/06/30 00:00:00",1,-230.51715
D,P5MIN,CONSTRAINTSOLUTION,6,"2019/05/16 06:05:00",0,"2019/05/16 06:50:00",V:SS_790_1,10000,0,0,"2019/05/16 06:00:26",,"2016/08/16 00:00:00",1,-230.51715
D,P5MIN,CONSTRAINTSOLUTION,6,"2019/05/16 06:05:00",0,"2019/05/16 06:50:00",V:SS_790_OSC_AUTO,10790,0,0,"2019/05/16 06:00:26",,"2016/06/30 00:00:00",1,-230.51715
D,P5MIN,CONSTRAINTSOLUTION,6,"2019/05/16 06:05:00",0,"2019/05/16 06:50:00",V:SS_820_HY_TEST,820,0,0,"2019/05/16 06:00:26",,"2018/08/07 00:00:00",1,-230.51715
D,P5MIN,CONSTRAINTSOLUTION,6,"2019/05/16 06:05:00",0,"2019/05/16 06:50:00",V:SS_820_HY_TEST_DYN,820,0,0,"2019/05/16 06:00:26",,"2016/11/21 00:00:00",1,-230.51715
D,P5MIN,CONSTRAINTSOLUTION,6,"2019/05/16 06:05:00",0,"2019/05/16 06:50:00",V:SS_870_HY_TEST,870,0,0,"2019/05/16 06:00:26",,"2018/08/07 00:00:00",1,-230.51715
D,P5MIN,CONSTRAINTSOLUTION,6,"2019/05/16 06:05:00",0,"2019/05/16 06:50:00",V:SS_870_HY_TEST_DYN,870,0,0,"2019/05/16 06:00:26",,"2016/11/21 00:00:00",1,-230.51715
D,P5MIN,CONSTRAINTSOLUTION,6,"2019/05/16 06:05:00",0,"2019/05/16 06:50:00",V:SS_920,920,0,0,"2019/05/16 06:00:26",,"2018/08/07 00:00:00",1,-230.51715
D,P5MIN,CONSTRAINTSOLUTION,6,"2019/05/16 06:05:00",0,"2019/05/16 06:50:00",V:S_460_OSC_AUTO,10000,0,0,"2019/05/16 06:00:26",,"2016/06/30 00:00:00",1,-212.51715
D,P5MIN,CONSTRAINTSOLUTION,6,"2019/05/16 06:05:00",0,"2019/05/16 06:50:00",V:S_570_1,10000,0,0,"2019/05/16 06:00:26",,"2016/08/16 00:00:00",1,-212.51715
D,P5MIN,CONSTRAINTSOLUTION,6,"2019/05/16 06:05:00",0,"2019/05/16 06:50:00",V:S_570_OSC_AUTO,10570,0,0,"2019/05/16 06:00:26",,"2016/06/30 00:00:00",1,-212.51715
D,P5MIN,CONSTRAINTSOLUTION,6,"2019/05/16 06:05:00",0,"2019/05/16 06:50:00",V:S_600_HY_TEST,600,0,0,"2019/05/16 06:00:26",,"2018/08/07 00:00:00",1,-212.51715
D,P5MIN,CONSTRAINTSOLUTION,6,"2019/05/16 06:05:00",0,"2019/05/16 06:50:00",V:S_600_HY_TEST_DYN,600,0,0,"2019/05/16 06:00:26",,"2016/11/21 00:00:00",1,-212.51715
D,P5MIN,CONSTRAINTSOLUTION,6,"2019/05/16 06:05:00",0,"2019/05/16 06:50:00",V:S_650_HY_TEST,650,0,0,"2019/05/16 06:00:26",,"2018/08/07 00:00:00",1,-212.51715
D,P5MIN,CONSTRAINTSOLUTION,6,"2019/05/16 06:05:00",0,"2019/05/16 06:50:00",V:S_650_HY_TEST_DYN,650,0,0,"2019/05/16 06:00:26",,"2016/11/21 00:00:00",1,-212.51715
D,P5MIN,CONSTRAINTSOLUTION,6,"2019/05/16 06:05:00",0,"2019/05/16 06:50:00",V:S_700,700,0,0,"2019/05/16 06:00:26",,"2018/08/07 00:00:00",1,-212.51715
D,P5MIN,CONSTRAINTSOLUTION,6,"2019/05/16 06:05:00",0,"2019/05/16 06:50:00",V:T_NIL_BL_1,889.41518,0,0,"2019/05/16 06:00:26",,"2013/08/21 00:00:00",1,100
D,P5MIN,CONSTRAINTSOLUTION,6,"2019/05/16 06:05:00",0,"2019/05/16 06:50:00",V>>N-NIL_HA,1550.5973,0,0,"2019/05/16 06:00:26",,"2019/05/06 00:00:00",1,430.8894
D,P5MIN,CONSTRAINTSOLUTION,6,"2019/05/16 06:05:00",0,"2019/05/16 06:50:00",V>>N-NIL_HB,1606.42443,0,0,"2019/05/16 06:00:26",,"2019/05/06 00:00:00",1,464.61716
D,P5MIN,CONSTRAINTSOLUTION,6,"2019/05/16 06:05:00",0,"2019/05/16 06:50:00",V>>N-NIL_HG,1646.98341,0,0,"2019/05/16 06:00:26",,"2019/05/06 00:00:00",1,340.93485
D,P5MIN,CONSTRAINTSOLUTION,6,"2019/05/16 06:05:00",0,"2019/05/16 06:50:00",V>>N-NIL_HH,2173.76665,0,0,"2019/05/16 06:00:26",,"2019/05/06 00:00:00",1,602.84586
D,P5MIN,CONSTRAINTSOLUTION,6,"2019/05/16 06:05:00",0,"2019/05/16 06:50:00",V>>SML_NIL_5,718.2471,0,0,"2019/05/16 06:00:26",,"2019/05/06 00:00:00",1,-125.83833
D,P5MIN,CONSTRAINTSOLUTION,6,"2019/05/16 06:05:00",0,"2019/05/16 06:50:00",V>>SML_NIL_6,729.31728,0,0,"2019/05/16 06:00:26",,"2019/05/06 00:00:00",1,49.77857
D,P5MIN,CONSTRAINTSOLUTION,6,"2019/05/16 06:05:00",0,"2019/05/16 06:50:00",V>>SML_NIL_7A,10139.57904,0,0,"2019/05/16 06:00:26",,"2019/04/23 00:00:00",1,-36.15776
D,P5MIN,CONSTRAINTSOLUTION,6,"2019/05/16 06:05:00",0,"2019/05/16 06:50:00",V>>SML_NIL_7B,10174.17052,0,0,"2019/05/16 06:00:26",,"2019/05/06 00:00:00",1,-37.35249
D,P5MIN,CONSTRAINTSOLUTION,6,"2019/05/16 06:05:00",0,"2019/05/16 06:50:00",V>>SML_NIL_7C,10182.84985,0,0,"2019/05/16 06:00:26",,"2019/04/23 00:00:00",1,-37.19978
D,P5MIN,CONSTRAINTSOLUTION,6,"2019/05/16 06:05:00",0,"2019/05/16 06:50:00",V>>SML_NIL_8,400.57459,0,0,"2019/05/16 06:00:26",,"2019/05/06 00:00:00",1,-51.43527
D,P5MIN,CONSTRAINTSOLUTION,6,"2019/05/16 06:05:00",0,"2019/05/16 06:50:00",V>>SML_NIL_8_5M,400.57459,0,0,"2019/05/16 06:00:26",,"2019/05/06 00:00:00",1,-51.43527
D,P5MIN,CONSTRAINTSOLUTION,6,"2019/05/16 06:05:00",0,"2019/05/16 06:50:00",V>>SML_NSWRB_11,601.11,0,0,"2019/05/16 06:00:26",,"2019/05/06 00:00:00",1,-111.94727
D,P5MIN,CONSTRAINTSOLUTION,6,"2019/05/16 06:05:00",0,"2019/05/16 06:50:00",V>>S_NIL_DVBG_DVBR,1262.68397,0,0,"2019/05/16 06:00:26",,"2019/05/14 00:00:00",1,215.30167
D,P5MIN,CONSTRAINTSOLUTION,6,"2019/05/16 06:05:00",0,"2019/05/16 06:50:00",V>>V_NIL1A_R,1256.75672,0,0,"2019/05/16 06:00:26",,"2019/05/06 00:00:00",1,-521.27404
D,P5MIN,CONSTRAINTSOLUTION,6,"2019/05/16 06:05:00",0,"2019/05/16 06:50:00",V>>V_NIL_1A,2007.10044,0,0,"2019/05/16 06:00:26",,"2019/05/06 00:00:00",1,511.11462
D,P5MIN,CONSTRAINTSOLUTION,6,"2019/05/16 06:05:00",0,"2019/05/16 06:50:00",V>>V_NIL_1B,2011.12864,0,0,"2019/05/16 06:00:26",,"2019/05/06 00:00:00",1,511.11462
D,P5MIN,CONSTRAINTSOLUTION,6,"2019/05/16 06:05:00",0,"2019/05/16 06:50:00",V>>V_NIL_2A_R,5001.64868,0,0,"2019/05/16 06:00:26",,"2019/05/06 00:00:00",1,2652.53508
D,P5MIN,CONSTRAINTSOLUTION,6,"2019/05/16 06:05:00",0,"2019/05/16 06:50:00",V>>V_NIL_2B_R,15001.64868,0,0,"2019/05/16 06:00:26",,"2019/05/06 00:00:00",1,2472.75708
D,P5MIN,CONSTRAINTSOLUTION,6,"2019/05/16 06:05:00",0,"2019/05/16 06:50:00",V>>V_NIL_3,2242.03905,0,0,"2019/05/16 06:00:26",,"2019/05/06 00:00:00",1,521.19949
D,P5MIN,CONSTRAINTSOLUTION,6,"2019/05/16 06:05:00",0,"2019/05/16 06:50:00",V>>V_NIL_4A,1308.96705,0,0,"2019/05/16 06:00:26",,"2019/05/06 00:00:00",1,111.47571
D,P5MIN,CONSTRAINTSOLUTION,6,"2019/05/16 06:05:00",0,"2019/05/16 06:50:00",V>>V_NIL_4B,1218.00996,0,0,"2019/05/16 06:00:26",,"2019/05/06 00:00:00",1,111.43071
D,P5MIN,CONSTRAINTSOLUTION,6,"2019/05/16 06:05:00",0,"2019/05/16 06:50:00",V>>V_NIL_4C,840.78811,0,0,"2019/05/16 06:00:26",,"2019/05/06 00:00:00",1,111.52913
D,P5MIN,CONSTRAINTSOLUTION,6,"2019/05/16 06:05:00",0,"2019/05/16 06:50:00",V>>V_NIL_5,904.60528,0,0,"2019/05/16 06:00:26",,"2019/05/06 00:00:00",1,-84.61246
D,P5MIN,CONSTRAINTSOLUTION,6,"2019/05/16 06:05:00",0,"2019/05/16 06:50:00",V>>V_NIL_6,429.78722,0,0,"2019/05/16 06:00:26",,"2019/05/06 00:00:00",1,-50.94711
D,P5MIN,CONSTRAINTSOLUTION,6,"2019/05/16 06:05:00",0,"2019/05/16 06:50:00",V>>V_NIL_6A_R,6482.63216,0,0,"2019/05/16 06:00:26",,"2019/05/06 00:00:00",1,3514.03992
D,P5MIN,CONSTRAINTSOLUTION,6,"2019/05/16 06:05:00",0,"2019/05/16 06:50:00",V>>V_NIL_6B_R,16482.63216,0,0,"2019/05/16 06:00:26",,"2019/05/06 00:00:00",1,3217.79192
D,P5MIN,CONSTRAINTSOLUTION,6,"2019/05/16 06:05:00",0,"2019/05/16 06:50:00",V>SML_NSWRB_10,500.53822,0,0,"2019/05/16 06:00:26",,"2019/05/06 00:00:00",1,-100.52706
D,P5MIN,CONSTRAINTSOLUTION,6,"2019/05/16 06:05:00",0,"2019/05/16 06:50:00",V>SML_NSWRB_9,348.1359,0,0,"2019/05/16 06:00:26",,"2019/05/06 00:00:00",1,-76.06551
D,P5MIN,CONSTRAINTSOLUTION,6,"2019/05/16 06:05:00",0,"2019/05/16 06:50:00",V>S_NIL_HYSE,742,0,0,"2019/05/16 06:00:26",,"2015/07/02 00:00:00",1,-212.51715
D,P5MIN,CONSTRAINTSOLUTION,6,"2019/05/16 06:05:00",0,"2019/05/16 06:50:00",V>S_NIL_SETX_SETX,116.13251,0,0,"2019/05/16 06:00:26",,"2019/03/14 00:00:00",2,-2.897
D,P5MIN,CONSTRAINTSOLUTION,6,"2019/05/16 06:05:00",0,"2019/05/16 06:50:00",V>V_NIL_13,469.15753,0,0,"2019/05/16 06:00:26",,"2019/01/11 00:00:00",1,0.49781
D,P5MIN,CONSTRAINTSOLUTION,6,"2019/05/16 06:05:00",0,"2019/05/16 06:50:00",V>V_NIL_14,314.31627,0,0,"2019/05/16 06:00:26",,"2019/01/11 00:00:00",1,0.49782
D,P5MIN,CONSTRAINTSOLUTION,6,"2019/05/16 06:05:00",0,"2019/05/16 06:50:00",V>V_NIL_16,10282.00427,0,0,"2019/05/16 06:00:26",,"2019/01/11 00:00:00",1,0.49782
D,P5MIN,CONSTRAINTSOLUTION,6,"2019/05/16 06:05:00",0,"2019/05/16 06:50:00",V>V_NIL_17,10138.13,0,0,"2019/05/16 06:00:26",,"2019/02/28 00:00:00",1,0
D,P5MIN,CONSTRAINTSOLUTION,6,"2019/05/16 06:05:00",0,"2019/05/16 06:50:00",V>V_NIL_6,649.0902,0,0,"2019/05/16 06:00:26",,"2019/04/23 00:00:00",1,9.93574
D,P5MIN,CONSTRAINTSOLUTION,6,"2019/05/16 06:05:00",0,"2019/05/16 06:50:00",V>V_NIL_7,1050.49978,0,0,"2019/05/16 06:00:26",,"2019/01/29 00:00:00",1,32
D,P5MIN,CONSTRAINTSOLUTION,6,"2019/05/16 06:05:00",0,"2019/05/16 06:50:00",V>V_NIL_9,581.02963,0,0,"2019/05/16 06:00:26",,"2019/03/05 00:00:00",1,9.304
D,P5MIN,CONSTRAINTSOLUTION,6,"2019/05/16 06:05:00",0,"2019/05/16 06:50:00",V>V_NIL_RADIAL_10,12361.25253,0,0,"2019/05/16 06:00:26",,"2019/05/06 00:00:00",1,1456
D,P5MIN,CONSTRAINTSOLUTION,6,"2019/05/16 06:05:00",0,"2019/05/16 06:50:00",V>V_NIL_RADIAL_11,2160.8545,0,0,"2019/05/16 06:00:26",,"2019/01/11 00:00:00",1,1076
D,P5MIN,CONSTRAINTSOLUTION,6,"2019/05/16 06:05:00",0,"2019/05/16 06:50:00",VSML_220,220,0,0,"2019/05/16 06:00:26",,"2012/07/04 00:00:00",1,-18
D,P5MIN,CONSTRAINTSOLUTION,6,"2019/05/16 06:05:00",0,"2019/05/16 06:50:00",VSML_ROC_80,71,0,0,"2019/05/16 06:00:26",,"2016/08/23 00:00:00",1,-18
D,P5MIN,CONSTRAINTSOLUTION,6,"2019/05/16 06:05:00",0,"2019/05/16 06:50:00",VSML_VFRB_OFF,240,0,0,"2019/05/16 06:00:26",,"2013/08/21 00:00:00",1,-18
D,P5MIN,CONSTRAINTSOLUTION,6,"2019/05/16 06:05:00",0,"2019/05/16 06:50:00",VTBL_ROC,292.09731,0,0,"2019/05/16 06:00:26",,"2014/01/15 00:00:00",1,100
D,P5MIN,CONSTRAINTSOLUTION,6,"2019/05/16 06:05:00",0,"2019/05/16 06:50:00",V^SML_NIL_3,196.73801,0,0,"2019/05/16 06:00:26",,"2017/04/18 00:00:00",1,-18
D,P5MIN,CONSTRAINTSOLUTION,6,"2019/05/16 06:05:00",0,"2019/05/16 06:50:00",V^SML_NSWRB_2,242.22497,0,0,"2019/05/16 06:00:26",,"2018/08/06 00:00:00",1,-18
D,P5MIN,CONSTRAINTSOLUTION,6,"2019/05/16 06:05:00",0,"2019/05/16 06:50:00",V^S_HYCP,684.04844,0,0,"2019/05/16 06:00:26",,"2016/07/25 00:00:00",1,-212.51715
D,P5MIN,CONSTRAINTSOLUTION,6,"2019/05/16 06:05:00",0,"2019/05/16 06:50:00",V^^N_NIL_1,573.13324,0,0,"2019/05/16 06:00:26",,"2019/05/15 00:00:00",1,8.45941
D,P5MIN,CONSTRAINTSOLUTION,6,"2019/05/16 06:05:00",0,"2019/05/16 06:50:00",V^^S_NIL_MAXG_1,639.83123,0,0,"2019/05/16 06:00:26",,"2019/02/05 00:00:00",1,-210.22852
D,P5MIN,CONSTRAINTSOLUTION,6,"2019/05/16 06:05:00",0,"2019/05/16 06:50:00",V^^S_NIL_MAXG_2,10000,0,0,"2019/05/16 06:00:26",,"2019/02/05 00:00:00",1,-209.82294
D,P5MIN,CONSTRAINTSOLUTION,6,"2019/05/16 06:05:00",0,"2019/05/16 06:50:00",V^^S_NIL_MAXG_3,10000,0,0,"2019/05/16 06:00:26",,"2019/02/05 00:00:00",1,-210.0547
D,P5MIN,CONSTRAINTSOLUTION,6,"2019/05/16 06:05:00",0,"2019/05/16 06:50:00",V^^S_NIL_MAXG_SECP_1,10000,0,0,"2019/05/16 06:00:26",,"2019/02/11 00:00:00",1,-210.3444
D,P5MIN,CONSTRAINTSOLUTION,6,"2019/05/16 06:05:00",0,"2019/05/16 06:50:00",V^^S_NIL_MAXG_SECP_2,10000,0,0,"2019/05/16 06:00:26",,"2019/02/11 00:00:00",1,-209.82294
D,P5MIN,CONSTRAINTSOLUTION,6,"2019/05/16 06:05:00",0,"2019/05/16 06:50:00",V^^S_NIL_SETB_SECP_1,10000,0,0,"2019/05/16 06:00:26",,"2019/02/11 00:00:00",1,-209.85191
D,P5MIN,CONSTRAINTSOLUTION,6,"2019/05/16 06:05:00",0,"2019/05/16 06:50:00",V^^S_NIL_SETB_SECP_2,10000,0,0,"2019/05/16 06:00:26",,"2019/02/11 00:00:00",1,-209.70706
D,P5MIN,CONSTRAINTSOLUTION,6,"2019/05/16 06:05:00",0,"2019/05/16 06:50:00",V^^S_NIL_TBSE_1,789.40572,0,0,"2019/05/16 06:00:26",,"2019/02/04 00:00:00",1,-209.85191
D,P5MIN,CONSTRAINTSOLUTION,6,"2019/05/16 06:05:00",0,"2019/05/16 06:50:00",V^^S_NIL_TBSE_2,10000,0,0,"2019/05/16 06:00:26",,"2019/02/04 00:00:00",1,-209.70706
D,P5MIN,CONSTRAINTSOLUTION,6,"2019/05/16 06:05:00",0,"2019/05/16 06:50:00",V^^S_TBTX_MAXG,633.45831,0,0,"2019/05/16 06:00:26",,"2019/02/21 00:00:00",1,-210.11264
D,P5MIN,CONSTRAINTSOLUTION,6,"2019/05/16 06:05:00",0,"2019/05/16 06:50:00",V^^S_TBTX_MAXG_2-DS,10000,0,0,"2019/05/16 06:00:26",,"2019/02/21 00:00:00",1,-209.50427
D,P5MIN,CONSTRAINTSOLUTION,6,"2019/05/16 06:05:00",0,"2019/05/16 06:50:00",V^^S_TBTX_SETB,799.40097,0,0,"2019/05/16 06:00:26",,"2019/02/21 00:00:00",1,-209.64912
D,P5MIN,CONSTRAINTSOLUTION,6,"2019/05/16 06:05:00",0,"2019/05/16 06:50:00",V^^S_TBTX_SETB_2-DS,10000,0,0,"2019/05/16 06:00:26",,"2019/02/21 00:00:00",1,-209.4753
D,P5MIN,CONSTRAINTSOLUTION,6,"2019/05/16 06:05:00",0,"2019/05/16 06:50:00",V_GANWR_SF_BAT_50,50.001,0,0,"2019/05/16 06:00:26",,"2019/01/24 00:00:00",1,0
D,P5MIN,CONSTRAINTSOLUTION,6,"2019/05/16 06:05:00",0,"2019/05/16 06:50:00",V_S_NIL_ROCOF,1273.80002,0,0,"2019/05/16 06:00:26",,"2019/01/03 00:00:00",1,-212.51715
D,P5MIN,CONSTRAINTSOLUTION,6,"2019/05/16 06:05:00",0,"2019/05/16 06:50:00",V_T_NIL_BL1,478,0,0,"2019/05/16 06:00:26",,"2014/11/11 00:00:00",1,100
D,P5MIN,CONSTRAINTSOLUTION,6,"2019/05/16 06:05:00",0,"2019/05/16 06:50:00",V_T_NIL_FCSPS,443.3606,0,0,"2019/05/16 06:00:26",,"2016/12/20 00:00:00",1,100
D,P5MIN,CONSTRAINTSOLUTION,6,"2019/05/16 06:05:00",0,"2019/05/16 06:55:00",#R018834_001_RAMP_F,0.001,-119.04696,0,"2019/05/16 06:00:26",,"2019/05/16 00:00:00",1,0.001
D,P5MIN,CONSTRAINTSOLUTION,6,"2019/05/16 06:05:00",0,"2019/05/16 06:55:00",#R018834_001_RAMP_V,0.001,0,0,"2019/05/16 06:00:26",,"2019/05/16 00:00:00",1,0.001
D,P5MIN,CONSTRAINTSOLUTION,6,"2019/05/16 06:05:00",0,"2019/05/16 06:55:00",#R018836_001_RAMP_F,92,0,0,"2019/05/16 06:00:26",,"2019/05/16 00:00:00",1,-73
D,P5MIN,CONSTRAINTSOLUTION,6,"2019/05/16 06:05:00",0,"2019/05/16 06:55:00",#R018836_001_RAMP_V,92,0,0,"2019/05/16 06:00:26",,"2019/05/16 00:00:00",1,-73
D,P5MIN,CONSTRAINTSOLUTION,6,"2019/05/16 06:05:00",0,"2019/05/16 06:55:00",#R018836_002_RAMP_F,145,0,0,"2019/05/16 06:00:26",,"2019/05/16 00:00:00",1,73
D,P5MIN,CONSTRAINTSOLUTION,6,"2019/05/16 06:05:00",0,"2019/05/16 06:55:00",#R018836_002_RAMP_V,145,0,0,"2019/05/16 06:00:26",,"2019/05/16 00:00:00",1,73
D,P5MIN,CONSTRAINTSOLUTION,6,"2019/05/16 06:05:00",0,"2019/05/16 06:55:00",DATASNAP,10075.237,0,0,"2019/05/16 06:00:26",,"2018/04/13 00:00:00",1,-73
D,P5MIN,CONSTRAINTSOLUTION,6,"2019/05/16 06:05:00",0,"2019/05/16 06:55:00",DATASNAP_DFS_LS,10040.54472,0,0,"2019/05/16 06:00:26",,"2018/04/13 00:00:00",1,-73
D,P5MIN,CONSTRAINTSOLUTION,6,"2019/05/16 06:05:00",0,"2019/05/16 06:55:00",DATASNAP_DFS_NCAN,10422.86758,0,0,"2019/05/16 06:00:26",,"2013/08/21 00:00:00",1,-73
D,P5MIN,CONSTRAINTSOLUTION,6,"2019/05/16 06:05:00",0,"2019/05/16 06:55:00",DATASNAP_DFS_NCWEST,10491.93262,0,0,"2019/05/16 06:00:26",,"2013/08/21 00:00:00",1,-73
D,P5MIN,CONSTRAINTSOLUTION,6,"2019/05/16 06:05:00",0,"2019/05/16 06:55:00",DATASNAP_DFS_NNTH,10429.49515,0,0,"2019/05/16 06:00:26",,"2013/08/21 00:00:00",1,-73
D,P5MIN,CONSTRAINTSOLUTION,6,"2019/05/16 06:05:00",0,"2019/05/16 06:55:00",DATASNAP_DFS_NSYD,13053.99756,0,0,"2019/05/16 06:00:26",,"2013/08/21 00:00:00",1,-73
D,P5MIN,CONSTRAINTSOLUTION,6,"2019/05/16 06:05:00",0,"2019/05/16 06:55:00",DATASNAP_DFS_NTE,10016.5,0,0,"2019/05/16 06:00:26",,"2018/04/13 00:00:00",1,-73
D,P5MIN,CONSTRAINTSOLUTION,6,"2019/05/16 06:05:00",0,"2019/05/16 06:55:00",DATASNAP_DFS_QCEN,10719.8429,0,0,"2019/05/16 06:00:26",,"2013/08/21 00:00:00",1,-73
D,P5MIN,CONSTRAINTSOLUTION,6,"2019/05/16 06:05:00",0,"2019/05/16 06:55:00",DATASNAP_DFS_QCIND,10858.3009,0,0,"2019/05/16 06:00:26",,"2013/08/21 00:00:00",1,-73
D,P5MIN,CONSTRAINTSOLUTION,6,"2019/05/16 06:05:00",0,"2019/05/16 06:55:00",DATASNAP_DFS_QFNQ,10167.22055,0,0,"2019/05/16 06:00:26",,"2013/08/21 00:00:00",1,-73
D,P5MIN,CONSTRAINTSOLUTION,6,"2019/05/16 06:05:00",0,"2019/05/16 06:55:00",DATASNAP_DFS_QNTH,10612.99072,0,0,"2019/05/16 06:00:26",,"2013/08/21 00:00:00",1,-73
D,P5MIN,CONSTRAINTSOLUTION,6,"2019/05/16 06:05:00",0,"2019/05/16 06:55:00",DATASNAP_DFS_QSTHE,11788.17114,0,0,"2019/05/16 06:00:26",,"2013/08/21 00:00:00",1,-73
D,P5MIN,CONSTRAINTSOLUTION,6,"2019/05/16 06:05:00",0,"2019/05/16 06:55:00",DATASNAP_DFS_QSTHW,11721.88648,0,0,"2019/05/16 06:00:26",,"2013/08/21 00:00:00",1,-73
D,P5MIN,CONSTRAINTSOLUTION,6,"2019/05/16 06:05:00",0,"2019/05/16 06:55:00",DATASNAP_DFS_Q_BCCP,10733.14429,0,0,"2019/05/16 06:00:26",,"2015/12/16 00:00:00",1,-73
D,P5MIN,CONSTRAINTSOLUTION,6,"2019/05/16 06:05:00",0,"2019/05/16 06:55:00",DATASNAP_DFS_Q_BCRG,10781.61249,0,0,"2019/05/16 06:00:26",,"2015/12/16 00:00:00",1,-73
D,P5MIN,CONSTRAINTSOLUTION,6,"2019/05/16 06:05:00",0,"2019/05/16 06:55:00",DATASNAP_DFS_Q_CLST,10863.02783,0,0,"2019/05/16 06:00:26",,"2013/08/21 00:00:00",1,-73
D,P5MIN,CONSTRAINTSOLUTION,6,"2019/05/16 06:05:00",0,"2019/05/16 06:55:00",DATASNAP_DFS_Q_CLWU,10862.10803,0,0,"2019/05/16 06:00:26",,"2013/08/21 00:00:00",1,-73
D,P5MIN,CONSTRAINTSOLUTION,6,"2019/05/16 06:05:00",0,"2019/05/16 06:55:00",DATASNAP_DFS_Q_LCCP,10764.94641,0,0,"2019/05/16 06:00:26",,"2015/12/16 00:00:00",1,-73
D,P5MIN,CONSTRAINTSOLUTION,6,"2019/05/16 06:05:00",0,"2019/05/16 06:55:00",DATASNAP_DFS_Q_RGLC,10742.92328,0,0,"2019/05/16 06:00:26",,"2017/10/19 00:00:00",1,-73
D,P5MIN,CONSTRAINTSOLUTION,6,"2019/05/16 06:05:00",0,"2019/05/16 06:55:00",DATASNAP_DFS_Q_TAMR,10315.4393,0,0,"2019/05/16 06:00:26",,"2013/08/21 00:00:00",1,-73
D,P5MIN,CONSTRAINTSOLUTION,6,"2019/05/16 06:05:00",0,"2019/05/16 06:55:00",DATASNAP_DFS_Q_TAMR2,10315.4393,0,0,"2019/05/16 06:00:26",,"2017/10/19 00:00:00",1,-73
D,P5MIN,CONSTRAINTSOLUTION,6,"2019/05/16 06:05:00",0,"2019/05/16 06:55:00",DATASNAP_DFS_SADL,10645.47986,0,0,"2019/05/16 06:00:26",,"2013/08/21 00:00:00",1,-73
D,P5MIN,CONSTRAINTSOLUTION,6,"2019/05/16 06:05:00",0,"2019/05/16 06:55:00",DATASNAP_DFS_SNTH,10222.45367,0,0,"2019/05/16 06:00:26",,"2013/08/21 00:00:00",1,-73
D,P5MIN,CONSTRAINTSOLUTION,6,"2019/05/16 06:05:00",0,"2019/05/16 06:55:00",DATASNAP_DFS_SRIV,10036.63096,0,0,"2019/05/16 06:00:26",,"2013/08/21 00:00:00",1,-73
D,P5MIN,CONSTRAINTSOLUTION,6,"2019/05/16 06:05:00",0,"2019/05/16 06:55:00",DATASNAP_DFS_SSE,10072.76515,0,0,"2019/05/16 06:00:26",,"2013/08/21 00:00:00",1,-73
D,P5MIN,CONSTRAINTSOLUTION,6,"2019/05/16 06:05:00",0,"2019/05/16 06:55:00",DATASNAP_DFS_SWNSW,10683.52637,0,0,"2019/05/16 06:00:26",,"2018/04/13 00:00:00",1,-73
D,P5MIN,CONSTRAINTSOLUTION,6,"2019/05/16 06:05:00",0,"2019/05/16 06:55:00",DATASNAP_DFS_TNTH,10115.55936,0,0,"2019/05/16 06:00:26",,"2013/08/21 00:00:00",1,-73
D,P5MIN,CONSTRAINTSOLUTION,6,"2019/05/16 06:05:00",0,"2019/05/16 06:55:00",DATASNAP_DFS_TNWEST,10136.63858,0,0,"2019/05/16 06:00:26",,"2013/08/21 00:00:00",1,-73
D,P5MIN,CONSTRAINTSOLUTION,6,"2019/05/16 06:05:00",0,"2019/05/16 06:55:00",DATASNAP_DFS_TWCST,10062.04958,0,0,"2019/05/16 06:00:26",,"2013/08/21 00:00:00",1,-73
D,P5MIN,CONSTRAINTSOLUTION,6,"2019/05/16 06:05:00",0,"2019/05/16 06:55:00",DATASNAP_DFS_T_FASH1,10603.84314,0,0,"2019/05/16 06:00:26",,"2016/03/17 00:00:00",1,-73
D,P5MIN,CONSTRAINTSOLUTION,6,"2019/05/16 06:05:00",0,"2019/05/16 06:55:00",DATASNAP_DFS_T_GOCS1,10475.63501,0,0,"2019/05/16 06:00:26",,"2016/03/17 00:00:00",1,-73
D,P5MIN,CONSTRAINTSOLUTION,6,"2019/05/16 06:05:00",0,"2019/05/16 06:55:00",DATASNAP_DFS_T_HAGT1,10460.06867,0,0,"2019/05/16 06:00:26",,"2016/03/17 00:00:00",1,-73
D,P5MIN,CONSTRAINTSOLUTION,6,"2019/05/16 06:05:00",0,"2019/05/16 06:55:00",DATASNAP_DFS_T_PMHA1,10476.4953,0,0,"2019/05/16 06:00:26",,"2016/03/17 00:00:00",1,-73
D,P5MIN,CONSTRAINTSOLUTION,6,"2019/05/16 06:05:00",0,"2019/05/16 06:55:00",DATASNAP_DFS_T_PMHA3,10145.60226,0,0,"2019/05/16 06:00:26",,"2016/03/17 00:00:00",1,-73
D,P5MIN,CONSTRAINTSOLUTION,6,"2019/05/16 06:05:00",0,"2019/05/16 06:55:00",DATASNAP_DFS_T_SHGT,10517.61713,0,0,"2019/05/16 06:00:26",,"2013/08/21 00:00:00",1,-73
D,P5MIN,CONSTRAINTSOLUTION,6,"2019/05/16 06:05:00",0,"2019/05/16 06:55:00",DATASNAP_DFS_T_SHPM,10394.73419,0,0,"2019/05/16 06:00:26",,"2016/03/17 00:00:00",1,-73
D,P5MIN,CONSTRAINTSOLUTION,6,"2019/05/16 06:05:00",0,"2019/05/16 06:55:00",DATASNAP_DFS_T_TATU,10119.94269,0,0,"2019/05/16 06:00:26",,"2013/08/21 00:00:00",1,-73
D,P5MIN,CONSTRAINTSOLUTION,6,"2019/05/16 06:05:00",0,"2019/05/16 06:55:00",DATASNAP_DFS_T_WALE,10145.79652,0,0,"2019/05/16 06:00:26",,"2016/03/17 00:00:00",1,-73
D,P5MIN,CONSTRAINTSOLUTION,6,"2019/05/16 06:05:00",0,"2019/05/16 06:55:00",DATASNAP_DFS_VIC_SG,10717.1673,0,0,"2019/05/16 06:00:26",,"2018/04/13 00:00:00",1,-73
D,P5MIN,CONSTRAINTSOLUTION,6,"2019/05/16 06:05:00",0,"2019/05/16 06:55:00",DATASNAP_DFS_VMEL,13086.47705,0,0,"2019/05/16 06:00:26",,"2013/08/21 00:00:00",1,-73
D,P5MIN,CONSTRAINTSOLUTION,6,"2019/05/16 06:05:00",0,"2019/05/16 06:55:00",DATASNAP_DFS_V_BABE,10437.45743,0,0,"2019/05/16 06:00:26",,"2013/08/21 00:00:00",1,-73
D,P5MIN,CONSTRAINTSOLUTION,6,"2019/05/16 06:05:00",0,"2019/05/16 06:55:00",DATASNAP_PDID_1,10020,0,0,"2019/05/16 06:00:26",,"2018/04/13 00:00:00",1,-73
D,P5MIN,CONSTRAINTSOLUTION,6,"2019/05/16 06:05:00",0,"2019/05/16 06:55:00",DATASNAP_Q::NIL_CS,14371.06294,0,0,"2019/05/16 06:00:26",,"2018/09/17 00:00:00",2,3867.7097
D,P5MIN,CONSTRAINTSOLUTION,6,"2019/05/16 06:05:00",0,"2019/05/16 06:55:00",DATASNAP_Q>NIL_BI_FB,10536.53039,0,0,"2019/05/16 06:00:26",,"2018/10/16 00:00:00",1,-73
D,P5MIN,CONSTRAINTSOLUTION,6,"2019/05/16 06:05:00",0,"2019/05/16 06:55:00",DATASNAP_TE_967_1,10016.5,0,0,"2019/05/16 06:00:26",,"2018/04/13 00:00:00",1,-73
D,P5MIN,CONSTRAINTSOLUTION,6,"2019/05/16 06:05:00",0,"2019/05/16 06:55:00",DATASNAP_T_PD_INER,10075.237,0,0,"2019/05/16 06:00:26",,"2018/04/13 00:00:00",1,-73
D,P5MIN,CONSTRAINTSOLUTION,6,"2019/05/16 06:05:00",0,"2019/05/16 06:55:00",DATASNAP_T_PD_INER2,10075.237,0,0,"2019/05/16 06:00:26",,"2018/04/13 00:00:00",1,-73
D,P5MIN,CONSTRAINTSOLUTION,6,"2019/05/16 06:05:00",0,"2019/05/16 06:55:00",DATA_MMS_ALERT1,10274,0,0,"2019/05/16 06:00:26",,"2013/08/21 00:00:00",1,-73
D,P5MIN,CONSTRAINTSOLUTION,6,"2019/05/16 06:05:00",0,"2019/05/16 06:55:00",DSANP_Q^^NIL_TR_CLHA,16685.80016,0,0,"2019/05/16 06:00:26",,"2018/01/10 00:00:00",1,3665.4393
D,P5MIN,CONSTRAINTSOLUTION,6,"2019/05/16 06:05:00",0,"2019/05/16 06:55:00",DSNAP_DFS_V_BABE_5M,10437.45743,0,0,"2019/05/16 06:00:26",,"2014/05/19 00:00:00",1,-73
D,P5MIN,CONSTRAINTSOLUTION,6,"2019/05/16 06:05:00",0,"2019/05/16 06:55:00",DSNAP_DFS_V_BAML,10547.03973,0,0,"2019/05/16 06:00:26",,"2014/05/19 00:00:00",1,-73
D,P5MIN,CONSTRAINTSOLUTION,6,"2019/05/16 06:05:00",0,"2019/05/16 06:55:00",DSNAP_DFS_V_BAML_5M,10612.92407,0,0,"2019/05/16 06:00:26",,"2014/05/19 00:00:00",1,-73
D,P5MIN,CONSTRAINTSOLUTION,6,"2019/05/16 06:05:00",0,"2019/05/16 06:55:00",DSNAP_DFS_V_DDMB,10596.1756,0,0,"2019/05/16 06:00:26",,"2014/05/19 00:00:00",1,-73
D,P5MIN,CONSTRAINTSOLUTION,6,"2019/05/16 06:05:00",0,"2019/05/16 06:55:00",DSNAP_DFS_V_DDMS,11405.73242,0,0,"2019/05/16 06:00:26",,"2019/01/29 00:00:00",1,-73
D,P5MIN,CONSTRAINTSOLUTION,6,"2019/05/16 06:05:00",0,"2019/05/16 06:55:00",DSNAP_DFS_V_DDSM,11177.79468,0,0,"2019/05/16 06:00:26",,"2014/05/19 00:00:00",1,-73
D,P5MIN,CONSTRAINTSOLUTION,6,"2019/05/16 06:05:00",0,"2019/05/16 06:55:00",DSNAP_DFS_V_NIL_3,12187.28616,0,0,"2019/05/16 06:00:26",,"2018/09/03 00:00:00",1,560.49494
D,P5MIN,CONSTRAINTSOLUTION,6,"2019/05/16 06:05:00",0,"2019/05/16 06:55:00",DSNAP_DFS_V_NIL_8,10737.89818,0,0,"2019/05/16 06:00:26",,"2018/09/03 00:00:00",1,-60.5707
D,P5MIN,CONSTRAINTSOLUTION,6,"2019/05/16 06:05:00",0,"2019/05/16 06:55:00",DSNAP_DFS_V_ROYP,10550.91681,0,0,"2019/05/16 06:00:26",,"2014/05/19 00:00:00",1,-73
D,P5MIN,CONSTRAINTSOLUTION,6,"2019/05/16 06:05:00",0,"2019/05/16 06:55:00",DSNAP_Q>>CPGG1_OUT,14121.3729,0,0,"2019/05/16 06:00:26",,"2018/08/24 00:00:00",1,-73
D,P5MIN,CONSTRAINTSOLUTION,6,"2019/05/16 06:05:00",0,"2019/05/16 06:55:00",DSNAP_Q>>GGWU_OUT_1,13085.61205,0,0,"2019/05/16 06:00:26",,"2018/06/27 00:00:00",1,-73
D,P5MIN,CONSTRAINTSOLUTION,6,"2019/05/16 06:05:00",0,"2019/05/16 06:55:00",DSNAP_Q>>GGWU_OUT_2,14100.55969,0,0,"2019/05/16 06:00:26",,"2018/07/19 00:00:00",1,-73
D,P5MIN,CONSTRAINTSOLUTION,6,"2019/05/16 06:05:00",0,"2019/05/16 06:55:00",DSNAP_Q>NIL_TV66,10410.96879,0,0,"2019/05/16 06:00:26",,"2018/08/17 00:00:00",2,0.002
D,P5MIN,CONSTRAINTSOLUTION,6,"2019/05/16 06:05:00",0,"2019/05/16 06:55:00",DSNAP_QNI_1100_DYN,11100,0,0,"2019/05/16 06:00:26",,"2019/03/11 00:00:00",1,615.6293
D,P5MIN,CONSTRAINTSOLUTION,6,"2019/05/16 06:05:00",0,"2019/05/16 06:55:00",DSNAP_QNI_1150_DYN,11150,0,0,"2019/05/16 06:00:26",,"2019/03/11 00:00:00",1,615.6293
D,P5MIN,CONSTRAINTSOLUTION,6,"2019/05/16 06:05:00",0,"2019/05/16 06:55:00",DSNAP_Q^CN_FDR-180,-10674.29447,0,0,"2019/05/16 06:00:26",,"2018/11/30 00:00:00",2,46.224
D,P5MIN,CONSTRAINTSOLUTION,6,"2019/05/16 06:05:00",0,"2019/05/16 06:55:00",DSNAP_Q^CN_FDR_CO_OP,-10389.19647,0,0,"2019/05/16 06:00:26",,"2018/11/30 00:00:00",2,373.74505
D,P5MIN,CONSTRAINTSOLUTION,6,"2019/05/16 06:05:00",0,"2019/05/16 06:55:00",DSNAP_Q^WOPW_WOSP_O,14409.22138,0,0,"2019/05/16 06:00:26",,"2019/05/01 00:00:00",1,3875.43256
D,P5MIN,CONSTRAINTSOLUTION,6,"2019/05/16 06:05:00",0,"2019/05/16 06:55:00",DSNAP_Q^^NIL_SRAR,10973.86409,0,0,"2019/05/16 06:00:26",,"2019/03/29 00:00:00",1,859.6185
D,P5MIN,CONSTRAINTSOLUTION,6,"2019/05/16 06:05:00",0,"2019/05/16 06:55:00",DSNAP_Q^^TR_CLHA,15405.53664,0,0,"2019/05/16 06:00:26",,"2018/01/12 00:00:00",1,2083.09972
D,P5MIN,CONSTRAINTSOLUTION,6,"2019/05/16 06:05:00",0,"2019/05/16 06:55:00",DSNAP_Q^^TR_TRBK,15697.98569,0,0,"2019/05/16 06:00:26",,"2018/01/12 00:00:00",1,2954.30257
D,P5MIN,CONSTRAINTSOLUTION,6,"2019/05/16 06:05:00",0,"2019/05/16 06:55:00",DSNAP_Q^^TR_TRBK_2,16227.48881,0,0,"2019/05/16 06:00:26",,"2018/12/12 00:00:00",1,4116.86445
D,P5MIN,CONSTRAINTSOLUTION,6,"2019/05/16 06:05:00",0,"2019/05/16 06:55:00",DSNAP_Q_TR_2000,14538.71631,0,0,"2019/05/16 06:00:26",,"2018/12/24 00:00:00",1,4549.33506
D,P5MIN,CONSTRAINTSOLUTION,6,"2019/05/16 06:05:00",0,"2019/05/16 06:55:00",DSNAP_S:VS_650_DYN,10650,0,0,"2019/05/16 06:00:26",,"2019/03/11 00:00:00",1,289.89452
D,P5MIN,CONSTRAINTSOLUTION,6,"2019/05/16 06:05:00",0,"2019/05/16 06:55:00",DSNAP_S:VS_700_DYN,10700,0,0,"2019/05/16 06:00:26",,"2019/03/11 00:00:00",1,289.89452
D,P5MIN,CONSTRAINTSOLUTION,6,"2019/05/16 06:05:00",0,"2019/05/16 06:55:00",DSNAP_S:V_500_DYN,10500,0,0,"2019/05/16 06:00:26",,"2019/03/11 00:00:00",1,262.89452
D,P5MIN,CONSTRAINTSOLUTION,6,"2019/05/16 06:05:00",0,"2019/05/16 06:55:00",DSNAP_S:V_550_DYN,10550,0,0,"2019/05/16 06:00:26",,"2019/03/11 00:00:00",1,262.89452
D,P5MIN,CONSTRAINTSOLUTION,6,"2019/05/16 06:05:00",0,"2019/05/16 06:55:00",DSNAP_S>V_460_DYN,10460,0,0,"2019/05/16 06:00:26",,"2019/03/11 00:00:00",1,262.89452
D,P5MIN,CONSTRAINTSOLUTION,6,"2019/05/16 06:05:00",0,"2019/05/16 06:55:00",DSNAP_SA_UNITS_ON,10010,0,0,"2019/05/16 06:00:26",,"2016/05/16 00:00:00",1,-73
D,P5MIN,CONSTRAINTSOLUTION,6,"2019/05/16 06:05:00",0,"2019/05/16 06:55:00",DSNAP_SNIL_1,10660.07794,0,0,"2019/05/16 06:00:26",,"2016/04/11 00:00:00",1,260.84684
D,P5MIN,CONSTRAINTSOLUTION,6,"2019/05/16 06:05:00",0,"2019/05/16 06:55:00",DSNAP_SNIL_2,10670.60444,0,0,"2019/05/16 06:00:26",,"2016/04/11 00:00:00",1,-260.76152
D,P5MIN,CONSTRAINTSOLUTION,6,"2019/05/16 06:05:00",0,"2019/05/16 06:55:00",DSNAP_SNIL_3,20643.64402,0,0,"2019/05/16 06:00:26",,"2016/04/11 00:00:00",1,-260.27804
D,P5MIN,CONSTRAINTSOLUTION,6,"2019/05/16 06:05:00",0,"2019/05/16 06:55:00",DSNAP_SNIL_4,20725.30827,0,0,"2019/05/16 06:00:26",,"2016/04/11 00:00:00",1,-260.02208
D,P5MIN,CONSTRAINTSOLUTION,6,"2019/05/16 06:05:00",0,"2019/05/16 06:55:00",DSNAP_SNIL_5,10639.80436,0,0,"2019/05/16 06:00:26",,"2016/04/11 00:00:00",1,-260.64776
D,P5MIN,CONSTRAINTSOLUTION,6,"2019/05/16 06:05:00",0,"2019/05/16 06:55:00",DSNAP_SNIL_6,10776.51438,0,0,"2019/05/16 06:00:26",,"2016/04/11 00:00:00",1,-260.02208
D,P5MIN,CONSTRAINTSOLUTION,6,"2019/05/16 06:05:00",0,"2019/05/16 06:55:00",DSNAP_SNIL_7,20580.37375,0,0,"2019/05/16 06:00:26",,"2016/04/11 00:00:00",1,-260.76152
D,P5MIN,CONSTRAINTSOLUTION,6,"2019/05/16 06:05:00",0,"2019/05/16 06:55:00",DSNAP_SNIL_8,20764.30753,0,0,"2019/05/16 06:00:26",,"2016/04/11 00:00:00",1,-260.27804
D,P5MIN,CONSTRAINTSOLUTION,6,"2019/05/16 06:05:00",0,"2019/05/16 06:55:00",DSNAP_SNIL_9,10789.40572,0,0,"2019/05/16 06:00:26",,"2016/04/11 00:00:00",1,-260.27804
D,P5MIN,CONSTRAINTSOLUTION,6,"2019/05/16 06:05:00",0,"2019/05/16 06:55:00",DSNAP_SNIL_TBTU_TBMO,10230.34592,0,0,"2019/05/16 06:00:26",,"2015/06/29 00:00:00",2,-73
D,P5MIN,CONSTRAINTSOLUTION,6,"2019/05/16 06:05:00",0,"2019/05/16 06:55:00",DSNAP_SV_250_DYN,10250,0,0,"2019/05/16 06:00:26",,"2019/03/11 00:00:00",1,262.89452
D,P5MIN,CONSTRAINTSOLUTION,6,"2019/05/16 06:05:00",0,"2019/05/16 06:55:00",DSNAP_S_NOTI_NOTI_3,10139.72948,0,0,"2019/05/16 06:00:26",,"2014/02/24 00:00:00",1,-73
D,P5MIN,CONSTRAINTSOLUTION,6,"2019/05/16 06:05:00",0,"2019/05/16 06:55:00",DSNAP_S_SETX_SETX,10299.30545,0,0,"2019/05/16 06:00:26",,"2014/02/17 00:00:00",1,-73
D,P5MIN,CONSTRAINTSOLUTION,6,"2019/05/16 06:05:00",0,"2019/05/16 06:55:00",DSNAP_S_V_000_DYN,9975,0,0,"2019/05/16 06:00:26",,"2019/03/11 00:00:00",1,262.89452
D,P5MIN,CONSTRAINTSOLUTION,6,"2019/05/16 06:05:00",0,"2019/05/16 06:55:00",DSNAP_T_NIL_BL_6,10138.34555,0,0,"2019/05/16 06:00:26",,"2017/07/21 00:00:00",1,-131.47261
D,P5MIN,CONSTRAINTSOLUTION,6,"2019/05/16 06:05:00",0,"2019/05/16 06:55:00",DSNAP_V:SS_650_DYN,10650,0,0,"2019/05/16 06:00:26",,"2019/03/11 00:00:00",1,-289.89452
D,P5MIN,CONSTRAINTSOLUTION,6,"2019/05/16 06:05:00",0,"2019/05/16 06:55:00",DSNAP_V:SS_720_DYN,10720,0,0,"2019/05/16 06:00:26",,"2019/03/11 00:00:00",1,-289.89452
D,P5MIN,CONSTRAINTSOLUTION,6,"2019/05/16 06:05:00",0,"2019/05/16 06:55:00",DSNAP_V:SS_790_DYN,10790,0,0,"2019/05/16 06:00:26",,"2019/03/11 00:00:00",1,-289.89452
D,P5MIN,CONSTRAINTSOLUTION,6,"2019/05/16 06:05:00",0,"2019/05/16 06:55:00",DSNAP_V:SS_820_DYN,10820,0,0,"2019/05/16 06:00:26",,"2019/03/11 00:00:00",1,-289.89452
D,P5MIN,CONSTRAINTSOLUTION,6,"2019/05/16 06:05:00",0,"2019/05/16 06:55:00",DSNAP_V:SS_850_DYN,10850,0,0,"2019/05/16 06:00:26",,"2019/03/11 00:00:00",1,-289.89452
D,P5MIN,CONSTRAINTSOLUTION,6,"2019/05/16 06:05:00",0,"2019/05/16 06:55:00",DSNAP_V:SS_870_DYN,10870,0,0,"2019/05/16 06:00:26",,"2019/03/11 00:00:00",1,-289.89452
D,P5MIN,CONSTRAINTSOLUTION,6,"2019/05/16 06:05:00",0,"2019/05/16 06:55:00",DSNAP_V:S_500_DYN,10500,0,0,"2019/05/16 06:00:26",,"2019/03/11 00:00:00",1,-262.89452
D,P5MIN,CONSTRAINTSOLUTION,6,"2019/05/16 06:05:00",0,"2019/05/16 06:55:00",DSNAP_V:S_570_DYN,10570,0,0,"2019/05/16 06:00:26",,"2019/03/11 00:00:00",1,-262.89452
D,P5MIN,CONSTRAINTSOLUTION,6,"2019/05/16 06:05:00",0,"2019/05/16 06:55:00",DSNAP_V:S_600_DYN,10600,0,0,"2019/05/16 06:00:26",,"2019/03/11 00:00:00",1,-262.89452
D,P5MIN,CONSTRAINTSOLUTION,6,"2019/05/16 06:05:00",0,"2019/05/16 06:55:00",DSNAP_V:S_650_DYN,10650,0,0,"2019/05/16 06:00:26",,"2019/03/11 00:00:00",1,-262.89452
D,P5MIN,CONSTRAINTSOLUTION,6,"2019/05/16 06:05:00",0,"2019/05/16 06:55:00",DSNAP_V>>V_NIL_1A,12008.59985,0,0,"2019/05/16 06:00:26",,"2019/01/29 00:00:00",1,510.17167
D,P5MIN,CONSTRAINTSOLUTION,6,"2019/05/16 06:05:00",0,"2019/05/16 06:55:00",DSNAP_V>>V_NIL_1C,11959.98119,0,0,"2019/05/16 06:00:26",,"2019/01/23 00:00:00",1,510.17167
D,P5MIN,CONSTRAINTSOLUTION,6,"2019/05/16 06:05:00",0,"2019/05/16 06:55:00",DSNAP_V>>V_NIL_1D,11963.286,0,0,"2019/05/16 06:00:26",,"2019/01/23 00:00:00",1,510.17167
D,P5MIN,CONSTRAINTSOLUTION,6,"2019/05/16 06:05:00",0,"2019/05/16 06:55:00",DSNAP_V>S_460_DYN,10460,0,0,"2019/05/16 06:00:26",,"2019/03/11 00:00:00",1,-262.89452
D,P5MIN,CONSTRAINTSOLUTION,6,"2019/05/16 06:05:00",0,"2019/05/16 06:55:00",DSNAP_V>V_NIL_7,11050.49978,0,0,"2019/05/16 06:00:26",,"2019/01/24 00:00:00",1,32
D,P5MIN,CONSTRAINTSOLUTION,6,"2019/05/16 06:05:00",0,"2019/05/16 06:55:00",DSNAP_VS_250_DYN,10250,0,0,"2019/05/16 06:00:26",,"2019/03/11 00:00:00",1,-262.89452
D,P5MIN,CONSTRAINTSOLUTION,6,"2019/05/16 06:05:00",0,"2019/05/16 06:55:00",F_I+LREG_0120,120,0,0,"2019/05/16 06:00:26",,"2013/08/21 00:00:00",1,190
D,P5MIN,CONSTRAINTSOLUTION,6,"2019/05/16 06:05:00",0,"2019/05/16 06:55:00",F_I+LREG_0190,190,12.31,0,"2019/05/16 06:00:26",,"2019/04/16 00:00:00",1,190
D,P5MIN,CONSTRAINTSOLUTION,6,"2019/05/16 06:05:00",0,"2019/05/16 06:55:00",F_I+ML_L5_0400,297.65574,0,0,"2019/05/16 06:00:26",,"2013/08/21 00:00:00",1,390.96
D,P5MIN,CONSTRAINTSOLUTION,6,"2019/05/16 06:05:00",0,"2019/05/16 06:55:00",F_I+ML_L60_0400,21.94981,0,0,"2019/05/16 06:00:26",,"2013/08/21 00:00:00",1,115.25
D,P5MIN,CONSTRAINTSOLUTION,6,"2019/05/16 06:05:00",0,"2019/05/16 06:55:00",F_I+ML_L6_0400,21.94981,0.01,0,"2019/05/16 06:00:26",,"2013/08/21 00:00:00",1,21.95
D,P5MIN,CONSTRAINTSOLUTION,6,"2019/05/16 06:05:00",0,"2019/05/16 06:55:00",F_I+NIL_APD_TL_L5,390.95573,0.19,0,"2019/05/16 06:00:26",,"2014/03/03 00:00:00",1,390.96
D,P5MIN,CONSTRAINTSOLUTION,6,"2019/05/16 06:05:00",0,"2019/05/16 06:55:00",F_I+NIL_APD_TL_L6,-213.59685,0,0,"2019/05/16 06:00:26",,"2014/03/03 00:00:00",1,21.95
D,P5MIN,CONSTRAINTSOLUTION,6,"2019/05/16 06:05:00",0,"2019/05/16 06:55:00",F_I+NIL_APD_TL_L60,115.2498,0.04,0,"2019/05/16 06:00:26",,"2014/03/03 00:00:00",1,115.25
D,P5MIN,CONSTRAINTSOLUTION,6,"2019/05/16 06:05:00",0,"2019/05/16 06:55:00",F_I+NIL_BB_TG_R5,-102.34426,0,0,"2019/05/16 06:00:26",,"2013/08/21 00:00:00",1,666.06
D,P5MIN,CONSTRAINTSOLUTION,6,"2019/05/16 06:05:00",0,"2019/05/16 06:55:00",F_I+NIL_BB_TG_R6,-706.89684,0,0,"2019/05/16 06:00:26",,"2013/08/21 00:00:00",1,433.96
D,P5MIN,CONSTRAINTSOLUTION,6,"2019/05/16 06:05:00",0,"2019/05/16 06:55:00",F_I+NIL_BB_TG_R60,-378.05019,0,0,"2019/05/16 06:00:26",,"2013/08/21 00:00:00",1,449.38
D,P5MIN,CONSTRAINTSOLUTION,6,"2019/05/16 06:05:00",0,"2019/05/16 06:55:00",F_I+NIL_MG_R5,647.3656,0,0,"2019/05/16 06:00:26",,"2013/08/21 00:00:00",1,666.06
D,P5MIN,CONSTRAINTSOLUTION,6,"2019/05/16 06:05:00",0,"2019/05/16 06:55:00",F_I+NIL_MG_R6,371.94981,0,0,"2019/05/16 06:00:26",,"2013/08/21 00:00:00",1,433.96
D,P5MIN,CONSTRAINTSOLUTION,6,"2019/05/16 06:05:00",0,"2019/05/16 06:55:00",F_I+NIL_MG_R60,371.94981,0,0,"2019/05/16 06:00:26",,"2013/08/21 00:00:00",1,449.38
D,P5MIN,CONSTRAINTSOLUTION,6,"2019/05/16 06:05:00",0,"2019/05/16 06:55:00",F_I+NIL_RREG,130,0,0,"2019/05/16 06:00:26",,"2018/12/12 00:00:00",1,200
D,P5MIN,CONSTRAINTSOLUTION,6,"2019/05/16 06:05:00",0,"2019/05/16 06:55:00",F_I+NIL_WF_TG_R5,-82.95169,0,0,"2019/05/16 06:00:26",,"2013/08/21 00:00:00",1,666.06
D,P5MIN,CONSTRAINTSOLUTION,6,"2019/05/16 06:05:00",0,"2019/05/16 06:55:00",F_I+NIL_WF_TG_R6,-706.89684,0,0,"2019/05/16 06:00:26",,"2013/08/21 00:00:00",1,433.96
D,P5MIN,CONSTRAINTSOLUTION,6,"2019/05/16 06:05:00",0,"2019/05/16 06:55:00",F_I+NIL_WF_TG_R60,-378.05019,0,0,"2019/05/16 06:00:26",,"2013/08/21 00:00:00",1,449.38
D,P5MIN,CONSTRAINTSOLUTION,6,"2019/05/16 06:05:00",0,"2019/05/16 06:55:00",F_I+RREG_0200,200,12.5,0,"2019/05/16 06:00:26",,"2013/08/21 00:00:00",1,200
D,P5MIN,CONSTRAINTSOLUTION,6,"2019/05/16 06:05:00",0,"2019/05/16 06:55:00",F_I+WIP_N-2_ML_L5,-102.34426,0,0,"2019/05/16 06:00:26",,"2017/05/16 00:00:00",1,390.96
D,P5MIN,CONSTRAINTSOLUTION,6,"2019/05/16 06:05:00",0,"2019/05/16 06:55:00",F_I+WIP_N-2_ML_L6,-378.05019,0,0,"2019/05/16 06:00:26",,"2017/05/16 00:00:00",1,21.95
D,P5MIN,CONSTRAINTSOLUTION,6,"2019/05/16 06:05:00",0,"2019/05/16 06:55:00",F_I+WIP_N-2_ML_L60,-378.05019,0,0,"2019/05/16 06:00:26",,"2017/05/16 00:00:00",1,115.25
D,P5MIN,CONSTRAINTSOLUTION,6,"2019/05/16 06:05:00",0,"2019/05/16 06:55:00",F_I+WIV_N-2_MG_R5,-102.6344,0,0,"2019/05/16 06:00:26",,"2017/05/16 00:00:00",1,666.06
D,P5MIN,CONSTRAINTSOLUTION,6,"2019/05/16 06:05:00",0,"2019/05/16 06:55:00",F_I+WIV_N-2_MG_R6,-378.05019,0,0,"2019/05/16 06:00:26",,"2017/05/16 00:00:00",1,433.96
D,P5MIN,CONSTRAINTSOLUTION,6,"2019/05/16 06:05:00",0,"2019/05/16 06:55:00",F_I+WIV_N-2_MG_R60,-378.05019,0,0,"2019/05/16 06:00:26",,"2017/05/16 00:00:00",1,449.38
D,P5MIN,CONSTRAINTSOLUTION,6,"2019/05/16 06:05:00",0,"2019/05/16 06:55:00",F_MAIN++APD_TL_L5,-83.35401,0,0,"2019/05/16 06:00:26",,"2014/03/03 00:00:00",1,218.09813
D,P5MIN,CONSTRAINTSOLUTION,6,"2019/05/16 06:05:00",0,"2019/05/16 06:55:00",F_MAIN++APD_TL_L6,-642.39331,0,0,"2019/05/16 06:00:26",,"2014/03/03 00:00:00",1,-76.91187
D,P5MIN,CONSTRAINTSOLUTION,6,"2019/05/16 06:05:00",0,"2019/05/16 06:55:00",F_MAIN++APD_TL_L60,-313.54666,0,0,"2019/05/16 06:00:26",,"2014/03/03 00:00:00",1,9.70813
D,P5MIN,CONSTRAINTSOLUTION,6,"2019/05/16 06:05:00",0,"2019/05/16 06:55:00",F_MAIN++LREG_0120,-358,0,0,"2019/05/16 06:00:26",,"2013/08/21 00:00:00",1,47.13813
D,P5MIN,CONSTRAINTSOLUTION,6,"2019/05/16 06:05:00",0,"2019/05/16 06:55:00",F_MAIN++LREG_0190,-288,0,0,"2019/05/16 06:00:26",,"2019/04/16 00:00:00",1,47.13813
D,P5MIN,CONSTRAINTSOLUTION,6,"2019/05/16 06:05:00",0,"2019/05/16 06:55:00",F_MAIN++ML_L5_0400,-176.65399,0,0,"2019/05/16 06:00:26",,"2013/08/21 00:00:00",1,218.09813
D,P5MIN,CONSTRAINTSOLUTION,6,"2019/05/16 06:05:00",0,"2019/05/16 06:55:00",F_MAIN++ML_L60_0400,-406.84665,0,0,"2019/05/16 06:00:26",,"2013/08/21 00:00:00",1,9.70813
D,P5MIN,CONSTRAINTSOLUTION,6,"2019/05/16 06:05:00",0,"2019/05/16 06:55:00",F_MAIN++ML_L6_0400,-406.84665,0,0,"2019/05/16 06:00:26",,"2013/08/21 00:00:00",1,-76.91187
D,P5MIN,CONSTRAINTSOLUTION,6,"2019/05/16 06:05:00",0,"2019/05/16 06:55:00",F_MAIN++NIL_BL_L5,-228.65399,0,0,"2019/05/16 06:00:26",,"2013/08/21 00:00:00",1,218.09813
D,P5MIN,CONSTRAINTSOLUTION,6,"2019/05/16 06:05:00",0,"2019/05/16 06:55:00",F_MAIN++NIL_BL_L6,-657.6933,0,0,"2019/05/16 06:00:26",,"2013/08/21 00:00:00",1,-76.91187
D,P5MIN,CONSTRAINTSOLUTION,6,"2019/05/16 06:05:00",0,"2019/05/16 06:55:00",F_MAIN++NIL_BL_L60,-328.84665,0,0,"2019/05/16 06:00:26",,"2013/08/21 00:00:00",1,9.70813
D,P5MIN,CONSTRAINTSOLUTION,6,"2019/05/16 06:05:00",0,"2019/05/16 06:55:00",F_MAIN++NIL_BL_R5,-10228.65399,0,0,"2019/05/16 06:00:26",,"2013/08/21 00:00:00",1,701.35187
D,P5MIN,CONSTRAINTSOLUTION,6,"2019/05/16 06:05:00",0,"2019/05/16 06:55:00",F_MAIN++NIL_BL_R6,-10657.6933,0,0,"2019/05/16 06:00:26",,"2013/08/21 00:00:00",1,471.15187
D,P5MIN,CONSTRAINTSOLUTION,6,"2019/05/16 06:05:00",0,"2019/05/16 06:55:00",F_MAIN++NIL_BL_R60,-10328.84665,0,0,"2019/05/16 06:00:26",,"2013/08/21 00:00:00",1,471.15187
D,P5MIN,CONSTRAINTSOLUTION,6,"2019/05/16 06:05:00",0,"2019/05/16 06:55:00",F_MAIN++NIL_MG_R5,701.34601,2,0,"2019/05/16 06:00:26",,"2013/08/21 00:00:00",1,701.35187
D,P5MIN,CONSTRAINTSOLUTION,6,"2019/05/16 06:05:00",0,"2019/05/16 06:55:00",F_MAIN++NIL_MG_R6,471.15335,9.81,0,"2019/05/16 06:00:26",,"2013/08/21 00:00:00",1,471.15187
D,P5MIN,CONSTRAINTSOLUTION,6,"2019/05/16 06:05:00",0,"2019/05/16 06:55:00",F_MAIN++NIL_MG_R60,471.15335,5.38902,0,"2019/05/16 06:00:26",,"2013/08/21 00:00:00",1,471.15187
D,P5MIN,CONSTRAINTSOLUTION,6,"2019/05/16 06:05:00",0,"2019/05/16 06:55:00",F_MAIN++NIL_RREG,180,0,0,"2019/05/16 06:00:26",,"2018/12/12 00:00:00",1,250.00187
D,P5MIN,CONSTRAINTSOLUTION,6,"2019/05/16 06:05:00",0,"2019/05/16 06:55:00",F_MAIN++RREG_0200,250,5.28818,0,"2019/05/16 06:00:26",,"2013/08/21 00:00:00",1,250.00187
D,P5MIN,CONSTRAINTSOLUTION,6,"2019/05/16 06:05:00",0,"2019/05/16 06:55:00",F_MAIN++WIPN-2_MLL60,-806.84665,0,0,"2019/05/16 06:00:26",,"2017/05/16 00:00:00",1,9.70813
D,P5MIN,CONSTRAINTSOLUTION,6,"2019/05/16 06:05:00",0,"2019/05/16 06:55:00",F_MAIN++WIP_N-2_MLL5,-576.65399,0,0,"2019/05/16 06:00:26",,"2017/05/16 00:00:00",1,218.09813
D,P5MIN,CONSTRAINTSOLUTION,6,"2019/05/16 06:05:00",0,"2019/05/16 06:55:00",F_MAIN++WIP_N-2_MLL6,-806.84665,0,0,"2019/05/16 06:00:26",,"2017/05/16 00:00:00",1,-76.91187
D,P5MIN,CONSTRAINTSOLUTION,6,"2019/05/16 06:05:00",0,"2019/05/16 06:55:00",F_MAIN++WIVN-2_MGR60,-278.84665,0,0,"2019/05/16 06:00:26",,"2017/05/16 00:00:00",1,471.15187
D,P5MIN,CONSTRAINTSOLUTION,6,"2019/05/16 06:05:00",0,"2019/05/16 06:55:00",F_MAIN++WIV_N-2_MGR5,-48.65399,0,0,"2019/05/16 06:00:26",,"2017/05/16 00:00:00",1,701.35187
D,P5MIN,CONSTRAINTSOLUTION,6,"2019/05/16 06:05:00",0,"2019/05/16 06:55:00",F_MAIN++WIV_N-2_MGR6,-278.84665,0,0,"2019/05/16 06:00:26",,"2017/05/16 00:00:00",1,471.15187
D,P5MIN,CONSTRAINTSOLUTION,6,"2019/05/16 06:05:00",0,"2019/05/16 06:55:00",F_MAIN+APD_TL_L5,-9605.35401,0,0,"2019/05/16 06:00:26",,"2014/03/03 00:00:00",1,316.96
D,P5MIN,CONSTRAINTSOLUTION,6,"2019/05/16 06:05:00",0,"2019/05/16 06:55:00",F_MAIN+APD_TL_L6,-10164.39331,0,0,"2019/05/16 06:00:26",,"2014/03/03 00:00:00",1,21.95
D,P5MIN,CONSTRAINTSOLUTION,6,"2019/05/16 06:05:00",0,"2019/05/16 06:55:00",F_MAIN+APD_TL_L60,-9835.54666,0,0,"2019/05/16 06:00:26",,"2014/03/03 00:00:00",1,108.57
D,P5MIN,CONSTRAINTSOLUTION,6,"2019/05/16 06:05:00",0,"2019/05/16 06:55:00",F_MAIN+BLFCTRL_L5,-58.65399,0,0,"2019/05/16 06:00:26",,"2014/07/01 00:00:00",1,316.96
D,P5MIN,CONSTRAINTSOLUTION,6,"2019/05/16 06:05:00",0,"2019/05/16 06:55:00",F_MAIN+BLFCTRL_L6,-288.84665,0,0,"2019/05/16 06:00:26",,"2014/07/01 00:00:00",1,21.95
D,P5MIN,CONSTRAINTSOLUTION,6,"2019/05/16 06:05:00",0,"2019/05/16 06:55:00",F_MAIN+BLFCTRL_L60,-288.84665,0,0,"2019/05/16 06:00:26",,"2014/07/01 00:00:00",1,108.57
D,P5MIN,CONSTRAINTSOLUTION,6,"2019/05/16 06:05:00",0,"2019/05/16 06:55:00",F_MAIN+BLFCTRL_R5,51.34601,0,0,"2019/05/16 06:00:26",,"2014/07/01 00:00:00",1,602.49
D,P5MIN,CONSTRAINTSOLUTION,6,"2019/05/16 06:05:00",0,"2019/05/16 06:55:00",F_MAIN+BLFCTRL_R6,-178.84665,0,0,"2019/05/16 06:00:26",,"2014/07/01 00:00:00",1,372.29
D,P5MIN,CONSTRAINTSOLUTION,6,"2019/05/16 06:05:00",0,"2019/05/16 06:55:00",F_MAIN+BLFCTRL_R60,-178.84665,0,0,"2019/05/16 06:00:26",,"2014/07/01 00:00:00",1,372.29
D,P5MIN,CONSTRAINTSOLUTION,6,"2019/05/16 06:05:00",0,"2019/05/16 06:55:00",F_MAIN+LREG_0120,-9880,0,0,"2019/05/16 06:00:26",,"2013/08/21 00:00:00",1,146
D,P5MIN,CONSTRAINTSOLUTION,6,"2019/05/16 06:05:00",0,"2019/05/16 06:55:00",F_MAIN+LREG_0190,-9810,0,0,"2019/05/16 06:00:26",,"2019/04/16 00:00:00",1,146
D,P5MIN,CONSTRAINTSOLUTION,6,"2019/05/16 06:05:00",0,"2019/05/16 06:55:00",F_MAIN+ML_L5_0400,-9698.65399,0,0,"2019/05/16 06:00:26",,"2013/08/21 00:00:00",1,316.96
D,P5MIN,CONSTRAINTSOLUTION,6,"2019/05/16 06:05:00",0,"2019/05/16 06:55:00",F_MAIN+ML_L60_0400,-9928.84665,0,0,"2019/05/16 06:00:26",,"2013/08/21 00:00:00",1,108.57
D,P5MIN,CONSTRAINTSOLUTION,6,"2019/05/16 06:05:00",0,"2019/05/16 06:55:00",F_MAIN+ML_L6_0400,-9928.84665,0,0,"2019/05/16 06:00:26",,"2013/08/21 00:00:00",1,21.95
D,P5MIN,CONSTRAINTSOLUTION,6,"2019/05/16 06:05:00",0,"2019/05/16 06:55:00",F_MAIN+NIL_DYN_LREG,0,0,0,"2019/05/16 06:00:26",,"2019/03/22 00:00:00",2,146
D,P5MIN,CONSTRAINTSOLUTION,6,"2019/05/16 06:05:00",0,"2019/05/16 06:55:00",F_MAIN+NIL_DYN_RREG,0,0,0,"2019/05/16 06:00:26",,"2019/03/22 00:00:00",2,151.14
D,P5MIN,CONSTRAINTSOLUTION,6,"2019/05/16 06:05:00",0,"2019/05/16 06:55:00",F_MAIN+NIL_MG_R5,-9348.65399,0,0,"2019/05/16 06:00:26",,"2013/08/21 00:00:00",1,602.49
D,P5MIN,CONSTRAINTSOLUTION,6,"2019/05/16 06:05:00",0,"2019/05/16 06:55:00",F_MAIN+NIL_MG_R6,-9578.84665,0,0,"2019/05/16 06:00:26",,"2013/08/21 00:00:00",1,372.29
D,P5MIN,CONSTRAINTSOLUTION,6,"2019/05/16 06:05:00",0,"2019/05/16 06:55:00",F_MAIN+NIL_MG_R60,-9578.84665,0,0,"2019/05/16 06:00:26",,"2013/08/21 00:00:00",1,372.29
D,P5MIN,CONSTRAINTSOLUTION,6,"2019/05/16 06:05:00",0,"2019/05/16 06:55:00",F_MAIN+NIL_RREG,-9870,0,0,"2019/05/16 06:00:26",,"2018/12/12 00:00:00",1,151.14
D,P5MIN,CONSTRAINTSOLUTION,6,"2019/05/16 06:05:00",0,"2019/05/16 06:55:00",F_MAIN+RREG_0200,-9800,0,0,"2019/05/16 06:00:26",,"2013/08/21 00:00:00",1,151.14
D,P5MIN,CONSTRAINTSOLUTION,6,"2019/05/16 06:05:00",0,"2019/05/16 06:55:00",F_MAIN+TASCAP_LREG,70,0,0,"2019/05/16 06:00:26",,"2019/01/11 00:00:00",1,146
D,P5MIN,CONSTRAINTSOLUTION,6,"2019/05/16 06:05:00",0,"2019/05/16 06:55:00",F_MAIN+TASCAP_RREG,80,0,0,"2019/05/16 06:00:26",,"2019/01/11 00:00:00",1,151.14
D,P5MIN,CONSTRAINTSOLUTION,6,"2019/05/16 06:05:00",0,"2019/05/16 06:55:00",F_MAIN+WIP_N-2_MLL60,-10328.84665,0,0,"2019/05/16 06:00:26",,"2017/05/16 00:00:00",1,108.57
D,P5MIN,CONSTRAINTSOLUTION,6,"2019/05/16 06:05:00",0,"2019/05/16 06:55:00",F_MAIN+WIP_N-2_ML_L5,-10098.65399,0,0,"2019/05/16 06:00:26",,"2017/05/16 00:00:00",1,316.96
D,P5MIN,CONSTRAINTSOLUTION,6,"2019/05/16 06:05:00",0,"2019/05/16 06:55:00",F_MAIN+WIP_N-2_ML_L6,-10328.84665,0,0,"2019/05/16 06:00:26",,"2017/05/16 00:00:00",1,21.95
D,P5MIN,CONSTRAINTSOLUTION,6,"2019/05/16 06:05:00",0,"2019/05/16 06:55:00",F_MAIN+WIV_N-2_MGR60,-10328.84665,0,0,"2019/05/16 06:00:26",,"2017/05/16 00:00:00",1,372.29
D,P5MIN,CONSTRAINTSOLUTION,6,"2019/05/16 06:05:00",0,"2019/05/16 06:55:00",F_MAIN+WIV_N-2_MG_R5,-10098.65399,0,0,"2019/05/16 06:00:26",,"2017/05/16 00:00:00",1,602.49
D,P5MIN,CONSTRAINTSOLUTION,6,"2019/05/16 06:05:00",0,"2019/05/16 06:55:00",F_MAIN+WIV_N-2_MG_R6,-10328.84665,0,0,"2019/05/16 06:00:26",,"2017/05/16 00:00:00",1,372.29
D,P5MIN,CONSTRAINTSOLUTION,6,"2019/05/16 06:05:00",0,"2019/05/16 06:55:00",F_Q++NIL_R5,1360,0,0,"2019/05/16 06:00:26",,"2013/10/02 00:00:00",1,730.6293
D,P5MIN,CONSTRAINTSOLUTION,6,"2019/05/16 06:05:00",0,"2019/05/16 06:55:00",F_Q++NIL_R6,1360,0,0,"2019/05/16 06:00:26",,"2013/10/02 00:00:00",1,684.6293
D,P5MIN,CONSTRAINTSOLUTION,6,"2019/05/16 06:05:00",0,"2019/05/16 06:55:00",F_Q++NIL_R60,1360,0,0,"2019/05/16 06:00:26",,"2013/10/02 00:00:00",1,663.6293
D,P5MIN,CONSTRAINTSOLUTION,6,"2019/05/16 06:05:00",0,"2019/05/16 06:55:00",F_Q_W/HOE_R5,10000,0,0,"2019/05/16 06:00:26",,"2017/05/17 00:00:00",1,60
D,P5MIN,CONSTRAINTSOLUTION,6,"2019/05/16 06:05:00",0,"2019/05/16 06:55:00",F_Q_W/HOE_R60,10000,0,0,"2019/05/16 06:00:26",,"2017/05/17 00:00:00",1,0
D,P5MIN,CONSTRAINTSOLUTION,6,"2019/05/16 06:05:00",0,"2019/05/16 06:55:00",F_S+NIL_HPR_G+L_LREG,300000,0,0,"2019/05/16 06:00:26",,"2017/11/13 00:00:00",1,40
D,P5MIN,CONSTRAINTSOLUTION,6,"2019/05/16 06:05:00",0,"2019/05/16 06:55:00",F_S+NIL_HPR_G+L_RREG,300000,0,0,"2019/05/16 06:00:26",,"2017/11/13 00:00:00",1,30
D,P5MIN,CONSTRAINTSOLUTION,6,"2019/05/16 06:05:00",0,"2019/05/16 06:55:00",F_T++LREG_0050,100,0,0,"2019/05/16 06:00:26",,"2015/01/29 00:00:00",1,142.86187
D,P5MIN,CONSTRAINTSOLUTION,6,"2019/05/16 06:05:00",0,"2019/05/16 06:55:00",F_T++NIL_BB_TG_R5,-10053.81344,0,0,"2019/05/16 06:00:26",,"2016/04/12 00:00:00",1,-35.29187
D,P5MIN,CONSTRAINTSOLUTION,6,"2019/05/16 06:05:00",0,"2019/05/16 06:55:00",F_T++NIL_BB_TG_R6,-10162.65074,0,0,"2019/05/16 06:00:26",,"2016/04/12 00:00:00",1,-37.19187
D,P5MIN,CONSTRAINTSOLUTION,6,"2019/05/16 06:05:00",0,"2019/05/16 06:55:00",F_T++NIL_BB_TG_R60,-9984.65924,0,0,"2019/05/16 06:00:26",,"2016/04/12 00:00:00",1,-21.77187
D,P5MIN,CONSTRAINTSOLUTION,6,"2019/05/16 06:05:00",0,"2019/05/16 06:55:00",F_T++NIL_BLSPS_L5,-20000.0001,0,0,"2019/05/16 06:00:26",,"2013/08/21 00:00:00",1,167.48181
D,P5MIN,CONSTRAINTSOLUTION,6,"2019/05/16 06:05:00",0,"2019/05/16 06:55:00",F_T++NIL_BLSPS_L60_1,-20000.0001,0,0,"2019/05/16 06:00:26",,"2013/08/21 00:00:00",1,123.95292
D,P5MIN,CONSTRAINTSOLUTION,6,"2019/05/16 06:05:00",0,"2019/05/16 06:55:00",F_T++NIL_BLSPS_L60_2,-20000.0001,0,0,"2019/05/16 06:00:26",,"2013/08/21 00:00:00",1,299.86872
D,P5MIN,CONSTRAINTSOLUTION,6,"2019/05/16 06:05:00",0,"2019/05/16 06:55:00",F_T++NIL_BLSPS_L60_3,-20000.0001,0,0,"2019/05/16 06:00:26",,"2013/08/21 00:00:00",1,513.68223
D,P5MIN,CONSTRAINTSOLUTION,6,"2019/05/16 06:05:00",0,"2019/05/16 06:55:00",F_T++NIL_BLSPS_L60_4,-20000.0001,0,0,"2019/05/16 06:00:26",,"2013/08/21 00:00:00",1,816.61971
D,P5MIN,CONSTRAINTSOLUTION,6,"2019/05/16 06:05:00",0,"2019/05/16 06:55:00",F_T++NIL_BLSPS_L6_1,-20000.0001,0,0,"2019/05/16 06:00:26",,"2013/08/21 00:00:00",1,85.35536
D,P5MIN,CONSTRAINTSOLUTION,6,"2019/05/16 06:05:00",0,"2019/05/16 06:55:00",F_T++NIL_BLSPS_L6_2,-20000.0001,0,0,"2019/05/16 06:00:26",,"2013/08/21 00:00:00",1,206.81804
D,P5MIN,CONSTRAINTSOLUTION,6,"2019/05/16 06:05:00",0,"2019/05/16 06:55:00",F_T++NIL_BLSPS_L6_3,-20000.0001,0,0,"2019/05/16 06:00:26",,"2013/08/21 00:00:00",1,371.53873
D,P5MIN,CONSTRAINTSOLUTION,6,"2019/05/16 06:05:00",0,"2019/05/16 06:55:00",F_T++NIL_BLSPS_L6_4,-20000.0001,0,0,"2019/05/16 06:00:26",,"2013/08/21 00:00:00",1,612.36031
D,P5MIN,CONSTRAINTSOLUTION,6,"2019/05/16 06:05:00",0,"2019/05/16 06:55:00",F_T++NIL_BLSPS_R5,-10000.0001,0,0,"2019/05/16 06:00:26",,"2013/08/21 00:00:00",1,-24.14816
D,P5MIN,CONSTRAINTSOLUTION,6,"2019/05/16 06:05:00",0,"2019/05/16 06:55:00",F_T++NIL_BLSPS_R60_1,-10000.0001,0,0,"2019/05/16 06:00:26",,"2013/08/21 00:00:00",1,-43.06375
D,P5MIN,CONSTRAINTSOLUTION,6,"2019/05/16 06:05:00",0,"2019/05/16 06:55:00",F_T++NIL_BLSPS_R60_2,-10000.0001,0,0,"2019/05/16 06:00:26",,"2013/08/21 00:00:00",1,-121.63818
D,P5MIN,CONSTRAINTSOLUTION,6,"2019/05/16 06:05:00",0,"2019/05/16 06:55:00",F_T++NIL_BLSPS_R60_3,-10000.0001,0,0,"2019/05/16 06:00:26",,"2013/08/21 00:00:00",1,-199.97533
D,P5MIN,CONSTRAINTSOLUTION,6,"2019/05/16 06:05:00",0,"2019/05/16 06:55:00",F_T++NIL_BLSPS_R60_4,-10000.0001,0,0,"2019/05/16 06:00:26",,"2013/08/21 00:00:00",1,-318.69262
D,P5MIN,CONSTRAINTSOLUTION,6,"2019/05/16 06:05:00",0,"2019/05/16 06:55:00",F_T++NIL_BLSPS_R6_1,-10000.0001,0,0,"2019/05/16 06:00:26",,"2013/08/21 00:00:00",1,-36.33671
D,P5MIN,CONSTRAINTSOLUTION,6,"2019/05/16 06:05:00",0,"2019/05/16 06:55:00",F_T++NIL_BLSPS_R6_2,-10000.0001,0,0,"2019/05/16 06:00:26",,"2013/08/21 00:00:00",1,-114.81524
D,P5MIN,CONSTRAINTSOLUTION,6,"2019/05/16 06:05:00",0,"2019/05/16 06:55:00",F_T++NIL_BLSPS_R6_3,-10000.0001,0,0,"2019/05/16 06:00:26",,"2013/08/21 00:00:00",1,-188.49008
D,P5MIN,CONSTRAINTSOLUTION,6,"2019/05/16 06:05:00",0,"2019/05/16 06:55:00",F_T++NIL_BLSPS_R6_4,-10000.0001,0,0,"2019/05/16 06:00:26",,"2013/08/21 00:00:00",1,-255.05278
D,P5MIN,CONSTRAINTSOLUTION,6,"2019/05/16 06:05:00",0,"2019/05/16 06:55:00",F_T++NIL_MG_R5,-9937.29312,0,0,"2019/05/16 06:00:26",,"2016/04/12 00:00:00",1,-35.29187
D,P5MIN,CONSTRAINTSOLUTION,6,"2019/05/16 06:05:00",0,"2019/05/16 06:55:00",F_T++NIL_MG_R6,-9987.98716,0,0,"2019/05/16 06:00:26",,"2016/04/12 00:00:00",1,-37.19187
D,P5MIN,CONSTRAINTSOLUTION,6,"2019/05/16 06:05:00",0,"2019/05/16 06:55:00",F_T++NIL_MG_R60,-9896.79394,0,0,"2019/05/16 06:00:26",,"2016/04/12 00:00:00",1,-21.77187
D,P5MIN,CONSTRAINTSOLUTION,6,"2019/05/16 06:05:00",0,"2019/05/16 06:55:00",F_T++NIL_MG_RECL_R5,-9949.7317,0,0,"2019/05/16 06:00:26",,"2016/12/02 00:00:00",1,-35.29187
D,P5MIN,CONSTRAINTSOLUTION,6,"2019/05/16 06:05:00",0,"2019/05/16 06:55:00",F_T++NIL_MG_RECL_R6,-10004.96051,0,0,"2019/05/16 06:00:26",,"2016/12/02 00:00:00",1,-37.19187
D,P5MIN,CONSTRAINTSOLUTION,6,"2019/05/16 06:05:00",0,"2019/05/16 06:55:00",F_T++NIL_MG_RECL_R60,-9906.62218,0,0,"2019/05/16 06:00:26",,"2016/12/02 00:00:00",1,-21.77187
D,P5MIN,CONSTRAINTSOLUTION,6,"2019/05/16 06:05:00",0,"2019/05/16 06:55:00",F_T++NIL_ML_L5,100.13953,0,0,"2019/05/16 06:00:26",,"2016/04/12 00:00:00",1,172.86187
D,P5MIN,CONSTRAINTSOLUTION,6,"2019/05/16 06:05:00",0,"2019/05/16 06:55:00",F_T++NIL_ML_L6,85.14518,0,0,"2019/05/16 06:00:26",,"2016/04/12 00:00:00",1,98.86187
D,P5MIN,CONSTRAINTSOLUTION,6,"2019/05/16 06:05:00",0,"2019/05/16 06:55:00",F_T++NIL_ML_L60,105.54478,0.01,0,"2019/05/16 06:00:26",,"2016/04/12 00:00:00",1,105.54187
D,P5MIN,CONSTRAINTSOLUTION,6,"2019/05/16 06:05:00",0,"2019/05/16 06:55:00",F_T++NIL_TL_L5_DS,-9833.03418,0,0,"2019/05/16 06:00:26",,"2016/10/25 00:00:00",1,172.86187
D,P5MIN,CONSTRAINTSOLUTION,6,"2019/05/16 06:05:00",0,"2019/05/16 06:55:00",F_T++NIL_TL_L60_DS,-9832.42498,0,0,"2019/05/16 06:00:26",,"2016/10/25 00:00:00",1,105.54187
D,P5MIN,CONSTRAINTSOLUTION,6,"2019/05/16 06:05:00",0,"2019/05/16 06:55:00",F_T++NIL_TL_L6_DS,-9824.67846,0,0,"2019/05/16 06:00:26",,"2016/10/25 00:00:00",1,98.86187
D,P5MIN,CONSTRAINTSOLUTION,6,"2019/05/16 06:05:00",0,"2019/05/16 06:55:00",F_T++NIL_WF_TG_R5,-10029.29895,0,0,"2019/05/16 06:00:26",,"2016/04/12 00:00:00",1,-35.29187
D,P5MIN,CONSTRAINTSOLUTION,6,"2019/05/16 06:05:00",0,"2019/05/16 06:55:00",F_T++NIL_WF_TG_R6,-10130.00206,0,0,"2019/05/16 06:00:26",,"2016/04/12 00:00:00",1,-37.19187
D,P5MIN,CONSTRAINTSOLUTION,6,"2019/05/16 06:05:00",0,"2019/05/16 06:55:00",F_T++NIL_WF_TG_R60,-9964.6851,0,0,"2019/05/16 06:00:26",,"2016/04/12 00:00:00",1,-21.77187
D,P5MIN,CONSTRAINTSOLUTION,6,"2019/05/16 06:05:00",0,"2019/05/16 06:55:00",F_T++RREG_0050,-428,0,0,"2019/05/16 06:00:26",,"2015/01/29 00:00:00",1,-50.00187
D,P5MIN,CONSTRAINTSOLUTION,6,"2019/05/16 06:05:00",0,"2019/05/16 06:55:00",F_T+LREG_0050,-9950,0,0,"2019/05/16 06:00:26",,"2015/01/29 00:00:00",1,44
D,P5MIN,CONSTRAINTSOLUTION,6,"2019/05/16 06:05:00",0,"2019/05/16 06:55:00",F_T+NIL_BB_TG_R5,-49.9999,0,0,"2019/05/16 06:00:26",,"2016/04/12 00:00:00",1,63.57
D,P5MIN,CONSTRAINTSOLUTION,6,"2019/05/16 06:05:00",0,"2019/05/16 06:55:00",F_T+NIL_BB_TG_R6,0.0001,0,0,"2019/05/16 06:00:26",,"2016/04/12 00:00:00",1,61.67
D,P5MIN,CONSTRAINTSOLUTION,6,"2019/05/16 06:05:00",0,"2019/05/16 06:55:00",F_T+NIL_BB_TG_R60,0.0001,0,0,"2019/05/16 06:00:26",,"2016/04/12 00:00:00",1,77.09
D,P5MIN,CONSTRAINTSOLUTION,6,"2019/05/16 06:05:00",0,"2019/05/16 06:55:00",F_T+NIL_MG_R5,63.57223,2,0,"2019/05/16 06:00:26",,"2016/04/12 00:00:00",1,63.57
D,P5MIN,CONSTRAINTSOLUTION,6,"2019/05/16 06:05:00",0,"2019/05/16 06:55:00",F_T+NIL_MG_R6,61.66973,0.49,0,"2019/05/16 06:00:26",,"2016/04/12 00:00:00",1,61.67
D,P5MIN,CONSTRAINTSOLUTION,6,"2019/05/16 06:05:00",0,"2019/05/16 06:55:00",F_T+NIL_MG_R60,77.08714,4,0,"2019/05/16 06:00:26",,"2016/04/12 00:00:00",1,77.09
D,P5MIN,CONSTRAINTSOLUTION,6,"2019/05/16 06:05:00",0,"2019/05/16 06:55:00",F_T+NIL_MG_RECL_R5,51.85029,0,0,"2019/05/16 06:00:26",,"2016/12/02 00:00:00",1,63.57
D,P5MIN,CONSTRAINTSOLUTION,6,"2019/05/16 06:05:00",0,"2019/05/16 06:55:00",F_T+NIL_MG_RECL_R6,48.66846,0,0,"2019/05/16 06:00:26",,"2016/12/02 00:00:00",1,61.67
D,P5MIN,CONSTRAINTSOLUTION,6,"2019/05/16 06:05:00",0,"2019/05/16 06:55:00",F_T+NIL_MG_RECL_R60,60.83555,0,0,"2019/05/16 06:00:26",,"2016/12/02 00:00:00",1,77.09
D,P5MIN,CONSTRAINTSOLUTION,6,"2019/05/16 06:05:00",0,"2019/05/16 06:55:00",F_T+NIL_ML_L5,-9935.535,0,0,"2019/05/16 06:00:26",,"2016/04/12 00:00:00",1,74
D,P5MIN,CONSTRAINTSOLUTION,6,"2019/05/16 06:05:00",0,"2019/05/16 06:55:00",F_T+NIL_ML_L6,-9939.87486,0,0,"2019/05/16 06:00:26",,"2016/04/12 00:00:00",1,0
D,P5MIN,CONSTRAINTSOLUTION,6,"2019/05/16 06:05:00",0,"2019/05/16 06:55:00",F_T+NIL_ML_L60,-9924.84357,0,0,"2019/05/16 06:00:26",,"2016/04/12 00:00:00",1,6.68
D,P5MIN,CONSTRAINTSOLUTION,6,"2019/05/16 06:05:00",0,"2019/05/16 06:55:00",F_T+NIL_TL_L5_DS,-19883.99803,0,0,"2019/05/16 06:00:26",,"2016/10/25 00:00:00",1,74
D,P5MIN,CONSTRAINTSOLUTION,6,"2019/05/16 06:05:00",0,"2019/05/16 06:55:00",F_T+NIL_TL_L60_DS,-19859.5363,0,0,"2019/05/16 06:00:26",,"2016/10/25 00:00:00",1,6.68
D,P5MIN,CONSTRAINTSOLUTION,6,"2019/05/16 06:05:00",0,"2019/05/16 06:55:00",F_T+NIL_TL_L6_DS,-19887.62904,0,0,"2019/05/16 06:00:26",,"2016/10/25 00:00:00",1,0
D,P5MIN,CONSTRAINTSOLUTION,6,"2019/05/16 06:05:00",0,"2019/05/16 06:55:00",F_T+NIL_WF_TG_R5,-30.60733,0,0,"2019/05/16 06:00:26",,"2016/04/12 00:00:00",1,63.57
D,P5MIN,CONSTRAINTSOLUTION,6,"2019/05/16 06:05:00",0,"2019/05/16 06:55:00",F_T+NIL_WF_TG_R6,0.0001,0,0,"2019/05/16 06:00:26",,"2016/04/12 00:00:00",1,61.67
D,P5MIN,CONSTRAINTSOLUTION,6,"2019/05/16 06:05:00",0,"2019/05/16 06:55:00",F_T+NIL_WF_TG_R60,0.0001,0,0,"2019/05/16 06:00:26",,"2016/04/12 00:00:00",1,77.09
D,P5MIN,CONSTRAINTSOLUTION,6,"2019/05/16 06:05:00",0,"2019/05/16 06:55:00",F_T+RREG_0050,-9950,0,0,"2019/05/16 06:00:26",,"2015/01/29 00:00:00",1,48.86
D,P5MIN,CONSTRAINTSOLUTION,6,"2019/05/16 06:05:00",0,"2019/05/16 06:55:00",F_TASCAP_LREG_0190,140,0,0,"2019/05/16 06:00:26",,"2019/04/16 00:00:00",1,146
D,P5MIN,CONSTRAINTSOLUTION,6,"2019/05/16 06:05:00",0,"2019/05/16 06:55:00",F_TASCAP_RREG_0200,150,0,0,"2019/05/16 06:00:26",,"2019/03/18 00:00:00",1,151.14
D,P5MIN,CONSTRAINTSOLUTION,6,"2019/05/16 06:05:00",0,"2019/05/16 06:55:00",F_T_NIL_MINP_R6,35,0.96,0,"2019/05/16 06:00:26",,"2018/04/30 00:00:00",1,35.00027
D,P5MIN,CONSTRAINTSOLUTION,6,"2019/05/16 06:05:00",0,"2019/05/16 06:55:00",N::Q_BWLD_KC,1276.73987,0,0,"2019/05/16 06:00:26",,"2018/01/19 00:00:00",1,247.667
D,P5MIN,CONSTRAINTSOLUTION,6,"2019/05/16 06:05:00",0,"2019/05/16 06:55:00",N::Q_BWLD_LDMU,700.10512,0,0,"2019/05/16 06:00:26",,"2018/01/19 00:00:00",1,-795.4709
D,P5MIN,CONSTRAINTSOLUTION,6,"2019/05/16 06:05:00",0,"2019/05/16 06:55:00",N::Q_BWLD_LDTW,613.301,0,0,"2019/05/16 06:00:26",,"2018/01/19 00:00:00",1,-799.3399
D,P5MIN,CONSTRAINTSOLUTION,6,"2019/05/16 06:05:00",0,"2019/05/16 06:55:00",N::Q_BWLD_TNT,1313.44266,0,0,"2019/05/16 06:00:26",,"2018/01/19 00:00:00",1,-77.5396
D,P5MIN,CONSTRAINTSOLUTION,6,"2019/05/16 06:05:00",0,"2019/05/16 06:55:00",N::Q_NIL_KC,1356.73987,0,0,"2019/05/16 06:00:26",,"2017/12/06 00:00:00",1,247.667
D,P5MIN,CONSTRAINTSOLUTION,6,"2019/05/16 06:05:00",0,"2019/05/16 06:55:00",N::Q_NIL_LDMU,780.10512,0,0,"2019/05/16 06:00:26",,"2017/12/06 00:00:00",1,-795.4709
D,P5MIN,CONSTRAINTSOLUTION,6,"2019/05/16 06:05:00",0,"2019/05/16 06:55:00",N::Q_NIL_LDTW,693.301,0,0,"2019/05/16 06:00:26",,"2017/12/06 00:00:00",1,-799.3399
D,P5MIN,CONSTRAINTSOLUTION,6,"2019/05/16 06:05:00",0,"2019/05/16 06:55:00",N::Q_NIL_TNT,1393.44266,0,0,"2019/05/16 06:00:26",,"2017/12/06 00:00:00",1,-77.5396
D,P5MIN,CONSTRAINTSOLUTION,6,"2019/05/16 06:05:00",0,"2019/05/16 06:55:00",N::V_NIL_BWSW,1510.59418,0,0,"2019/05/16 06:00:26",,"2018/06/26 00:00:00",1,-265.27501
D,P5MIN,CONSTRAINTSOLUTION,6,"2019/05/16 06:05:00",0,"2019/05/16 06:55:00",N::V_NIL_MSDD,1462.35786,0,0,"2019/05/16 06:00:26",,"2018/06/26 00:00:00",1,-207.5541
D,P5MIN,CONSTRAINTSOLUTION,6,"2019/05/16 06:05:00",0,"2019/05/16 06:55:00",N::V_NIL_UTMS,1662.20046,0,0,"2019/05/16 06:00:26",,"2018/06/26 00:00:00",1,-265.27501
D,P5MIN,CONSTRAINTSOLUTION,6,"2019/05/16 06:05:00",0,"2019/05/16 06:55:00",N:V_NIL_BWRG,1196.06096,0,0,"2019/05/16 06:00:26",,"2018/06/26 00:00:00",1,-265.27501
D,P5MIN,CONSTRAINTSOLUTION,6,"2019/05/16 06:05:00",0,"2019/05/16 06:55:00",N:V_NIL_BYYS,1644.08742,0,0,"2019/05/16 06:00:26",,"2018/06/26 00:00:00",1,-265.27501
D,P5MIN,CONSTRAINTSOLUTION,6,"2019/05/16 06:05:00",0,"2019/05/16 06:55:00",N>>N-BWLD_ONE_A,1192.38173,0,0,"2019/05/16 06:00:26",,"2019/03/04 00:00:00",1,-1416.17346
D,P5MIN,CONSTRAINTSOLUTION,6,"2019/05/16 06:05:00",0,"2019/05/16 06:55:00",N>>N-BWLD_ONE_B,2879.73744,0,0,"2019/05/16 06:00:26",,"2019/03/04 00:00:00",1,1416.17346
D,P5MIN,CONSTRAINTSOLUTION,6,"2019/05/16 06:05:00",0,"2019/05/16 06:55:00",N>>N-BWLD_ONE_C,1848.72981,0,0,"2019/05/16 06:00:26",,"2019/03/04 00:00:00",1,-943.91514
D,P5MIN,CONSTRAINTSOLUTION,6,"2019/05/16 06:05:00",0,"2019/05/16 06:55:00",N>>N-BWLD_ONE_D,2662.63762,0,0,"2019/05/16 06:00:26",,"2019/03/04 00:00:00",1,1494.29738
D,P5MIN,CONSTRAINTSOLUTION,6,"2019/05/16 06:05:00",0,"2019/05/16 06:55:00",N>>N-BWLD_ONE_E,2721.3783,0,0,"2019/05/16 06:00:26",,"2019/03/04 00:00:00",1,1485.09901
D,P5MIN,CONSTRAINTSOLUTION,6,"2019/05/16 06:05:00",0,"2019/05/16 06:55:00",N>>N-BYSW_A1_15M,3731.58069,0,0,"2019/05/16 06:00:26",,"2019/03/04 00:00:00",1,664.22453
D,P5MIN,CONSTRAINTSOLUTION,6,"2019/05/16 06:05:00",0,"2019/05/16 06:55:00",N>>N-BYSW_A2_15M,1216.46596,0,0,"2019/05/16 06:00:26",,"2019/03/04 00:00:00",1,-664.22453
D,P5MIN,CONSTRAINTSOLUTION,6,"2019/05/16 06:05:00",0,"2019/05/16 06:55:00",N>>N-BYSW_B,3726.76022,0,0,"2019/05/16 06:00:26",,"2019/03/04 00:00:00",1,1500.00462
D,P5MIN,CONSTRAINTSOLUTION,6,"2019/05/16 06:05:00",0,"2019/05/16 06:55:00",N>>N-BYSW_C,3917.87735,0,0,"2019/05/16 06:00:26",,"2019/03/04 00:00:00",1,2188.99442
D,P5MIN,CONSTRAINTSOLUTION,6,"2019/05/16 06:05:00",0,"2019/05/16 06:55:00",N>>N-BYSW_G1_15M,3935.49167,0,0,"2019/05/16 06:00:26",,"2019/03/04 00:00:00",1,663.79007
D,P5MIN,CONSTRAINTSOLUTION,6,"2019/05/16 06:05:00",0,"2019/05/16 06:55:00",N>>N-BYSW_G2_15M,1496.90469,0,0,"2019/05/16 06:00:26",,"2019/03/04 00:00:00",1,-663.79007
D,P5MIN,CONSTRAINTSOLUTION,6,"2019/05/16 06:05:00",0,"2019/05/16 06:55:00",N>>N-BYSW_H_15M,3935.21667,0,0,"2019/05/16 06:00:26",,"2019/03/04 00:00:00",1,663.79007
D,P5MIN,CONSTRAINTSOLUTION,6,"2019/05/16 06:05:00",0,"2019/05/16 06:55:00",N>>N-BYSW_J,3775.53246,0,0,"2019/05/16 06:00:26",,"2019/03/04 00:00:00",1,1510.01634
D,P5MIN,CONSTRAINTSOLUTION,6,"2019/05/16 06:05:00",0,"2019/05/16 06:55:00",N>>N-BYSW_K,3641.56208,0,0,"2019/05/16 06:00:26",,"2019/03/04 00:00:00",1,1266.82136
D,P5MIN,CONSTRAINTSOLUTION,6,"2019/05/16 06:05:00",0,"2019/05/16 06:55:00",N>>N-KC_TX_01,2973.21907,0,0,"2019/05/16 06:00:26",,"2019/03/04 00:00:00",1,2580.89868
D,P5MIN,CONSTRAINTSOLUTION,6,"2019/05/16 06:05:00",0,"2019/05/16 06:55:00",N>>N-KC_TX_02,3900.13441,0,0,"2019/05/16 06:00:26",,"2019/03/04 00:00:00",1,2886.69743
D,P5MIN,CONSTRAINTSOLUTION,6,"2019/05/16 06:05:00",0,"2019/05/16 06:55:00",N>>N-KC_TX_03,3911.03235,0,0,"2019/05/16 06:00:26",,"2019/03/04 00:00:00",1,2935.8757
D,P5MIN,CONSTRAINTSOLUTION,6,"2019/05/16 06:05:00",0,"2019/05/16 06:55:00",N>>N-KC_TX_05,3912.60014,0,0,"2019/05/16 06:00:26",,"2019/03/04 00:00:00",1,2772.62502
D,P5MIN,CONSTRAINTSOLUTION,6,"2019/05/16 06:05:00",0,"2019/05/16 06:55:00",N>>N-KC_TX_06,3833.30944,0,0,"2019/05/16 06:00:26",,"2019/03/04 00:00:00",1,3198.87499
D,P5MIN,CONSTRAINTSOLUTION,6,"2019/05/16 06:05:00",0,"2019/05/16 06:55:00",N>>N-NIL_01N,2228.8968,0,0,"2019/05/16 06:00:26",,"2019/03/01 00:00:00",1,338.91303
D,P5MIN,CONSTRAINTSOLUTION,6,"2019/05/16 06:05:00",0,"2019/05/16 06:55:00",N>>N-NIL_01S,539.83396,0,0,"2019/05/16 06:00:26",,"2019/03/01 00:00:00",1,-338.91303
D,P5MIN,CONSTRAINTSOLUTION,6,"2019/05/16 06:05:00",0,"2019/05/16 06:55:00",N>>N-NIL_03,539.44479,0,0,"2019/05/16 06:00:26",,"2019/03/01 00:00:00",1,-338.91303
D,P5MIN,CONSTRAINTSOLUTION,6,"2019/05/16 06:05:00",0,"2019/05/16 06:55:00",N>>N-NIL_17N,3992.17334,0,0,"2019/05/16 06:00:26",,"2019/03/01 00:00:00",1,660.31329
D,P5MIN,CONSTRAINTSOLUTION,6,"2019/05/16 06:05:00",0,"2019/05/16 06:55:00",N>>N-NIL_17S,1470.88827,0,0,"2019/05/16 06:00:26",,"2019/03/01 00:00:00",1,-660.31329
D,P5MIN,CONSTRAINTSOLUTION,6,"2019/05/16 06:05:00",0,"2019/05/16 06:55:00",N>>N-NIL_1A,1294.62981,0,0,"2019/05/16 06:00:26",,"2019/02/28 00:00:00",1,-1437.08228
D,P5MIN,CONSTRAINTSOLUTION,6,"2019/05/16 06:05:00",0,"2019/05/16 06:55:00",N>>N-NIL_1E_OPENED,5916.57758,0,0,"2019/05/16 06:00:26",,"2019/02/28 00:00:00",1,1635.43682
D,P5MIN,CONSTRAINTSOLUTION,6,"2019/05/16 06:05:00",0,"2019/05/16 06:55:00",N>>N-NIL_1G,4609.57297,0,0,"2019/05/16 06:00:26",,"2019/02/28 00:00:00",1,3537.23062
D,P5MIN,CONSTRAINTSOLUTION,6,"2019/05/16 06:05:00",0,"2019/05/16 06:55:00",N>>N-NIL_1N_OPENED,6526.20605,0,0,"2019/05/16 06:00:26",,"2019/02/28 00:00:00",1,1629.25981
D,P5MIN,CONSTRAINTSOLUTION,6,"2019/05/16 06:05:00",0,"2019/05/16 06:55:00",N>>N-NIL_1O,7061.31053,0,0,"2019/05/16 06:00:26",,"2019/02/28 00:00:00",1,2231.21653
D,P5MIN,CONSTRAINTSOLUTION,6,"2019/05/16 06:05:00",0,"2019/05/16 06:55:00",N>>N-NIL_1R,4463.51082,0,0,"2019/05/16 06:00:26",,"2019/02/28 00:00:00",1,3263.29832
D,P5MIN,CONSTRAINTSOLUTION,6,"2019/05/16 06:05:00",0,"2019/05/16 06:55:00",N>>N-NIL_1S,6877.25364,0,0,"2019/05/16 06:00:26",,"2019/02/28 00:00:00",1,1639.28531
D,P5MIN,CONSTRAINTSOLUTION,6,"2019/05/16 06:05:00",0,"2019/05/16 06:55:00",N>>N-NIL_1T,8076.20766,0,0,"2019/05/16 06:00:26",,"2019/02/28 00:00:00",1,1624.67166
D,P5MIN,CONSTRAINTSOLUTION,6,"2019/05/16 06:05:00",0,"2019/05/16 06:55:00",N>>N-NIL_1WN,3783.11156,0,0,"2019/05/16 06:00:26",,"2019/03/01 00:00:00",1,661.22542
D,P5MIN,CONSTRAINTSOLUTION,6,"2019/05/16 06:05:00",0,"2019/05/16 06:55:00",N>>N-NIL_1WS,1200.414,0,0,"2019/05/16 06:00:26",,"2019/03/01 00:00:00",1,-661.22542
D,P5MIN,CONSTRAINTSOLUTION,6,"2019/05/16 06:05:00",0,"2019/05/16 06:55:00",N>>N-NIL_1XN,3730.67637,0,0,"2019/05/16 06:00:26",,"2019/03/01 00:00:00",1,661.22691
D,P5MIN,CONSTRAINTSOLUTION,6,"2019/05/16 06:05:00",0,"2019/05/16 06:55:00",N>>N-NIL_1XS,1147.53728,0,0,"2019/05/16 06:00:26",,"2019/03/01 00:00:00",1,-661.22691
D,P5MIN,CONSTRAINTSOLUTION,6,"2019/05/16 06:05:00",0,"2019/05/16 06:55:00",N>>N-NIL_1Y,3992.50501,0,0,"2019/05/16 06:00:26",,"2019/03/01 00:00:00",1,660.31148
D,P5MIN,CONSTRAINTSOLUTION,6,"2019/05/16 06:05:00",0,"2019/05/16 06:55:00",N>>N-NIL_1YS,1471.06501,0,0,"2019/05/16 06:00:26",,"2019/03/01 00:00:00",1,-660.31148
D,P5MIN,CONSTRAINTSOLUTION,6,"2019/05/16 06:05:00",0,"2019/05/16 06:55:00",N>>N-NIL_1Z,4097.57272,0,0,"2019/05/16 06:00:26",,"2019/03/01 00:00:00",1,660.31148
D,P5MIN,CONSTRAINTSOLUTION,6,"2019/05/16 06:05:00",0,"2019/05/16 06:55:00",N>>N-NIL_1ZS,1576.54555,0,0,"2019/05/16 06:00:26",,"2019/03/01 00:00:00",1,-660.31148
D,P5MIN,CONSTRAINTSOLUTION,6,"2019/05/16 06:05:00",0,"2019/05/16 06:55:00",N>>N-NIL_23N,4097.2689,0,0,"2019/05/16 06:00:26",,"2019/03/01 00:00:00",1,660.31148
D,P5MIN,CONSTRAINTSOLUTION,6,"2019/05/16 06:05:00",0,"2019/05/16 06:55:00",N>>N-NIL_23S,1607.65196,0,0,"2019/05/16 06:00:26",,"2019/01/11 00:00:00",1,-660.24111
D,P5MIN,CONSTRAINTSOLUTION,6,"2019/05/16 06:05:00",0,"2019/05/16 06:55:00",N>>N-NIL_28,4347.57559,0,0,"2019/05/16 06:00:26",,"2019/02/28 00:00:00",1,1037.90496
D,P5MIN,CONSTRAINTSOLUTION,6,"2019/05/16 06:05:00",0,"2019/05/16 06:55:00",N>>N-NIL_29N,3783.96302,0,0,"2019/05/16 06:00:26",,"2019/03/01 00:00:00",1,632.07989
D,P5MIN,CONSTRAINTSOLUTION,6,"2019/05/16 06:05:00",0,"2019/05/16 06:55:00",N>>N-NIL_29S,1066.49457,0,0,"2019/05/16 06:00:26",,"2019/03/01 00:00:00",1,-660.71318
D,P5MIN,CONSTRAINTSOLUTION,6,"2019/05/16 06:05:00",0,"2019/05/16 06:55:00",N>>N-NIL_31N,3877.9029,0,0,"2019/05/16 06:00:26",,"2019/03/01 00:00:00",1,632.07989
D,P5MIN,CONSTRAINTSOLUTION,6,"2019/05/16 06:05:00",0,"2019/05/16 06:55:00",N>>N-NIL_31S,1155.79426,0,0,"2019/05/16 06:00:26",,"2019/03/01 00:00:00",1,-660.71318
D,P5MIN,CONSTRAINTSOLUTION,6,"2019/05/16 06:05:00",0,"2019/05/16 06:55:00",N>>N-NIL_36,2870.71101,0,0,"2019/05/16 06:00:26",,"2019/05/06 00:00:00",1,108.53694
D,P5MIN,CONSTRAINTSOLUTION,6,"2019/05/16 06:05:00",0,"2019/05/16 06:55:00",N>>N-NIL_45,1986.79328,0,0,"2019/05/16 06:00:26",,"2019/03/01 00:00:00",1,332.66461
D,P5MIN,CONSTRAINTSOLUTION,6,"2019/05/16 06:05:00",0,"2019/05/16 06:55:00",N>>N-NIL_46,955.97588,0,0,"2019/05/16 06:00:26",,"2019/03/01 00:00:00",1,-197.07388
D,P5MIN,CONSTRAINTSOLUTION,6,"2019/05/16 06:05:00",0,"2019/05/16 06:55:00",N>>N-NIL_47,1686.72487,0,0,"2019/05/16 06:00:26",,"2019/03/01 00:00:00",1,195.35254
D,P5MIN,CONSTRAINTSOLUTION,6,"2019/05/16 06:05:00",0,"2019/05/16 06:55:00",N>>N-NIL_48,1688.95728,0,0,"2019/05/16 06:00:26",,"2019/03/01 00:00:00",1,197.07388
D,P5MIN,CONSTRAINTSOLUTION,6,"2019/05/16 06:05:00",0,"2019/05/16 06:55:00",N>>N-NIL_49,960.41786,0,0,"2019/05/16 06:00:26",,"2019/03/01 00:00:00",1,-195.35254
D,P5MIN,CONSTRAINTSOLUTION,6,"2019/05/16 06:05:00",0,"2019/05/16 06:55:00",N>>N-NIL_56,2032.65873,0,0,"2019/05/16 06:00:26",,"2019/03/01 00:00:00",1,359.80548
D,P5MIN,CONSTRAINTSOLUTION,6,"2019/05/16 06:05:00",0,"2019/05/16 06:55:00",N>>N-NIL_57,951.21604,0,0,"2019/05/16 06:00:26",,"2019/03/01 00:00:00",1,-202.93682
D,P5MIN,CONSTRAINTSOLUTION,6,"2019/05/16 06:05:00",0,"2019/05/16 06:55:00",N>>N-NIL_58,6162.14165,0,0,"2019/05/16 06:00:26",,"2019/02/28 00:00:00",1,1279.72473
D,P5MIN,CONSTRAINTSOLUTION,6,"2019/05/16 06:05:00",0,"2019/05/16 06:55:00",N>>N-NIL_59,6165.4293,0,0,"2019/05/16 06:00:26",,"2019/02/28 00:00:00",1,1279.72473
D,P5MIN,CONSTRAINTSOLUTION,6,"2019/05/16 06:05:00",0,"2019/05/16 06:55:00",N>>N-NIL_60,1986.64727,0,0,"2019/05/16 06:00:26",,"2019/03/01 00:00:00",1,332.68629
D,P5MIN,CONSTRAINTSOLUTION,6,"2019/05/16 06:05:00",0,"2019/05/16 06:55:00",N>>N-NIL_61,2028.24124,0,0,"2019/05/16 06:00:26",,"2019/03/01 00:00:00",1,356.11704
D,P5MIN,CONSTRAINTSOLUTION,6,"2019/05/16 06:05:00",0,"2019/05/16 06:55:00",N>>N-NIL_62,1661.54185,0,0,"2019/05/16 06:00:26",,"2019/03/01 00:00:00",1,177.86944
D,P5MIN,CONSTRAINTSOLUTION,6,"2019/05/16 06:05:00",0,"2019/05/16 06:55:00",N>>N-NIL_63,1673.76192,0,0,"2019/05/16 06:00:26",,"2019/03/01 00:00:00",1,180.49505
D,P5MIN,CONSTRAINTSOLUTION,6,"2019/05/16 06:05:00",0,"2019/05/16 06:55:00",N>>N-NIL_64,5971.5243,0,0,"2019/05/16 06:00:26",,"2019/02/28 00:00:00",1,2834.23504
D,P5MIN,CONSTRAINTSOLUTION,6,"2019/05/16 06:05:00",0,"2019/05/16 06:55:00",N>>N-NIL_65,5716.85302,0,0,"2019/05/16 06:00:26",,"2019/02/28 00:00:00",1,2681.77545
D,P5MIN,CONSTRAINTSOLUTION,6,"2019/05/16 06:05:00",0,"2019/05/16 06:55:00",N>>N-NIL_8E_8C,1322,0,0,"2019/05/16 06:00:26",,"2019/01/11 00:00:00",1,850.2343
D,P5MIN,CONSTRAINTSOLUTION,6,"2019/05/16 06:05:00",0,"2019/05/16 06:55:00",N>>N-NIL_996_IN,616.06836,0,0,"2019/05/16 06:00:26",,"2019/05/06 00:00:00",1,57.14964
D,P5MIN,CONSTRAINTSOLUTION,6,"2019/05/16 06:05:00",0,"2019/05/16 06:55:00",N>>N-NIL_DPTX,456.68207,0,0,"2019/05/16 06:00:26",,"2019/05/06 00:00:00",1,-57.405
D,P5MIN,CONSTRAINTSOLUTION,6,"2019/05/16 06:05:00",0,"2019/05/16 06:55:00",N>>N-NIL_DPTX_2,856.23368,0,0,"2019/05/16 06:00:26",,"2019/05/06 00:00:00",1,57.405
D,P5MIN,CONSTRAINTSOLUTION,6,"2019/05/16 06:05:00",0,"2019/05/16 06:55:00",N>>N-NIL_H01,3404.21338,0,0,"2019/05/16 06:00:26",,"2019/03/01 00:00:00",1,516.36413
D,P5MIN,CONSTRAINTSOLUTION,6,"2019/05/16 06:05:00",0,"2019/05/16 06:55:00",N>>N-NIL_H02,4052.78603,0,0,"2019/05/16 06:00:26",,"2019/01/11 00:00:00",1,539.13382
D,P5MIN,CONSTRAINTSOLUTION,6,"2019/05/16 06:05:00",0,"2019/05/16 06:55:00",N>>N-NIL_H03,3905.99526,0,0,"2019/05/16 06:00:26",,"2019/01/11 00:00:00",1,473.38372
D,P5MIN,CONSTRAINTSOLUTION,6,"2019/05/16 06:05:00",0,"2019/05/16 06:55:00",N>>N-NIL_H051,1216.58578,0,0,"2019/05/16 06:00:26",,"2019/05/06 00:00:00",1,69.10159
D,P5MIN,CONSTRAINTSOLUTION,6,"2019/05/16 06:05:00",0,"2019/05/16 06:55:00",N>>N-NIL_H060,1693.66025,0,0,"2019/05/16 06:00:26",,"2019/05/06 00:00:00",1,-88.87085
D,P5MIN,CONSTRAINTSOLUTION,6,"2019/05/16 06:05:00",0,"2019/05/16 06:55:00",N>>N-NIL_H07,3785.73996,0,0,"2019/05/16 06:00:26",,"2019/03/01 00:00:00",1,417.99081
D,P5MIN,CONSTRAINTSOLUTION,6,"2019/05/16 06:05:00",0,"2019/05/16 06:55:00",N>>N-NIL_HE,3318.51826,0,0,"2019/05/16 06:00:26",,"2019/01/11 00:00:00",1,-76.72257
D,P5MIN,CONSTRAINTSOLUTION,6,"2019/05/16 06:05:00",0,"2019/05/16 06:55:00",N>>N-NIL_HF,3142.25334,0,0,"2019/05/16 06:00:26",,"2019/05/06 00:00:00",1,631.85471
D,P5MIN,CONSTRAINTSOLUTION,6,"2019/05/16 06:05:00",0,"2019/05/16 06:55:00",N>>N-NIL_HI_15M,3570.00396,0,0,"2019/05/16 06:00:26",,"2019/05/06 00:00:00",1,528.95045
D,P5MIN,CONSTRAINTSOLUTION,6,"2019/05/16 06:05:00",0,"2019/05/16 06:55:00",N>>N-NIL_HK_15M,3729.65348,0,0,"2019/05/16 06:00:26",,"2019/03/01 00:00:00",1,546.83858
D,P5MIN,CONSTRAINTSOLUTION,6,"2019/05/16 06:05:00",0,"2019/05/16 06:55:00",N>>N-NIL_HL,3684.53078,0,0,"2019/05/16 06:00:26",,"2019/05/06 00:00:00",1,-416.60797
D,P5MIN,CONSTRAINTSOLUTION,6,"2019/05/16 06:05:00",0,"2019/05/16 06:55:00",N>>N-NIL_HM,3234.82506,0,0,"2019/05/16 06:00:26",,"2019/05/06 00:00:00",1,416.60797
D,P5MIN,CONSTRAINTSOLUTION,6,"2019/05/16 06:05:00",0,"2019/05/16 06:55:00",N>>N-NIL_HU_15M,3621.84093,0,0,"2019/05/16 06:00:26",,"2019/05/06 00:00:00",1,524.02691
D,P5MIN,CONSTRAINTSOLUTION,6,"2019/05/16 06:05:00",0,"2019/05/16 06:55:00",N>>N-NIL__2_OPENED,610.97421,0,0,"2019/05/16 06:00:26",,"2019/01/11 00:00:00",1,-917.58154
D,P5MIN,CONSTRAINTSOLUTION,6,"2019/05/16 06:05:00",0,"2019/05/16 06:55:00",N>>N-NIL__3_OPENED,607.9924,0,0,"2019/05/16 06:00:26",,"2019/01/11 00:00:00",1,-917.58154
D,P5MIN,CONSTRAINTSOLUTION,6,"2019/05/16 06:05:00",0,"2019/05/16 06:55:00",N>>N-NIL__A_15M,3393.92525,0,0,"2019/05/16 06:00:26",,"2019/05/06 00:00:00",1,518.22862
D,P5MIN,CONSTRAINTSOLUTION,6,"2019/05/16 06:05:00",0,"2019/05/16 06:55:00",N>>N-NIL__B_15M,2986.63725,0,0,"2019/05/16 06:00:26",,"2019/05/06 00:00:00",1,552.22347
D,P5MIN,CONSTRAINTSOLUTION,6,"2019/05/16 06:05:00",0,"2019/05/16 06:55:00",N>>N-NIL__C_15M,3313.0527,0,0,"2019/05/16 06:00:26",,"2019/01/11 00:00:00",1,460.07749
D,P5MIN,CONSTRAINTSOLUTION,6,"2019/05/16 06:05:00",0,"2019/05/16 06:55:00",N>>N-NIL__D_15M,3240.63247,0,0,"2019/05/16 06:00:26",,"2019/03/01 00:00:00",1,536.98069
D,P5MIN,CONSTRAINTSOLUTION,6,"2019/05/16 06:05:00",0,"2019/05/16 06:55:00",N>>N-NIL__E_15M,2829.69235,0,0,"2019/05/16 06:00:26",,"2019/03/01 00:00:00",1,522.25295
D,P5MIN,CONSTRAINTSOLUTION,6,"2019/05/16 06:05:00",0,"2019/05/16 06:55:00",N>>N-NIL__F_15M,3278.26295,0,0,"2019/05/16 06:00:26",,"2019/01/11 00:00:00",1,533.60713
D,P5MIN,CONSTRAINTSOLUTION,6,"2019/05/16 06:05:00",0,"2019/05/16 06:55:00",N>>N-NIL__G_15M,3621.22004,0,0,"2019/05/16 06:00:26",,"2019/01/11 00:00:00",1,562.9232
D,P5MIN,CONSTRAINTSOLUTION,6,"2019/05/16 06:05:00",0,"2019/05/16 06:55:00",N>>N-NIL__H_15M,3152.52792,0,0,"2019/05/16 06:00:26",,"2019/03/01 00:00:00",1,434.82743
D,P5MIN,CONSTRAINTSOLUTION,6,"2019/05/16 06:05:00",0,"2019/05/16 06:55:00",N>>N-NIL__K,5783.80289,0,0,"2019/05/16 06:00:26",,"2019/02/28 00:00:00",1,1997.98769
D,P5MIN,CONSTRAINTSOLUTION,6,"2019/05/16 06:05:00",0,"2019/05/16 06:55:00",N>>N-NIL__L,5811.89287,0,0,"2019/05/16 06:00:26",,"2019/02/28 00:00:00",1,1997.98855
D,P5MIN,CONSTRAINTSOLUTION,6,"2019/05/16 06:05:00",0,"2019/05/16 06:55:00",N>>N-NIL__M,4405.43695,0,0,"2019/05/16 06:00:26",,"2019/02/28 00:00:00",1,1038.68827
D,P5MIN,CONSTRAINTSOLUTION,6,"2019/05/16 06:05:00",0,"2019/05/16 06:55:00",N>>N-NIL__N,6221.00232,0,0,"2019/05/16 06:00:26",,"2019/02/28 00:00:00",1,1239.35827
D,P5MIN,CONSTRAINTSOLUTION,6,"2019/05/16 06:05:00",0,"2019/05/16 06:55:00",N>>N-NIL__O,6223.94898,0,0,"2019/05/16 06:00:26",,"2019/02/28 00:00:00",1,1239.41809
D,P5MIN,CONSTRAINTSOLUTION,6,"2019/05/16 06:05:00",0,"2019/05/16 06:55:00",N>>N-NIL__P,5174.711,0,0,"2019/05/16 06:00:26",,"2019/02/28 00:00:00",1,1513.88546
D,P5MIN,CONSTRAINTSOLUTION,6,"2019/05/16 06:05:00",0,"2019/05/16 06:55:00",N>>N-NIL__R,6069.24328,0,0,"2019/05/16 06:00:26",,"2019/02/28 00:00:00",1,1235.41319
D,P5MIN,CONSTRAINTSOLUTION,6,"2019/05/16 06:05:00",0,"2019/05/16 06:55:00",N>>N-NIL__S,3851.90518,0,0,"2019/05/16 06:00:26",,"2019/02/28 00:00:00",1,1930.51288
D,P5MIN,CONSTRAINTSOLUTION,6,"2019/05/16 06:05:00",0,"2019/05/16 06:55:00",N>>Q-BWLD_ONE,344.28353,0,0,"2019/05/16 06:00:26",,"2019/03/06 00:00:00",1,-1416.17346
D,P5MIN,CONSTRAINTSOLUTION,6,"2019/05/16 06:05:00",0,"2019/05/16 06:55:00",N>>V-NIL_0X1,494.60223,0,0,"2019/05/16 06:00:26",,"2019/05/06 00:00:00",1,51.4658
D,P5MIN,CONSTRAINTSOLUTION,6,"2019/05/16 06:05:00",0,"2019/05/16 06:55:00",N>>V-NIL_HC,966.55849,0,0,"2019/05/16 06:00:26",,"2019/05/06 00:00:00",1,-434.0098
D,P5MIN,CONSTRAINTSOLUTION,6,"2019/05/16 06:05:00",0,"2019/05/16 06:55:00",N>>V-NIL_HD,1034.42852,0,0,"2019/05/16 06:00:26",,"2019/05/06 00:00:00",1,-468.45854
D,P5MIN,CONSTRAINTSOLUTION,6,"2019/05/16 06:05:00",0,"2019/05/16 06:55:00",N>>V-NIL_HJ,979.79429,0,0,"2019/05/16 06:00:26",,"2019/05/06 00:00:00",1,-343.78756
D,P5MIN,CONSTRAINTSOLUTION,6,"2019/05/16 06:05:00",0,"2019/05/16 06:55:00",N>>V-NIL_HK,2722.47152,0,0,"2019/05/16 06:00:26",,"2019/05/06 00:00:00",1,-606.84881
D,P5MIN,CONSTRAINTSOLUTION,6,"2019/05/16 06:05:00",0,"2019/05/16 06:55:00",N>>V-NIL_N,1260.44184,0,0,"2019/05/16 06:00:26",,"2019/01/11 00:00:00",1,-377.98147
D,P5MIN,CONSTRAINTSOLUTION,6,"2019/05/16 06:05:00",0,"2019/05/16 06:55:00",N>>V-NIL_O,602.89352,0,0,"2019/05/16 06:00:26",,"2019/01/11 00:00:00",1,-243.49975
D,P5MIN,CONSTRAINTSOLUTION,6,"2019/05/16 06:05:00",0,"2019/05/16 06:55:00",N>N-ARKK_CH_CB892A,9983.5,0,0,"2019/05/16 06:00:26",,"2016/01/11 00:00:00",1,-73
D,P5MIN,CONSTRAINTSOLUTION,6,"2019/05/16 06:05:00",0,"2019/05/16 06:55:00",N>N-ARKK_C_BYPASS,10584.01792,0,0,"2019/05/16 06:00:26",,"2018/09/14 00:00:00",1,156.65506
D,P5MIN,CONSTRAINTSOLUTION,6,"2019/05/16 06:05:00",0,"2019/05/16 06:55:00",N>N-ARKK_C_PSTMAN,10685.03162,0,0,"2019/05/16 06:00:26",,"2019/03/08 00:00:00",1,155.71303
D,P5MIN,CONSTRAINTSOLUTION,6,"2019/05/16 06:05:00",0,"2019/05/16 06:55:00",N>N-KC_TX_07,1766.96851,0,0,"2019/05/16 06:00:26",,"2019/03/08 00:00:00",1,1400
D,P5MIN,CONSTRAINTSOLUTION,6,"2019/05/16 06:05:00",0,"2019/05/16 06:55:00",N>N-NIL_8J_8C,1322,0,0,"2019/05/16 06:00:26",,"2019/01/11 00:00:00",1,615.6293
D,P5MIN,CONSTRAINTSOLUTION,6,"2019/05/16 06:05:00",0,"2019/05/16 06:55:00",N>N-NIL_DC,1505.42924,0,0,"2019/05/16 06:00:26",,"2019/01/21 00:00:00",1,918.57476
D,P5MIN,CONSTRAINTSOLUTION,6,"2019/05/16 06:05:00",0,"2019/05/16 06:55:00",N>N-NIL_F7_15M,799.88875,0,0,"2019/05/16 06:00:26",,"2019/01/11 00:00:00",1,-918.57476
D,P5MIN,CONSTRAINTSOLUTION,6,"2019/05/16 06:05:00",0,"2019/05/16 06:55:00",N>N-NIL_LSDU,82.73739,0,0,"2019/05/16 06:00:26",,"2019/01/11 00:00:00",1,-73
D,P5MIN,CONSTRAINTSOLUTION,6,"2019/05/16 06:05:00",0,"2019/05/16 06:55:00",N>N-NIL_MBDU,232.01513,0,0,"2019/05/16 06:00:26",,"2019/01/11 00:00:00",1,73
D,P5MIN,CONSTRAINTSOLUTION,6,"2019/05/16 06:05:00",0,"2019/05/16 06:55:00",N>N-NIL_TE_D2,253.65333,0,0,"2019/05/16 06:00:26",,"2019/01/11 00:00:00",1,-73
D,P5MIN,CONSTRAINTSOLUTION,6,"2019/05/16 06:05:00",0,"2019/05/16 06:55:00",N>N-NIL_TE_E1,9981.33333,0,0,"2019/05/16 06:00:26",,"2019/01/11 00:00:00",1,-73
D,P5MIN,CONSTRAINTSOLUTION,6,"2019/05/16 06:05:00",0,"2019/05/16 06:55:00",N>N-NIL_TE_E2,9981.33333,0,0,"2019/05/16 06:00:26",,"2019/01/11 00:00:00",1,-73
D,P5MIN,CONSTRAINTSOLUTION,6,"2019/05/16 06:05:00",0,"2019/05/16 06:55:00",N>N-NIL_TE_LOAD,9999,0,0,"2019/05/16 06:00:26",,"2013/08/21 00:00:00",1,73
D,P5MIN,CONSTRAINTSOLUTION,6,"2019/05/16 06:05:00",0,"2019/05/16 06:55:00",N>N-NIL__4_15M,623.42665,0,0,"2019/05/16 06:00:26",,"2019/01/11 00:00:00",1,-917.06259
D,P5MIN,CONSTRAINTSOLUTION,6,"2019/05/16 06:05:00",0,"2019/05/16 06:55:00",N>N-NIL__7,1546.42597,0,0,"2019/05/16 06:00:26",,"2019/01/11 00:00:00",1,-918.57476
D,P5MIN,CONSTRAINTSOLUTION,6,"2019/05/16 06:05:00",0,"2019/05/16 06:55:00",NQTE_ROC,7,0,0,"2019/05/16 06:00:26",,"2010/11/08 00:00:00",2,-73
D,P5MIN,CONSTRAINTSOLUTION,6,"2019/05/16 06:05:00",0,"2019/05/16 06:55:00",NRM_NSW1_QLD1,10000,0,0,"2019/05/16 06:00:26",,"2012/06/12 00:00:00",1,-688.6293
D,P5MIN,CONSTRAINTSOLUTION,6,"2019/05/16 06:05:00",0,"2019/05/16 06:55:00",NRM_NSW1_VIC1,10000,0,0,"2019/05/16 06:00:26",,"2012/06/12 00:00:00",1,-216.80847
D,P5MIN,CONSTRAINTSOLUTION,6,"2019/05/16 06:05:00",0,"2019/05/16 06:55:00",NRM_QLD1_NSW1,10680.71162,0,0,"2019/05/16 06:00:26",,"2012/06/12 00:00:00",1,688.6293
D,P5MIN,CONSTRAINTSOLUTION,6,"2019/05/16 06:05:00",0,"2019/05/16 06:55:00",NRM_SA1_VIC1,10230.51715,0,0,"2019/05/16 06:00:26",,"2012/06/12 00:00:00",1,289.89452
D,P5MIN,CONSTRAINTSOLUTION,6,"2019/05/16 06:05:00",0,"2019/05/16 06:55:00",NRM_VIC1_NSW1,10209.62429,0,0,"2019/05/16 06:00:26",,"2012/06/12 00:00:00",1,216.80847
D,P5MIN,CONSTRAINTSOLUTION,6,"2019/05/16 06:05:00",0,"2019/05/16 06:55:00",NRM_VIC1_SA1,10000,0,0,"2019/05/16 06:00:26",,"2012/06/12 00:00:00",1,-289.89452
D,P5MIN,CONSTRAINTSOLUTION,6,"2019/05/16 06:05:00",0,"2019/05/16 06:55:00",N^^N_NIL_1,2807.18019,0,0,"2019/05/16 06:00:26",,"2018/05/02 00:00:00",1,587.85232
D,P5MIN,CONSTRAINTSOLUTION,6,"2019/05/16 06:05:00",0,"2019/05/16 06:55:00",N^^Q_NIL_A,443.63215,0,0,"2019/05/16 06:00:26",,"2017/12/06 00:00:00",1,-805.9318
D,P5MIN,CONSTRAINTSOLUTION,6,"2019/05/16 06:05:00",0,"2019/05/16 06:55:00",N^^Q_NIL_B,622.24474,0,0,"2019/05/16 06:00:26",,"2017/12/06 00:00:00",1,-778.9218
D,P5MIN,CONSTRAINTSOLUTION,6,"2019/05/16 06:05:00",0,"2019/05/16 06:55:00",N^^Q_NIL_B1,937.24474,0,0,"2019/05/16 06:00:26",,"2017/12/06 00:00:00",1,-103.9218
D,P5MIN,CONSTRAINTSOLUTION,6,"2019/05/16 06:05:00",0,"2019/05/16 06:55:00",N^^Q_NIL_B2,937.24474,0,0,"2019/05/16 06:00:26",,"2017/12/06 00:00:00",1,-391.9218
D,P5MIN,CONSTRAINTSOLUTION,6,"2019/05/16 06:05:00",0,"2019/05/16 06:55:00",N^^Q_NIL_B3,937.24474,0,0,"2019/05/16 06:00:26",,"2017/12/06 00:00:00",1,-387.4218
D,P5MIN,CONSTRAINTSOLUTION,6,"2019/05/16 06:05:00",0,"2019/05/16 06:55:00",N^^Q_NIL_B4,897.24474,0,0,"2019/05/16 06:00:26",,"2017/12/06 00:00:00",1,-380.2218
D,P5MIN,CONSTRAINTSOLUTION,6,"2019/05/16 06:05:00",0,"2019/05/16 06:55:00",N^^Q_NIL_B5,907.24474,0,0,"2019/05/16 06:00:26",,"2017/12/06 00:00:00",1,-413.5218
D,P5MIN,CONSTRAINTSOLUTION,6,"2019/05/16 06:05:00",0,"2019/05/16 06:55:00",N^^Q_NIL_B6,907.24474,0,0,"2019/05/16 06:00:26",,"2017/12/06 00:00:00",1,-413.5218
D,P5MIN,CONSTRAINTSOLUTION,6,"2019/05/16 06:05:00",0,"2019/05/16 06:55:00",N^^Q_WIV_N-2,937.24474,0,0,"2019/05/16 06:00:26",,"2018/01/19 00:00:00",1,-778.9218
D,P5MIN,CONSTRAINTSOLUTION,6,"2019/05/16 06:05:00",0,"2019/05/16 06:55:00",N^^V_NIL_1,120.34791,0,0,"2019/05/16 06:00:26",,"2019/05/15 00:00:00",1,-52.57273
D,P5MIN,CONSTRAINTSOLUTION,6,"2019/05/16 06:05:00",0,"2019/05/16 06:55:00",N_NIL_TE_A,163.5,0,0,"2019/05/16 06:00:26",,"2012/07/04 00:00:00",1,-73
D,P5MIN,CONSTRAINTSOLUTION,6,"2019/05/16 06:05:00",0,"2019/05/16 06:55:00",N_NIL_TE_B,196.5,0,0,"2019/05/16 06:00:26",,"2012/07/04 00:00:00",1,73
D,P5MIN,CONSTRAINTSOLUTION,6,"2019/05/16 06:05:00",0,"2019/05/16 06:55:00",N_V_HV1700_OSC_AUTO,11768.10001,0,0,"2019/05/16 06:00:26",,"2013/07/19 00:00:00",1,523.19153
D,P5MIN,CONSTRAINTSOLUTION,6,"2019/05/16 06:05:00",0,"2019/05/16 06:55:00",Q::N_BI_POT_WIV_N-2,1209.34247,0,0,"2019/05/16 06:00:26",,"2018/01/16 00:00:00",1,709.4713
D,P5MIN,CONSTRAINTSOLUTION,6,"2019/05/16 06:05:00",0,"2019/05/16 06:55:00",Q::N_NIL_AR_2L-G,1111.64688,0,0,"2019/05/16 06:00:26",,"2018/01/15 00:00:00",2,833.10814
D,P5MIN,CONSTRAINTSOLUTION,6,"2019/05/16 06:05:00",0,"2019/05/16 06:55:00",Q::N_NIL_BI_POT,1209.33249,0,0,"2019/05/16 06:00:26",,"2018/01/15 00:00:00",2,709.4713
D,P5MIN,CONSTRAINTSOLUTION,6,"2019/05/16 06:05:00",0,"2019/05/16 06:55:00",Q:NIL_CS,4371.06294,0,0,"2019/05/16 06:00:26",,"2018/12/27 00:00:00",1,3867.7097
D,P5MIN,CONSTRAINTSOLUTION,6,"2019/05/16 06:05:00",0,"2019/05/16 06:55:00",Q:N_NIL_BWRG,1436.17663,0,0,"2019/05/16 06:00:26",,"2013/10/23 00:00:00",1,615.6293
D,P5MIN,CONSTRAINTSOLUTION,6,"2019/05/16 06:05:00",0,"2019/05/16 06:55:00",Q:N_NIL_LDNC,1424.98076,0,0,"2019/05/16 06:00:26",,"2013/10/23 00:00:00",1,615.6293
D,P5MIN,CONSTRAINTSOLUTION,6,"2019/05/16 06:05:00",0,"2019/05/16 06:55:00",Q:N_NIL_OSC,1200,0,0,"2019/05/16 06:00:26",,"2013/07/25 00:00:00",1,615.6293
D,P5MIN,CONSTRAINTSOLUTION,6,"2019/05/16 06:05:00",0,"2019/05/16 06:55:00",Q>>LCCP_BCCP_CLWU_2,3081.36489,0,0,"2019/05/16 06:00:26",,"2018/12/27 00:00:00",1,1914.23211
D,P5MIN,CONSTRAINTSOLUTION,6,"2019/05/16 06:05:00",0,"2019/05/16 06:55:00",Q>>LCCP_CLWU_BCCP_2,2669.34809,0,0,"2019/05/16 06:00:26",,"2018/12/27 00:00:00",1,1801.98388
D,P5MIN,CONSTRAINTSOLUTION,6,"2019/05/16 06:05:00",0,"2019/05/16 06:55:00",Q>>NIL_MRGB_MRTX1,10883.45127,0,0,"2019/05/16 06:00:26",,"2019/01/11 00:00:00",1,876.76954
D,P5MIN,CONSTRAINTSOLUTION,6,"2019/05/16 06:05:00",0,"2019/05/16 06:55:00",Q>>NIL_MRTX5_MRTX4,2904.2619,0,0,"2019/05/16 06:00:26",,"2019/01/11 00:00:00",1,1051.46609
D,P5MIN,CONSTRAINTSOLUTION,6,"2019/05/16 06:05:00",0,"2019/05/16 06:55:00",Q>>WOPW_WOSP_WOGP_1,3034.59562,0,0,"2019/05/16 06:00:26",,"2019/04/10 00:00:00",1,2722.80369
D,P5MIN,CONSTRAINTSOLUTION,6,"2019/05/16 06:05:00",0,"2019/05/16 06:55:00",Q>>WOPW_WOSP_WOGP_2,2880.419,0,0,"2019/05/16 06:00:26",,"2019/04/10 00:00:00",1,2722.85106
D,P5MIN,CONSTRAINTSOLUTION,6,"2019/05/16 06:05:00",0,"2019/05/16 06:55:00",Q>N-NIL_8L_8M,1379,0,0,"2019/05/16 06:00:26",,"2013/08/21 00:00:00",1,615.6293
D,P5MIN,CONSTRAINTSOLUTION,6,"2019/05/16 06:05:00",0,"2019/05/16 06:55:00",Q>NIL_BI_CAGS_CALV_O,536.8812,0,0,"2019/05/16 06:00:26",,"2019/01/11 00:00:00",1,260
D,P5MIN,CONSTRAINTSOLUTION,6,"2019/05/16 06:05:00",0,"2019/05/16 06:55:00",Q>NIL_MRTA_A,9990.322,0,0,"2019/05/16 06:00:26",,"2019/01/11 00:00:00",1,0.435
D,P5MIN,CONSTRAINTSOLUTION,6,"2019/05/16 06:05:00",0,"2019/05/16 06:55:00",Q>NIL_MRTA_B,9990.322,0,0,"2019/05/16 06:00:26",,"2019/01/11 00:00:00",1,0.435
D,P5MIN,CONSTRAINTSOLUTION,6,"2019/05/16 06:05:00",0,"2019/05/16 06:55:00",Q>NIL_MRTA_C,371.25,0,0,"2019/05/16 06:00:26",,"2019/01/11 00:00:00",1,0.435
D,P5MIN,CONSTRAINTSOLUTION,6,"2019/05/16 06:05:00",0,"2019/05/16 06:55:00",Q>NIL_MUTE_757,201.6,0,0,"2019/05/16 06:00:26",,"2014/09/02 00:00:00",1,73
D,P5MIN,CONSTRAINTSOLUTION,6,"2019/05/16 06:05:00",0,"2019/05/16 06:55:00",Q>NIL_MUTE_758,201.6,0,0,"2019/05/16 06:00:26",,"2014/09/02 00:00:00",1,73
D,P5MIN,CONSTRAINTSOLUTION,6,"2019/05/16 06:05:00",0,"2019/05/16 06:55:00",Q>NIL_TV66,410.96879,0,0,"2019/05/16 06:00:26",,"2018/08/20 00:00:00",1,0.002
D,P5MIN,CONSTRAINTSOLUTION,6,"2019/05/16 06:05:00",0,"2019/05/16 06:55:00",QNI_SOUTH_1150_DYN,1150,0,0,"2019/05/16 06:00:26",,"2019/01/30 00:00:00",1,615.6293
D,P5MIN,CONSTRAINTSOLUTION,6,"2019/05/16 06:05:00",0,"2019/05/16 06:55:00",QNTE_ROC,153,0,0,"2019/05/16 06:00:26",,"2010/11/08 00:00:00",3,73
D,P5MIN,CONSTRAINTSOLUTION,6,"2019/05/16 06:05:00",0,"2019/05/16 06:55:00",QN_1078_OSC_AUTO,11078,0,0,"2019/05/16 06:00:26",,"2013/07/25 00:00:00",1,615.6293
D,P5MIN,CONSTRAINTSOLUTION,6,"2019/05/16 06:05:00",0,"2019/05/16 06:55:00",Q^NIL_CN_FDR,-569.19637,0,0,"2019/05/16 06:00:26",,"2018/08/28 00:00:00",1,190.224
D,P5MIN,CONSTRAINTSOLUTION,6,"2019/05/16 06:05:00",0,"2019/05/16 06:55:00",Q^NIL_CN_GT,-715.67977,0,0,"2019/05/16 06:00:26",,"2018/08/28 00:00:00",1,144
D,P5MIN,CONSTRAINTSOLUTION,6,"2019/05/16 06:05:00",0,"2019/05/16 06:55:00",Q^NIL_FNQ,-342.57428,0,0,"2019/05/16 06:00:26",,"2018/08/28 00:00:00",1,144
D,P5MIN,CONSTRAINTSOLUTION,6,"2019/05/16 06:05:00",0,"2019/05/16 06:55:00",Q^NIL_GC,-6146.49904,0,0,"2019/05/16 06:00:26",,"2013/08/21 00:00:00",1,-73
D,P5MIN,CONSTRAINTSOLUTION,6,"2019/05/16 06:05:00",0,"2019/05/16 06:55:00",Q^^CS_-080,3626.21337,0,0,"2019/05/16 06:00:26",,"2018/08/30 00:00:00",1,2409.5521
D,P5MIN,CONSTRAINTSOLUTION,6,"2019/05/16 06:05:00",0,"2019/05/16 06:55:00",Q^^NIL_CS,3706.21336,0,0,"2019/05/16 06:00:26",,"2018/08/30 00:00:00",1,2409.5521
D,P5MIN,CONSTRAINTSOLUTION,6,"2019/05/16 06:05:00",0,"2019/05/16 06:55:00",Q^^NIL_QNI_SRAR,973.86409,0,0,"2019/05/16 06:00:26",,"2019/04/11 00:00:00",1,859.6185
D,P5MIN,CONSTRAINTSOLUTION,6,"2019/05/16 06:05:00",0,"2019/05/16 06:55:00",Q^^NIL_TR_CLHA,6008.84005,0,0,"2019/05/16 06:00:26",,"2018/12/19 00:00:00",1,3820.0862
D,P5MIN,CONSTRAINTSOLUTION,6,"2019/05/16 06:05:00",0,"2019/05/16 06:55:00",Q^^NIL_TR_TRBK,6227.48881,0,0,"2019/05/16 06:00:26",,"2018/12/19 00:00:00",1,4116.86445
D,P5MIN,CONSTRAINTSOLUTION,6,"2019/05/16 06:05:00",0,"2019/05/16 06:55:00",Q^^TR_CLHA_-250,5519.3511,0,0,"2019/05/16 06:00:26",,"2018/12/19 00:00:00",1,3820.0862
D,P5MIN,CONSTRAINTSOLUTION,6,"2019/05/16 06:05:00",0,"2019/05/16 06:55:00",Q^^TR_TRBK_-150,5931.21248,0,0,"2019/05/16 06:00:26",,"2018/12/19 00:00:00",1,4116.86445
D,P5MIN,CONSTRAINTSOLUTION,6,"2019/05/16 06:05:00",0,"2019/05/16 06:55:00",Q_CS_2000,4993.37293,0,0,"2019/05/16 06:00:26",,"2019/01/15 00:00:00",1,3867.7097
D,P5MIN,CONSTRAINTSOLUTION,6,"2019/05/16 06:05:00",0,"2019/05/16 06:55:00",S::V_NIL_TBSE_1,660.07794,0,0,"2019/05/16 06:00:26",,"2019/03/21 00:00:00",1,260.84684
D,P5MIN,CONSTRAINTSOLUTION,6,"2019/05/16 06:05:00",0,"2019/05/16 06:55:00",S::V_NIL_TBSE_2-DS,10000,0,0,"2019/05/16 06:00:26",,"2019/03/21 00:00:00",1,260.64776
D,P5MIN,CONSTRAINTSOLUTION,6,"2019/05/16 06:05:00",0,"2019/05/16 06:55:00",S:VS_580_OSC_AUTO_1,10000,0,0,"2019/05/16 06:00:26",,"2016/06/30 00:00:00",1,289.89452
D,P5MIN,CONSTRAINTSOLUTION,6,"2019/05/16 06:05:00",0,"2019/05/16 06:55:00",S:VS_650_HY_TEST,650,0,0,"2019/05/16 06:00:26",,"2018/08/07 00:00:00",1,289.89452
D,P5MIN,CONSTRAINTSOLUTION,6,"2019/05/16 06:05:00",0,"2019/05/16 06:55:00",S:VS_650_HY_TEST_DYN,650,0,0,"2019/05/16 06:00:26",,"2015/11/25 00:00:00",1,289.89452
D,P5MIN,CONSTRAINTSOLUTION,6,"2019/05/16 06:05:00",0,"2019/05/16 06:55:00",S:VS_700_1,10000,0,0,"2019/05/16 06:00:26",,"2016/08/16 00:00:00",1,289.89452
D,P5MIN,CONSTRAINTSOLUTION,6,"2019/05/16 06:05:00",0,"2019/05/16 06:55:00",S:VS_700_OSC_AUTO,10700,0,0,"2019/05/16 06:00:26",,"2016/06/30 00:00:00",1,289.89452
D,P5MIN,CONSTRAINTSOLUTION,6,"2019/05/16 06:05:00",0,"2019/05/16 06:55:00",S:VS_800,800,0,0,"2019/05/16 06:00:26",,"2018/08/07 00:00:00",1,289.89452
D,P5MIN,CONSTRAINTSOLUTION,6,"2019/05/16 06:05:00",0,"2019/05/16 06:55:00",S:V_460_OSC_AUTO_1,10000,0,0,"2019/05/16 06:00:26",,"2016/06/30 00:00:00",1,262.89452
D,P5MIN,CONSTRAINTSOLUTION,6,"2019/05/16 06:05:00",0,"2019/05/16 06:55:00",S:V_500_HY_TEST,500,0,0,"2019/05/16 06:00:26",,"2018/08/07 00:00:00",1,262.89452
D,P5MIN,CONSTRAINTSOLUTION,6,"2019/05/16 06:05:00",0,"2019/05/16 06:55:00",S:V_500_HY_TEST_DYN,500,0,0,"2019/05/16 06:00:26",,"2015/11/25 00:00:00",1,262.89452
D,P5MIN,CONSTRAINTSOLUTION,6,"2019/05/16 06:05:00",0,"2019/05/16 06:55:00",S:V_550_1,10000,0,0,"2019/05/16 06:00:26",,"2016/08/16 00:00:00",1,262.89452
D,P5MIN,CONSTRAINTSOLUTION,6,"2019/05/16 06:05:00",0,"2019/05/16 06:55:00",S:V_550_OSC_AUTO,10550,0,0,"2019/05/16 06:00:26",,"2016/06/30 00:00:00",1,262.89452
D,P5MIN,CONSTRAINTSOLUTION,6,"2019/05/16 06:05:00",0,"2019/05/16 06:55:00",S:V_650,650,0,0,"2019/05/16 06:00:26",,"2018/08/07 00:00:00",1,262.89452
D,P5MIN,CONSTRAINTSOLUTION,6,"2019/05/16 06:05:00",0,"2019/05/16 06:55:00",S>>HUBG_AWHU_WEWT,326.10354,0,0,"2019/05/16 06:00:26",,"2019/05/15 00:00:00",1,46.06655
D,P5MIN,CONSTRAINTSOLUTION,6,"2019/05/16 06:05:00",0,"2019/05/16 06:55:00",S>>HUBG_BGDV_WEMWP4,254.86702,0,0,"2019/05/16 06:00:26",,"2019/05/15 00:00:00",1,-29.7396
D,P5MIN,CONSTRAINTSOLUTION,6,"2019/05/16 06:05:00",0,"2019/05/16 06:55:00",S>>HUBG_BGDV_WTWE,319.33386,0,0,"2019/05/16 06:00:26",,"2019/05/15 00:00:00",1,-59.15425
D,P5MIN,CONSTRAINTSOLUTION,6,"2019/05/16 06:05:00",0,"2019/05/16 06:55:00",S>>HUBG_BLDV_WEWT,329.89514,0,0,"2019/05/16 06:00:26",,"2019/05/15 00:00:00",1,57.48981
D,P5MIN,CONSTRAINTSOLUTION,6,"2019/05/16 06:05:00",0,"2019/05/16 06:55:00",S>>HUBG_BLDV_WTTP,472.62074,0,0,"2019/05/16 06:00:26",,"2019/05/15 00:00:00",1,76.21023
D,P5MIN,CONSTRAINTSOLUTION,6,"2019/05/16 06:05:00",0,"2019/05/16 06:55:00",S>>HUBG_BWMP_WEWT,329.77301,0,0,"2019/05/16 06:00:26",,"2019/03/13 00:00:00",1,42.47646
D,P5MIN,CONSTRAINTSOLUTION,6,"2019/05/16 06:05:00",0,"2019/05/16 06:55:00",S>>HUBG_LKDV_WEWT,324.57125,0,0,"2019/05/16 06:00:26",,"2019/05/15 00:00:00",1,68.83226
D,P5MIN,CONSTRAINTSOLUTION,6,"2019/05/16 06:05:00",0,"2019/05/16 06:55:00",S>>HUBG_LKDV_WTTP,515.89079,0,0,"2019/05/16 06:00:26",,"2019/05/15 00:00:00",1,79.02018
D,P5MIN,CONSTRAINTSOLUTION,6,"2019/05/16 06:05:00",0,"2019/05/16 06:55:00",S>>HUBG_MNCLN_WEMWP4,204.07739,0,0,"2019/05/16 06:00:26",,"2019/05/15 00:00:00",1,-24.98999
D,P5MIN,CONSTRAINTSOLUTION,6,"2019/05/16 06:05:00",0,"2019/05/16 06:55:00",S>>HUBG_MNCLN_WTWE,271.87506,0,0,"2019/05/16 06:00:26",,"2019/05/15 00:00:00",1,-41.25209
D,P5MIN,CONSTRAINTSOLUTION,6,"2019/05/16 06:05:00",0,"2019/05/16 06:55:00",S>>HUBG_RBTU_WEWT,314.13849,0,0,"2019/05/16 06:00:26",,"2019/05/15 00:00:00",1,77.49688
D,P5MIN,CONSTRAINTSOLUTION,6,"2019/05/16 06:05:00",0,"2019/05/16 06:55:00",S>>HUBG_RBTU_WTTP,479.98739,0,0,"2019/05/16 06:00:26",,"2019/05/15 00:00:00",1,107.40477
D,P5MIN,CONSTRAINTSOLUTION,6,"2019/05/16 06:05:00",0,"2019/05/16 06:55:00",S>>HUBG_RBTX1_WEWT,308.4885,0,0,"2019/05/16 06:00:26",,"2019/05/15 00:00:00",1,33.64906
D,P5MIN,CONSTRAINTSOLUTION,6,"2019/05/16 06:05:00",0,"2019/05/16 06:55:00",S>>HUBG_WTTP_WEMWP4,221.5877,0,0,"2019/05/16 06:00:26",,"2019/05/15 00:00:00",1,11.85573
D,P5MIN,CONSTRAINTSOLUTION,6,"2019/05/16 06:05:00",0,"2019/05/16 06:55:00",S>>HUBG_WTTP_WTWE,285.75447,0,0,"2019/05/16 06:00:26",,"2019/05/15 00:00:00",1,-0.47128
D,P5MIN,CONSTRAINTSOLUTION,6,"2019/05/16 06:05:00",0,"2019/05/16 06:55:00",S>>NIL_BGBW_BRTW,1278.05963,0,0,"2019/05/16 06:00:26",,"2019/05/15 00:00:00",1,224.0254
D,P5MIN,CONSTRAINTSOLUTION,6,"2019/05/16 06:05:00",0,"2019/05/16 06:55:00",S>>NIL_BRTW_WEP4,366.12133,0,0,"2019/05/16 06:00:26",,"2019/05/15 00:00:00",1,7.52881
D,P5MIN,CONSTRAINTSOLUTION,6,"2019/05/16 06:05:00",0,"2019/05/16 06:55:00",S>>NIL_BRTW_WTTP,575.31516,0,0,"2019/05/16 06:00:26",,"2019/05/15 00:00:00",1,125.45232
D,P5MIN,CONSTRAINTSOLUTION,6,"2019/05/16 06:05:00",0,"2019/05/16 06:55:00",S>>NIL_BRTX_WEP4,325.93125,0,0,"2019/05/16 06:00:26",,"2019/05/15 00:00:00",1,-8.13101
D,P5MIN,CONSTRAINTSOLUTION,6,"2019/05/16 06:05:00",0,"2019/05/16 06:55:00",S>>NIL_BRTX_WTTP,531.06418,0,0,"2019/05/16 06:00:26",,"2019/05/15 00:00:00",1,86.99278
D,P5MIN,CONSTRAINTSOLUTION,6,"2019/05/16 06:05:00",0,"2019/05/16 06:55:00",S>>NIL_BWMP_BRTW,1277.32968,0,0,"2019/05/16 06:00:26",,"2019/05/15 00:00:00",1,272.26456
D,P5MIN,CONSTRAINTSOLUTION,6,"2019/05/16 06:05:00",0,"2019/05/16 06:55:00",S>>NIL_BWMP_TPRS,463.8965,0,0,"2019/05/16 06:00:26",,"2019/05/15 00:00:00",1,91.87014
D,P5MIN,CONSTRAINTSOLUTION,6,"2019/05/16 06:05:00",0,"2019/05/16 06:55:00",S>>NIL_BWMP_TWPA,1153.3104,0,0,"2019/05/16 06:00:26",,"2019/05/15 00:00:00",1,255.24983
D,P5MIN,CONSTRAINTSOLUTION,6,"2019/05/16 06:05:00",0,"2019/05/16 06:55:00",S>>NIL_BWMP_WEP4,284.6965,0,0,"2019/05/16 06:00:26",,"2019/05/15 00:00:00",1,-2.19857
D,P5MIN,CONSTRAINTSOLUTION,6,"2019/05/16 06:05:00",0,"2019/05/16 06:55:00",S>>NIL_BWMP_WTTP,585.90509,0,0,"2019/05/16 06:00:26",,"2019/05/15 00:00:00",1,125.28729
D,P5MIN,CONSTRAINTSOLUTION,6,"2019/05/16 06:05:00",0,"2019/05/16 06:55:00",S>>NIL_CGTB_TUTB_1,671.61315,0,0,"2019/05/16 06:00:26",,"2019/05/15 00:00:00",1,260.07612
D,P5MIN,CONSTRAINTSOLUTION,6,"2019/05/16 06:05:00",0,"2019/05/16 06:55:00",S>>NIL_CNRB_WEMWP4,385.24474,0,0,"2019/05/16 06:00:26",,"2019/05/15 00:00:00",1,40.05181
D,P5MIN,CONSTRAINTSOLUTION,6,"2019/05/16 06:05:00",0,"2019/05/16 06:55:00",S>>NIL_HUBG-T_WEWT,10000,0,0,"2019/05/16 06:00:26",,"2019/05/15 00:00:00",1,46.06655
D,P5MIN,CONSTRAINTSOLUTION,6,"2019/05/16 06:05:00",0,"2019/05/16 06:55:00",S>>NIL_HUBG-T_WEWT2,323.84796,0,0,"2019/05/16 06:00:26",,"2019/05/15 00:00:00",1,46.06655
D,P5MIN,CONSTRAINTSOLUTION,6,"2019/05/16 06:05:00",0,"2019/05/16 06:55:00",S>>NIL_LKDV_WEWT,296.13477,0,0,"2019/05/16 06:00:26",,"2019/05/15 00:00:00",1,61.11719
D,P5MIN,CONSTRAINTSOLUTION,6,"2019/05/16 06:05:00",0,"2019/05/16 06:55:00",S>>NIL_MKRB_WEMWP4,366.12439,0,0,"2019/05/16 06:00:26",,"2019/05/15 00:00:00",1,4.78377
D,P5MIN,CONSTRAINTSOLUTION,6,"2019/05/16 06:05:00",0,"2019/05/16 06:55:00",S>>NIL_RBPA_RBTU,1192.61031,0,0,"2019/05/16 06:00:26",,"2019/05/15 00:00:00",1,307.81168
D,P5MIN,CONSTRAINTSOLUTION,6,"2019/05/16 06:05:00",0,"2019/05/16 06:55:00",S>>NIL_RBPA_WEWT,317.51693,0,0,"2019/05/16 06:00:26",,"2019/05/15 00:00:00",1,65.43857
D,P5MIN,CONSTRAINTSOLUTION,6,"2019/05/16 06:05:00",0,"2019/05/16 06:55:00",S>>NIL_RBTU_BRTW,1417.13422,0,0,"2019/05/16 06:00:26",,"2019/05/15 00:00:00",1,263.29125
D,P5MIN,CONSTRAINTSOLUTION,6,"2019/05/16 06:05:00",0,"2019/05/16 06:55:00",S>>NIL_RBTU_RBPA,1285.51498,0,0,"2019/05/16 06:00:26",,"2019/05/15 00:00:00",1,306.74707
D,P5MIN,CONSTRAINTSOLUTION,6,"2019/05/16 06:05:00",0,"2019/05/16 06:55:00",S>>NIL_RBTU_TWPA,1135.09521,0,0,"2019/05/16 06:00:26",,"2019/05/15 00:00:00",1,221.96127
D,P5MIN,CONSTRAINTSOLUTION,6,"2019/05/16 06:05:00",0,"2019/05/16 06:55:00",S>>NIL_RBTU_WEWT,307.73567,0,0,"2019/05/16 06:00:26",,"2019/05/15 00:00:00",1,73.01557
D,P5MIN,CONSTRAINTSOLUTION,6,"2019/05/16 06:05:00",0,"2019/05/16 06:55:00",S>>NIL_RBTU_WTTP,597.59899,0,0,"2019/05/16 06:00:26",,"2019/05/15 00:00:00",1,136.63187
D,P5MIN,CONSTRAINTSOLUTION,6,"2019/05/16 06:05:00",0,"2019/05/16 06:55:00",S>>NIL_RBTX1_WTWE,278.5644,0,0,"2019/05/16 06:00:26",,"2019/05/15 00:00:00",1,-24.79066
D,P5MIN,CONSTRAINTSOLUTION,6,"2019/05/16 06:05:00",0,"2019/05/16 06:55:00",S>>NIL_SETB_SETB_1,915.09148,0,0,"2019/05/16 06:00:26",,"2019/05/15 00:00:00",1,-260.17196
D,P5MIN,CONSTRAINTSOLUTION,6,"2019/05/16 06:05:00",0,"2019/05/16 06:55:00",S>>NIL_TBCG_TBTU_1,902.46829,0,0,"2019/05/16 06:00:26",,"2019/05/15 00:00:00",1,-260.07612
D,P5MIN,CONSTRAINTSOLUTION,6,"2019/05/16 06:05:00",0,"2019/05/16 06:55:00",S>>NIL_TBSE_PWSE_1,10000,0,0,"2019/05/16 06:00:26",,"2019/03/11 00:00:00",1,62.25599
D,P5MIN,CONSTRAINTSOLUTION,6,"2019/05/16 06:05:00",0,"2019/05/16 06:55:00",S>>NIL_TBSE_TBSE_1,749.16038,0,0,"2019/05/16 06:00:26",,"2019/05/15 00:00:00",1,260.17196
D,P5MIN,CONSTRAINTSOLUTION,6,"2019/05/16 06:05:00",0,"2019/05/16 06:55:00",S>>NIL_TBTU_TBCG_1,955.72932,0,0,"2019/05/16 06:00:26",,"2019/05/15 00:00:00",1,-260.07612
D,P5MIN,CONSTRAINTSOLUTION,6,"2019/05/16 06:05:00",0,"2019/05/16 06:55:00",S>>NIL_TBTU_TBMO_1,435.92651,0,0,"2019/05/16 06:00:26",,"2019/05/15 00:00:00",1,-130.8352
D,P5MIN,CONSTRAINTSOLUTION,6,"2019/05/16 06:05:00",0,"2019/05/16 06:55:00",S>>NIL_TUTB_CGTB_1,725.33399,0,0,"2019/05/16 06:00:26",,"2019/05/15 00:00:00",1,260.07612
D,P5MIN,CONSTRAINTSOLUTION,6,"2019/05/16 06:05:00",0,"2019/05/16 06:55:00",S>>NIL_TUTB_PAAC,750.34068,0,0,"2019/05/16 06:00:26",,"2019/05/15 00:00:00",1,145.4378
D,P5MIN,CONSTRAINTSOLUTION,6,"2019/05/16 06:05:00",0,"2019/05/16 06:55:00",S>>NIL_TWPA_BWMP,935.06438,0,0,"2019/05/16 06:00:26",,"2019/05/15 00:00:00",1,179.75685
D,P5MIN,CONSTRAINTSOLUTION,6,"2019/05/16 06:05:00",0,"2019/05/16 06:55:00",S>>NIL_TWPA_TPRS,383.53057,0,0,"2019/05/16 06:00:26",,"2019/05/15 00:00:00",1,101.81431
D,P5MIN,CONSTRAINTSOLUTION,6,"2019/05/16 06:05:00",0,"2019/05/16 06:55:00",S>>NIL_TWPA_WEMW4,304.04871,0,0,"2019/05/16 06:00:26",,"2019/05/15 00:00:00",1,20.04746
D,P5MIN,CONSTRAINTSOLUTION,6,"2019/05/16 06:05:00",0,"2019/05/16 06:55:00",S>>TBTX4_CGTB_TUTB,637.38135,0,0,"2019/05/16 06:00:26",,"2019/03/13 00:00:00",1,260.15347
D,P5MIN,CONSTRAINTSOLUTION,6,"2019/05/16 06:05:00",0,"2019/05/16 06:55:00",S>>TBTX4_TBCG_TBTU,810.2394,0,0,"2019/05/16 06:00:26",,"2019/03/13 00:00:00",1,-260.15347
D,P5MIN,CONSTRAINTSOLUTION,6,"2019/05/16 06:05:00",0,"2019/05/16 06:55:00",S>>TBTX4_TBTU_TBCG,808.23658,0,0,"2019/05/16 06:00:26",,"2019/03/13 00:00:00",1,-260.15347
D,P5MIN,CONSTRAINTSOLUTION,6,"2019/05/16 06:05:00",0,"2019/05/16 06:55:00",S>>TBTX4_TUTB_CGTB,644.107,0,0,"2019/05/16 06:00:26",,"2019/03/13 00:00:00",1,260.15347
D,P5MIN,CONSTRAINTSOLUTION,6,"2019/05/16 06:05:00",0,"2019/05/16 06:55:00",S>>V_NIL_DVBG_STBG,184.63524,0,0,"2019/05/16 06:00:26",,"2019/05/14 00:00:00",1,-3.30187
D,P5MIN,CONSTRAINTSOLUTION,6,"2019/05/16 06:05:00",0,"2019/05/16 06:55:00",S>>V_NIL_NIL_HUWT,221.51165,0,0,"2019/05/16 06:00:26",,"2019/05/14 00:00:00",1,-1.67205
D,P5MIN,CONSTRAINTSOLUTION,6,"2019/05/16 06:05:00",0,"2019/05/16 06:55:00",S>>V_NIL_NIL_MNWT,301.71313,0,0,"2019/05/16 06:00:26",,"2019/05/14 00:00:00",1,2.15234
D,P5MIN,CONSTRAINTSOLUTION,6,"2019/05/16 06:05:00",0,"2019/05/16 06:55:00",S>>V_NIL_RBTX_MW4RB,322.07041,0,0,"2019/05/16 06:00:26",,"2019/05/14 00:00:00",1,-6.96882
D,P5MIN,CONSTRAINTSOLUTION,6,"2019/05/16 06:05:00",0,"2019/05/16 06:55:00",S>>V_NIL_WTTP_WEMW4,306.74575,0,0,"2019/05/16 06:00:26",,"2019/05/14 00:00:00",1,22.14393
D,P5MIN,CONSTRAINTSOLUTION,6,"2019/05/16 06:05:00",0,"2019/05/16 06:55:00",S>DVTX_NIL_DVTX,167.03837,0,0,"2019/05/16 06:00:26",,"2019/01/22 00:00:00",1,0
D,P5MIN,CONSTRAINTSOLUTION,6,"2019/05/16 06:05:00",0,"2019/05/16 06:55:00",S>NIL_BRTW_MNWT,324.16597,0,0,"2019/05/16 06:00:26",,"2019/05/14 00:00:00",1,31.33795
D,P5MIN,CONSTRAINTSOLUTION,6,"2019/05/16 06:05:00",0,"2019/05/16 06:55:00",S>NIL_BWMP_CNRB,739.72184,0,0,"2019/05/16 06:00:26",,"2019/05/14 00:00:00",1,243.27968
D,P5MIN,CONSTRAINTSOLUTION,6,"2019/05/16 06:05:00",0,"2019/05/16 06:55:00",S>NIL_BWMP_HUWT,221.88728,0,0,"2019/05/16 06:00:26",,"2019/05/14 00:00:00",1,7.73597
D,P5MIN,CONSTRAINTSOLUTION,6,"2019/05/16 06:05:00",0,"2019/05/16 06:55:00",S>NIL_BWMP_RHBR-T,311.56065,0,0,"2019/05/16 06:00:26",,"2019/05/14 00:00:00",1,58.22589
D,P5MIN,CONSTRAINTSOLUTION,6,"2019/05/16 06:05:00",0,"2019/05/16 06:55:00",S>NIL_DVBG_BRTW,1610.97813,0,0,"2019/05/16 06:00:26",,"2019/05/14 00:00:00",1,271.90142
D,P5MIN,CONSTRAINTSOLUTION,6,"2019/05/16 06:05:00",0,"2019/05/16 06:55:00",S>NIL_DVTX_DVTX,166.43173,0,0,"2019/05/16 06:00:26",,"2019/01/11 00:00:00",1,0
D,P5MIN,CONSTRAINTSOLUTION,6,"2019/05/16 06:05:00",0,"2019/05/16 06:55:00",S>NIL_HUWT_STBG,10000,0,0,"2019/05/16 06:00:26",,"2019/01/11 00:00:00",1,0
D,P5MIN,CONSTRAINTSOLUTION,6,"2019/05/16 06:05:00",0,"2019/05/16 06:55:00",S>NIL_HUWT_STBG2,124.47446,0,0,"2019/05/16 06:00:26",,"2019/01/11 00:00:00",1,0
D,P5MIN,CONSTRAINTSOLUTION,6,"2019/05/16 06:05:00",0,"2019/05/16 06:55:00",S>NIL_LKDV_CNRB,455.07,0,0,"2019/05/16 06:00:26",,"2019/01/11 00:00:00",1,218.879
D,P5MIN,CONSTRAINTSOLUTION,6,"2019/05/16 06:05:00",0,"2019/05/16 06:55:00",S>NIL_MHNW1_MHNW2,10000,0,0,"2019/05/16 06:00:26",,"2019/01/11 00:00:00",1,-27
D,P5MIN,CONSTRAINTSOLUTION,6,"2019/05/16 06:05:00",0,"2019/05/16 06:55:00",S>NIL_NIL_DLAW,114.49875,0,0,"2019/05/16 06:00:26",,"2019/01/11 00:00:00",1,0
D,P5MIN,CONSTRAINTSOLUTION,6,"2019/05/16 06:05:00",0,"2019/05/16 06:55:00",S>NIL_NIL_MHNW2,271.13175,0,0,"2019/05/16 06:00:26",,"2019/01/11 00:00:00",1,-27
D,P5MIN,CONSTRAINTSOLUTION,6,"2019/05/16 06:05:00",0,"2019/05/16 06:55:00",S>NIL_NIL_MYSG-T,275.59604,0,0,"2019/05/16 06:00:26",,"2019/03/14 00:00:00",2,2.844
D,P5MIN,CONSTRAINTSOLUTION,6,"2019/05/16 06:05:00",0,"2019/05/16 06:55:00",S>NIL_NIL_NWMH2,223.25249,0,0,"2019/05/16 06:00:26",,"2019/01/11 00:00:00",1,27
D,P5MIN,CONSTRAINTSOLUTION,6,"2019/05/16 06:05:00",0,"2019/05/16 06:55:00",S>NIL_NIL_SETX12,389.84299,0,0,"2019/05/16 06:00:26",,"2019/03/14 00:00:00",2,2.844
D,P5MIN,CONSTRAINTSOLUTION,6,"2019/05/16 06:05:00",0,"2019/05/16 06:55:00",S>NIL_NIL_SGBN,348.4796,0,0,"2019/05/16 06:00:26",,"2019/03/14 00:00:00",2,2.844
D,P5MIN,CONSTRAINTSOLUTION,6,"2019/05/16 06:05:00",0,"2019/05/16 06:55:00",S>NIL_NIL_SGMYSE-T2,408.78047,0,0,"2019/05/16 06:00:26",,"2019/03/14 00:00:00",2,2.844
D,P5MIN,CONSTRAINTSOLUTION,6,"2019/05/16 06:05:00",0,"2019/05/16 06:55:00",S>NIL_NWMH1_NWMH2,10000,0,0,"2019/05/16 06:00:26",,"2019/01/11 00:00:00",1,27
D,P5MIN,CONSTRAINTSOLUTION,6,"2019/05/16 06:05:00",0,"2019/05/16 06:55:00",S>NIL_PL_GENMAX,75.92805,0,0,"2019/05/16 06:00:26",,"2019/01/11 00:00:00",1,0
D,P5MIN,CONSTRAINTSOLUTION,6,"2019/05/16 06:05:00",0,"2019/05/16 06:55:00",S>NIL_PL_GENMAX_YDMD,104.09543,0,0,"2019/05/16 06:00:26",,"2019/01/11 00:00:00",1,0
D,P5MIN,CONSTRAINTSOLUTION,6,"2019/05/16 06:05:00",0,"2019/05/16 06:55:00",S>NIL_RBMWP3_RBNW1,10000,0,0,"2019/05/16 06:00:26",,"2019/01/11 00:00:00",1,27
D,P5MIN,CONSTRAINTSOLUTION,6,"2019/05/16 06:05:00",0,"2019/05/16 06:55:00",S>NIL_RBNW1_RBMWP3,10000,0,0,"2019/05/16 06:00:26",,"2019/01/11 00:00:00",1,27
D,P5MIN,CONSTRAINTSOLUTION,6,"2019/05/16 06:05:00",0,"2019/05/16 06:55:00",S>NIL_SGBN_SGSE-T2,10000,0,0,"2019/05/16 06:00:26",,"2019/03/14 00:00:00",2,2.844
D,P5MIN,CONSTRAINTSOLUTION,6,"2019/05/16 06:05:00",0,"2019/05/16 06:55:00",S>NIL_TINO3_TINO4,308.14399,0,0,"2019/05/16 06:00:26",,"2019/03/14 00:00:00",2,-185
D,P5MIN,CONSTRAINTSOLUTION,6,"2019/05/16 06:05:00",0,"2019/05/16 06:55:00",S>NIL_WEMW4_WTTP,383.65613,0,0,"2019/05/16 06:00:26",,"2019/05/14 00:00:00",1,51.03741
D,P5MIN,CONSTRAINTSOLUTION,6,"2019/05/16 06:05:00",0,"2019/05/16 06:55:00",S>SETXH1_SETXL2,66.77847,0,0,"2019/05/16 06:00:26",,"2019/05/16 00:00:00",4,-21.77221
D,P5MIN,CONSTRAINTSOLUTION,6,"2019/05/16 06:05:00",0,"2019/05/16 06:55:00",S>V_NIL_NIL_RBNW,165.82377,0,0,"2019/05/16 06:00:26",,"2019/01/25 00:00:00",1,27
D,P5MIN,CONSTRAINTSOLUTION,6,"2019/05/16 06:05:00",0,"2019/05/16 06:55:00",S>V_NIL_SEHY,742,0,0,"2019/05/16 06:00:26",,"2016/09/13 00:00:00",1,262.89452
D,P5MIN,CONSTRAINTSOLUTION,6,"2019/05/16 06:05:00",0,"2019/05/16 06:55:00",S>V_NIL_SETX_SETX,10000,0,0,"2019/05/16 06:00:26",,"2019/05/08 00:00:00",2,0
D,P5MIN,CONSTRAINTSOLUTION,6,"2019/05/16 06:05:00",0,"2019/05/16 06:55:00",S>V_NIL_SETX_SETX1,182.5059,0,0,"2019/05/16 06:00:26",,"2019/05/08 00:00:00",2,2.844
D,P5MIN,CONSTRAINTSOLUTION,6,"2019/05/16 06:05:00",0,"2019/05/16 06:55:00",SVML_233,233,0,0,"2019/05/16 06:00:26",,"2014/10/01 00:00:00",1,27
D,P5MIN,CONSTRAINTSOLUTION,6,"2019/05/16 06:05:00",0,"2019/05/16 06:55:00",SVML_ROC_80,98,0,0,"2019/05/16 06:00:26",,"2016/08/23 00:00:00",1,27
D,P5MIN,CONSTRAINTSOLUTION,6,"2019/05/16 06:05:00",0,"2019/05/16 06:55:00",S^NIL_PL_MAX,44.79406,0,0,"2019/05/16 06:00:26",,"2017/07/11 00:00:00",1,0
D,P5MIN,CONSTRAINTSOLUTION,6,"2019/05/16 06:05:00",0,"2019/05/16 06:55:00",S_LB2WF_CONF,198,0,0,"2019/05/16 06:00:26",,"2015/08/07 00:00:00",1,2.844
D,P5MIN,CONSTRAINTSOLUTION,6,"2019/05/16 06:05:00",0,"2019/05/16 06:55:00",S_NIL_STRENGTH_1,10516,0,0,"2019/05/16 06:00:26",,"2018/12/05 00:00:00",1,447.83
D,P5MIN,CONSTRAINTSOLUTION,6,"2019/05/16 06:05:00",0,"2019/05/16 06:55:00",S_NIL_STRENGTH_2,1790.84049,0,0,"2019/05/16 06:00:26",,"2018/11/26 00:00:00",1,184.93548
D,P5MIN,CONSTRAINTSOLUTION,6,"2019/05/16 06:05:00",0,"2019/05/16 06:55:00",S_V_NIL_ROCOF,1273.80002,0,0,"2019/05/16 06:00:26",,"2019/01/03 00:00:00",1,262.89452
D,P5MIN,CONSTRAINTSOLUTION,6,"2019/05/16 06:05:00",0,"2019/05/16 06:55:00",T::T_NIL_1,739.77226,0,0,"2019/05/16 06:00:26",,"2014/07/31 00:00:00",1,453.53059
D,P5MIN,CONSTRAINTSOLUTION,6,"2019/05/16 06:05:00",0,"2019/05/16 06:55:00",T::T_NIL_2,10695.73718,0,0,"2019/05/16 06:00:26",,"2014/07/31 00:00:00",1,447.13552
D,P5MIN,CONSTRAINTSOLUTION,6,"2019/05/16 06:05:00",0,"2019/05/16 06:55:00",T::T_NIL_3,797.85473,0,0,"2019/05/16 06:00:26",,"2014/07/31 00:00:00",1,658.95486
D,P5MIN,CONSTRAINTSOLUTION,6,"2019/05/16 06:05:00",0,"2019/05/16 06:55:00",T::T_NIL_4,10938.51276,0,0,"2019/05/16 06:00:26",,"2014/07/31 00:00:00",1,655.34533
D,P5MIN,CONSTRAINTSOLUTION,6,"2019/05/16 06:05:00",0,"2019/05/16 06:55:00",T:T_LIPM_1,-344.29524,0,0,"2019/05/16 06:00:26",,"2013/08/21 00:00:00",1,-455.62117
D,P5MIN,CONSTRAINTSOLUTION,6,"2019/05/16 06:05:00",0,"2019/05/16 06:55:00",T:T_LIPM_2,489.12166,0,0,"2019/05/16 06:00:26",,"2013/08/21 00:00:00",1,296.31781
D,P5MIN,CONSTRAINTSOLUTION,6,"2019/05/16 06:05:00",0,"2019/05/16 06:55:00",T>>T_NIL_BL_EXP_3F,11137.81748,0,0,"2019/05/16 06:00:26",,"2017/07/17 00:00:00",1,591.70131
D,P5MIN,CONSTRAINTSOLUTION,6,"2019/05/16 06:05:00",0,"2019/05/16 06:55:00",T>>T_NIL_BL_EXP_3G,11314.60614,0,0,"2019/05/16 06:00:26",,"2017/07/17 00:00:00",1,447.33344
D,P5MIN,CONSTRAINTSOLUTION,6,"2019/05/16 06:05:00",0,"2019/05/16 06:55:00",T>>T_NIL_BL_EXP_3H,11631.82307,0,0,"2019/05/16 06:00:26",,"2017/07/17 00:00:00",1,687.73349
D,P5MIN,CONSTRAINTSOLUTION,6,"2019/05/16 06:05:00",0,"2019/05/16 06:55:00",T>>T_NIL_BL_EXP_4E,10425.23085,0,0,"2019/05/16 06:00:26",,"2016/07/26 00:00:00",1,184.54658
D,P5MIN,CONSTRAINTSOLUTION,6,"2019/05/16 06:05:00",0,"2019/05/16 06:55:00",T>>T_NIL_BL_EXP_4F,10381.83625,0,0,"2019/05/16 06:00:26",,"2016/06/16 00:00:00",1,186.31802
D,P5MIN,CONSTRAINTSOLUTION,6,"2019/05/16 06:05:00",0,"2019/05/16 06:55:00",T>>T_NIL_BL_EXP_5F,21087.67226,0,0,"2019/05/16 06:00:26",,"2017/07/17 00:00:00",1,649.38728
D,P5MIN,CONSTRAINTSOLUTION,6,"2019/05/16 06:05:00",0,"2019/05/16 06:55:00",T>>T_NIL_BL_EXP_5G,11323.66295,0,0,"2019/05/16 06:00:26",,"2017/07/17 00:00:00",1,538.43044
D,P5MIN,CONSTRAINTSOLUTION,6,"2019/05/16 06:05:00",0,"2019/05/16 06:55:00",T>>T_NIL_BL_EXP_5H,11525.13324,0,0,"2019/05/16 06:00:26",,"2017/07/17 00:00:00",1,745.04571
D,P5MIN,CONSTRAINTSOLUTION,6,"2019/05/16 06:05:00",0,"2019/05/16 06:55:00",T>>T_NIL_BL_EXP_6E,21030.20735,0,0,"2019/05/16 06:00:26",,"2017/07/17 00:00:00",1,811.15246
D,P5MIN,CONSTRAINTSOLUTION,6,"2019/05/16 06:05:00",0,"2019/05/16 06:55:00",T>>T_NIL_BL_EXP_6F,21104.73268,0,0,"2019/05/16 06:00:26",,"2017/07/17 00:00:00",1,679.23194
D,P5MIN,CONSTRAINTSOLUTION,6,"2019/05/16 06:05:00",0,"2019/05/16 06:55:00",T>>T_NIL_BL_EXP_7C,20569.57316,0,0,"2019/05/16 06:00:26",,"2017/07/17 00:00:00",1,506.23194
D,P5MIN,CONSTRAINTSOLUTION,6,"2019/05/16 06:05:00",0,"2019/05/16 06:55:00",T>T_LIPM_110_2A,-364.00657,-0.02,0,"2019/05/16 06:00:26",,"2019/04/24 00:00:00",2,-364.00657
D,P5MIN,CONSTRAINTSOLUTION,6,"2019/05/16 06:05:00",0,"2019/05/16 06:55:00",T>T_LIPM_110_2B,519.47653,0,0,"2019/05/16 06:00:26",,"2019/04/24 00:00:00",2,364.00657
D,P5MIN,CONSTRAINTSOLUTION,6,"2019/05/16 06:05:00",0,"2019/05/16 06:55:00",T>T_LIPM_110_3_1,336.02049,0,0,"2019/05/16 06:00:26",,"2019/04/24 00:00:00",2,160.27272
D,P5MIN,CONSTRAINTSOLUTION,6,"2019/05/16 06:05:00",0,"2019/05/16 06:55:00",T>T_LIPM_110_5,-38.38413,0,0,"2019/05/16 06:00:26",,"2019/04/24 00:00:00",2,-244.99672
D,P5MIN,CONSTRAINTSOLUTION,6,"2019/05/16 06:05:00",0,"2019/05/16 06:55:00",T>T_NIL_110_4,234.84625,0,0,"2019/05/16 06:00:26",,"2019/01/11 00:00:00",1,-51.90651
D,P5MIN,CONSTRAINTSOLUTION,6,"2019/05/16 06:05:00",0,"2019/05/16 06:55:00",T>T_NIL_110_5,373.3624,0,0,"2019/05/16 06:00:26",,"2019/01/11 00:00:00",1,51.90651
D,P5MIN,CONSTRAINTSOLUTION,6,"2019/05/16 06:05:00",0,"2019/05/16 06:55:00",T>T_NIL_BL_110_18_1,324.14476,0,0,"2019/05/16 06:00:26",,"2019/01/11 00:00:00",1,149.92848
D,P5MIN,CONSTRAINTSOLUTION,6,"2019/05/16 06:05:00",0,"2019/05/16 06:55:00",T>T_NIL_BL_110_8,287.59528,0,0,"2019/05/16 06:00:26",,"2019/01/11 00:00:00",1,133.958
D,P5MIN,CONSTRAINTSOLUTION,6,"2019/05/16 06:05:00",0,"2019/05/16 06:55:00",T>T_NIL_BL_220_6B,1029.08469,0,0,"2019/05/16 06:00:26",,"2019/01/11 00:00:00",1,331.97649
D,P5MIN,CONSTRAINTSOLUTION,6,"2019/05/16 06:05:00",0,"2019/05/16 06:55:00",T>T_NIL_BL_3A,1612.29628,0,0,"2019/05/16 06:00:26",,"2019/01/11 00:00:00",1,497.51701
D,P5MIN,CONSTRAINTSOLUTION,6,"2019/05/16 06:05:00",0,"2019/05/16 06:55:00",T>T_NIL_BL_3B,1611.53033,0,0,"2019/05/16 06:00:26",,"2019/01/11 00:00:00",1,497.51701
D,P5MIN,CONSTRAINTSOLUTION,6,"2019/05/16 06:05:00",0,"2019/05/16 06:55:00",T>T_NIL_BL_3C,11184.71704,0,0,"2019/05/16 06:00:26",,"2017/07/17 00:00:00",1,499.33466
D,P5MIN,CONSTRAINTSOLUTION,6,"2019/05/16 06:05:00",0,"2019/05/16 06:55:00",T>T_NIL_BL_3D,11361.91178,0,0,"2019/05/16 06:00:26",,"2017/07/17 00:00:00",1,353.81999
D,P5MIN,CONSTRAINTSOLUTION,6,"2019/05/16 06:05:00",0,"2019/05/16 06:55:00",T>T_NIL_BL_3E,11678.94713,0,0,"2019/05/16 06:00:26",,"2017/07/17 00:00:00",1,595.11969
D,P5MIN,CONSTRAINTSOLUTION,6,"2019/05/16 06:05:00",0,"2019/05/16 06:55:00",T>T_NIL_BL_4A,634.7512,0,0,"2019/05/16 06:00:26",,"2019/01/11 00:00:00",1,89.99315
D,P5MIN,CONSTRAINTSOLUTION,6,"2019/05/16 06:05:00",0,"2019/05/16 06:55:00",T>T_NIL_BL_4B,635.02155,0,0,"2019/05/16 06:00:26",,"2019/01/11 00:00:00",1,89.99315
D,P5MIN,CONSTRAINTSOLUTION,6,"2019/05/16 06:05:00",0,"2019/05/16 06:55:00",T>T_NIL_BL_4C,10810.3724,0,0,"2019/05/16 06:00:26",,"2016/07/26 00:00:00",1,146.10879
D,P5MIN,CONSTRAINTSOLUTION,6,"2019/05/16 06:05:00",0,"2019/05/16 06:55:00",T>T_NIL_BL_4D,10965.55793,0,0,"2019/05/16 06:00:26",,"2016/07/26 00:00:00",1,197.10194
D,P5MIN,CONSTRAINTSOLUTION,6,"2019/05/16 06:05:00",0,"2019/05/16 06:55:00",T>T_NIL_BL_5A,1486.85931,0,0,"2019/05/16 06:00:26",,"2019/01/11 00:00:00",1,559.46941
D,P5MIN,CONSTRAINTSOLUTION,6,"2019/05/16 06:05:00",0,"2019/05/16 06:55:00",T>T_NIL_BL_5B,1486.23758,0,0,"2019/05/16 06:00:26",,"2019/01/11 00:00:00",1,559.46941
D,P5MIN,CONSTRAINTSOLUTION,6,"2019/05/16 06:05:00",0,"2019/05/16 06:55:00",T>T_NIL_BL_5C,11132.77546,0,0,"2019/05/16 06:00:26",,"2017/07/17 00:00:00",1,559.45264
D,P5MIN,CONSTRAINTSOLUTION,6,"2019/05/16 06:05:00",0,"2019/05/16 06:55:00",T>T_NIL_BL_5D,11373.66931,0,0,"2019/05/16 06:00:26",,"2017/07/17 00:00:00",1,439.56857
D,P5MIN,CONSTRAINTSOLUTION,6,"2019/05/16 06:05:00",0,"2019/05/16 06:55:00",T>T_NIL_BL_5E,11571.79138,0,0,"2019/05/16 06:00:26",,"2017/07/17 00:00:00",1,653.31178
D,P5MIN,CONSTRAINTSOLUTION,6,"2019/05/16 06:05:00",0,"2019/05/16 06:55:00",T>T_NIL_BL_6A,1450.40501,0,0,"2019/05/16 06:00:26",,"2019/01/11 00:00:00",1,712.28373
D,P5MIN,CONSTRAINTSOLUTION,6,"2019/05/16 06:05:00",0,"2019/05/16 06:55:00",T>T_NIL_BL_6B,1449.72909,0,0,"2019/05/16 06:00:26",,"2019/01/11 00:00:00",1,712.28373
D,P5MIN,CONSTRAINTSOLUTION,6,"2019/05/16 06:05:00",0,"2019/05/16 06:55:00",T>T_NIL_BL_6C,11080.21981,0,0,"2019/05/16 06:00:26",,"2017/07/17 00:00:00",1,382.92052
D,P5MIN,CONSTRAINTSOLUTION,6,"2019/05/16 06:05:00",0,"2019/05/16 06:55:00",T>T_NIL_BL_6D,11155.36267,0,0,"2019/05/16 06:00:26",,"2017/07/17 00:00:00",1,251
D,P5MIN,CONSTRAINTSOLUTION,6,"2019/05/16 06:05:00",0,"2019/05/16 06:55:00",T>T_NIL_BL_IMP_2B,937.37446,0,0,"2019/05/16 06:00:26",,"2019/01/11 00:00:00",1,230.31527
D,P5MIN,CONSTRAINTSOLUTION,6,"2019/05/16 06:05:00",0,"2019/05/16 06:55:00",T>T_NIL_BL_IMP_3F,1207.12764,0,0,"2019/05/16 06:00:26",,"2019/01/11 00:00:00",1,497.542
D,P5MIN,CONSTRAINTSOLUTION,6,"2019/05/16 06:05:00",0,"2019/05/16 06:55:00",T>T_NIL_BL_IMP_3FF,1206.62552,0,0,"2019/05/16 06:00:26",,"2019/01/11 00:00:00",1,497.542
D,P5MIN,CONSTRAINTSOLUTION,6,"2019/05/16 06:05:00",0,"2019/05/16 06:55:00",T>T_NIL_BL_IMP_3G,1379.32604,0,0,"2019/05/16 06:00:26",,"2019/01/11 00:00:00",1,352.26731
D,P5MIN,CONSTRAINTSOLUTION,6,"2019/05/16 06:05:00",0,"2019/05/16 06:55:00",T>T_NIL_BL_IMP_3H,1715.82133,0,0,"2019/05/16 06:00:26",,"2019/01/11 00:00:00",1,593.3218
D,P5MIN,CONSTRAINTSOLUTION,6,"2019/05/16 06:05:00",0,"2019/05/16 06:55:00",T>T_NIL_BL_IMP_4E,495.3093,0,0,"2019/05/16 06:00:26",,"2019/01/11 00:00:00",1,89.9767
D,P5MIN,CONSTRAINTSOLUTION,6,"2019/05/16 06:05:00",0,"2019/05/16 06:55:00",T>T_NIL_BL_IMP_4EE,495.51229,0,0,"2019/05/16 06:00:26",,"2019/01/11 00:00:00",1,89.9767
D,P5MIN,CONSTRAINTSOLUTION,6,"2019/05/16 06:05:00",0,"2019/05/16 06:55:00",T>T_NIL_BL_IMP_4F,451.8293,0,0,"2019/05/16 06:00:26",,"2019/01/11 00:00:00",1,92.1191
D,P5MIN,CONSTRAINTSOLUTION,6,"2019/05/16 06:05:00",0,"2019/05/16 06:55:00",T>T_NIL_BL_IMP_5F,1152.72458,0,0,"2019/05/16 06:00:26",,"2019/01/11 00:00:00",1,559.45264
D,P5MIN,CONSTRAINTSOLUTION,6,"2019/05/16 06:05:00",0,"2019/05/16 06:55:00",T>T_NIL_BL_IMP_5FF,1152.32021,0,0,"2019/05/16 06:00:26",,"2019/01/11 00:00:00",1,559.45264
D,P5MIN,CONSTRAINTSOLUTION,6,"2019/05/16 06:05:00",0,"2019/05/16 06:55:00",T>T_NIL_BL_IMP_5G,1383.41435,0,0,"2019/05/16 06:00:26",,"2019/01/11 00:00:00",1,439.56857
D,P5MIN,CONSTRAINTSOLUTION,6,"2019/05/16 06:05:00",0,"2019/05/16 06:55:00",T>T_NIL_BL_IMP_5H,1599.73816,0,0,"2019/05/16 06:00:26",,"2019/01/11 00:00:00",1,653.56515
D,P5MIN,CONSTRAINTSOLUTION,6,"2019/05/16 06:05:00",0,"2019/05/16 06:55:00",T>T_NIL_BL_IMP_6E,1078.97481,0,0,"2019/05/16 06:00:26",,"2019/01/11 00:00:00",1,712.29059
D,P5MIN,CONSTRAINTSOLUTION,6,"2019/05/16 06:05:00",0,"2019/05/16 06:55:00",T>T_NIL_BL_IMP_6EE,1078.97481,0,0,"2019/05/16 06:00:26",,"2019/01/11 00:00:00",1,712.29059
D,P5MIN,CONSTRAINTSOLUTION,6,"2019/05/16 06:05:00",0,"2019/05/16 06:55:00",T>T_NIL_BL_IMP_6F,1169.80434,0,0,"2019/05/16 06:00:26",,"2019/01/11 00:00:00",1,580.37007
D,P5MIN,CONSTRAINTSOLUTION,6,"2019/05/16 06:05:00",0,"2019/05/16 06:55:00",T>T_NIL_BL_IMP_7C,629.63759,0,0,"2019/05/16 06:00:26",,"2019/01/11 00:00:00",1,407.37007
D,P5MIN,CONSTRAINTSOLUTION,6,"2019/05/16 06:05:00",0,"2019/05/16 06:55:00",T>T_NIL_BL_IMP_7CC,629.13772,0,0,"2019/05/16 06:00:26",,"2019/01/11 00:00:00",1,407.37007
D,P5MIN,CONSTRAINTSOLUTION,6,"2019/05/16 06:05:00",0,"2019/05/16 06:55:00",T>T_NIL_BL_IMP_8B,1014.70561,0,0,"2019/05/16 06:00:26",,"2019/01/11 00:00:00",1,307.5841
D,P5MIN,CONSTRAINTSOLUTION,6,"2019/05/16 06:05:00",0,"2019/05/16 06:55:00",T>T_NIL_BL_IMP_8C,47.6219,0,0,"2019/05/16 06:00:26",,"2019/01/11 00:00:00",1,-307.5841
D,P5MIN,CONSTRAINTSOLUTION,6,"2019/05/16 06:05:00",0,"2019/05/16 06:55:00",T>T_NIL_NCSPS5_3F,11207.81228,0,0,"2019/05/16 06:00:26",,"2019/01/11 00:00:00",1,497.542
D,P5MIN,CONSTRAINTSOLUTION,6,"2019/05/16 06:05:00",0,"2019/05/16 06:55:00",T>T_NIL_NCSPS5_3FF,11207.81228,0,0,"2019/05/16 06:00:26",,"2019/01/11 00:00:00",1,497.542
D,P5MIN,CONSTRAINTSOLUTION,6,"2019/05/16 06:05:00",0,"2019/05/16 06:55:00",T>T_NIL_NCSPS5_3G,11380.19805,0,0,"2019/05/16 06:00:26",,"2019/01/11 00:00:00",1,352.26731
D,P5MIN,CONSTRAINTSOLUTION,6,"2019/05/16 06:05:00",0,"2019/05/16 06:55:00",T>T_NIL_NCSPS5_3H,11716.92826,0,0,"2019/05/16 06:00:26",,"2019/01/11 00:00:00",1,593.3218
D,P5MIN,CONSTRAINTSOLUTION,6,"2019/05/16 06:05:00",0,"2019/05/16 06:55:00",T>T_NIL_NCSPS5_7C,10658.9539,0,0,"2019/05/16 06:00:26",,"2019/01/11 00:00:00",1,407.37007
D,P5MIN,CONSTRAINTSOLUTION,6,"2019/05/16 06:05:00",0,"2019/05/16 06:55:00",T>T_NIL_TOV_5F,11405.41176,0,0,"2019/05/16 06:00:26",,"2019/01/11 00:00:00",1,559.45264
D,P5MIN,CONSTRAINTSOLUTION,6,"2019/05/16 06:05:00",0,"2019/05/16 06:55:00",T>T_NIL_TOV_5FF,11405.41176,0,0,"2019/05/16 06:00:26",,"2019/01/11 00:00:00",1,559.45264
D,P5MIN,CONSTRAINTSOLUTION,6,"2019/05/16 06:05:00",0,"2019/05/16 06:55:00",TVBL_ROC,100,0,0,"2019/05/16 06:00:26",,"2014/01/15 00:00:00",1,-98.86187
D,P5MIN,CONSTRAINTSOLUTION,6,"2019/05/16 06:05:00",0,"2019/05/16 06:55:00",T^T_LIPM_1,-139.24196,0,0,"2019/05/16 06:00:26",,"2017/07/05 00:00:00",1,-196.45973
D,P5MIN,CONSTRAINTSOLUTION,6,"2019/05/16 06:05:00",0,"2019/05/16 06:55:00",T^T_NIL_BL_1,1696.23909,0,0,"2019/05/16 06:00:26",,"2017/07/05 00:00:00",1,50.81424
D,P5MIN,CONSTRAINTSOLUTION,6,"2019/05/16 06:05:00",0,"2019/05/16 06:55:00",T^T_NIL_BL_2,12701.01168,0,0,"2019/05/16 06:00:26",,"2017/07/05 00:00:00",1,-161.17381
D,P5MIN,CONSTRAINTSOLUTION,6,"2019/05/16 06:05:00",0,"2019/05/16 06:55:00",T^T_NIL_BL_4,1885.07051,0,0,"2019/05/16 06:00:26",,"2017/07/05 00:00:00",1,-144.89981
D,P5MIN,CONSTRAINTSOLUTION,6,"2019/05/16 06:05:00",0,"2019/05/16 06:55:00",T^T_NIL_BL_5,763.03582,0,0,"2019/05/16 06:00:26",,"2017/07/05 00:00:00",1,-126.54735
D,P5MIN,CONSTRAINTSOLUTION,6,"2019/05/16 06:05:00",0,"2019/05/16 06:55:00",T^T_NIL_BL_6,138.34555,0,0,"2019/05/16 06:00:26",,"2017/07/05 00:00:00",1,-131.47261
D,P5MIN,CONSTRAINTSOLUTION,6,"2019/05/16 06:05:00",0,"2019/05/16 06:55:00",T^T_NIL_BL_7,989.89566,0,0,"2019/05/16 06:00:26",,"2017/07/05 00:00:00",1,-119.39004
D,P5MIN,CONSTRAINTSOLUTION,6,"2019/05/16 06:05:00",0,"2019/05/16 06:55:00",T^V_LIPM_BL_6,591.42173,0,0,"2019/05/16 06:00:26",,"2013/08/21 00:00:00",1,-98.86187
D,P5MIN,CONSTRAINTSOLUTION,6,"2019/05/16 06:05:00",0,"2019/05/16 06:55:00",T^V_NIL_10,10688.86472,0,0,"2019/05/16 06:00:26",,"2017/10/10 00:00:00",1,-98.86187
D,P5MIN,CONSTRAINTSOLUTION,6,"2019/05/16 06:05:00",0,"2019/05/16 06:55:00",T^V_NIL_11,10513.82731,0,0,"2019/05/16 06:00:26",,"2019/01/25 00:00:00",1,-78.66277
D,P5MIN,CONSTRAINTSOLUTION,6,"2019/05/16 06:05:00",0,"2019/05/16 06:55:00",T^V_NIL_8,10321.50712,0,0,"2019/05/16 06:00:26",,"2018/05/31 00:00:00",1,-123.87137
D,P5MIN,CONSTRAINTSOLUTION,6,"2019/05/16 06:05:00",0,"2019/05/16 06:55:00",T^V_NIL_9,594,0,0,"2019/05/16 06:00:26",,"2015/09/29 00:00:00",1,-98.86187
D,P5MIN,CONSTRAINTSOLUTION,6,"2019/05/16 06:05:00",0,"2019/05/16 06:55:00",T^V_NIL_BL_6,604.96299,0,0,"2019/05/16 06:00:26",,"2013/08/21 00:00:00",1,-98.86187
D,P5MIN,CONSTRAINTSOLUTION,6,"2019/05/16 06:05:00",0,"2019/05/16 06:55:00",T_LIPM1_SLOAD_1_N-2,526.39645,0,0,"2019/05/16 06:00:26",,"2019/05/10 00:00:00",1,364.00657
D,P5MIN,CONSTRAINTSOLUTION,6,"2019/05/16 06:05:00",0,"2019/05/16 06:55:00",T_ROCOF_1,752.56461,0,0,"2019/05/16 06:00:26",,"2014/07/31 00:00:00",1,151.01638
D,P5MIN,CONSTRAINTSOLUTION,6,"2019/05/16 06:05:00",0,"2019/05/16 06:55:00",T_ROCOF_2,10776.32794,0,0,"2019/05/16 06:00:26",,"2014/07/31 00:00:00",1,114.19347
D,P5MIN,CONSTRAINTSOLUTION,6,"2019/05/16 06:05:00",0,"2019/05/16 06:55:00",T_ROCOF_3,11279.64898,0,0,"2019/05/16 06:00:26",,"2014/01/09 00:00:00",1,123.42387
D,P5MIN,CONSTRAINTSOLUTION,6,"2019/05/16 06:05:00",0,"2019/05/16 06:55:00",T_V_NIL_BL1,-50,0,0,"2019/05/16 06:00:26",,"2008/05/26 00:00:00",1,-98.86187
D,P5MIN,CONSTRAINTSOLUTION,6,"2019/05/16 06:05:00",0,"2019/05/16 06:55:00",T_V_NIL_FCSPS,371.75995,0,0,"2019/05/16 06:00:26",,"2013/08/21 00:00:00",1,-98.86187
D,P5MIN,CONSTRAINTSOLUTION,6,"2019/05/16 06:05:00",0,"2019/05/16 06:55:00",V::N_NIL_Q1,20067.54381,0,0,"2019/05/16 06:00:26",,"2019/05/01 00:00:00",1,-1322.10982
D,P5MIN,CONSTRAINTSOLUTION,6,"2019/05/16 06:05:00",0,"2019/05/16 06:55:00",V::N_NIL_Q2,10067.54381,0,0,"2019/05/16 06:00:26",,"2019/05/01 00:00:00",1,-1159.96382
D,P5MIN,CONSTRAINTSOLUTION,6,"2019/05/16 06:05:00",0,"2019/05/16 06:55:00",V::N_NIL_S,849.53336,0,0,"2019/05/16 06:00:26",,"2019/05/01 00:00:00",1,-487.81568
D,P5MIN,CONSTRAINTSOLUTION,6,"2019/05/16 06:05:00",0,"2019/05/16 06:55:00",V::N_NIL_SD,10701.85195,0,0,"2019/05/16 06:00:26",,"2019/05/01 00:00:00",1,-505.97781
D,P5MIN,CONSTRAINTSOLUTION,6,"2019/05/16 06:05:00",0,"2019/05/16 06:55:00",V::N_NIL_V,775.0164,0,0,"2019/05/16 06:00:26",,"2019/05/01 00:00:00",1,-523.26582
D,P5MIN,CONSTRAINTSOLUTION,6,"2019/05/16 06:05:00",0,"2019/05/16 06:55:00",V::S_NIL_MAXG_1,670.60444,0,0,"2019/05/16 06:00:26",,"2019/02/05 00:00:00",1,-260.76152
D,P5MIN,CONSTRAINTSOLUTION,6,"2019/05/16 06:05:00",0,"2019/05/16 06:55:00",V::S_NIL_MAXG_2,10000,0,0,"2019/05/16 06:00:26",,"2019/02/05 00:00:00",1,-260.56244
D,P5MIN,CONSTRAINTSOLUTION,6,"2019/05/16 06:05:00",0,"2019/05/16 06:55:00",V::S_NIL_MAXG_3,10000,0,0,"2019/05/16 06:00:26",,"2019/02/05 00:00:00",1,-261.01748
D,P5MIN,CONSTRAINTSOLUTION,6,"2019/05/16 06:05:00",0,"2019/05/16 06:55:00",V::S_NIL_MAXG_SECP_1,10000,0,0,"2019/05/16 06:00:26",,"2019/02/11 00:00:00",1,-260.27804
D,P5MIN,CONSTRAINTSOLUTION,6,"2019/05/16 06:05:00",0,"2019/05/16 06:55:00",V::S_NIL_MAXG_SECP_2,10000,0,0,"2019/05/16 06:00:26",,"2019/02/11 00:00:00",1,-260.56244
D,P5MIN,CONSTRAINTSOLUTION,6,"2019/05/16 06:05:00",0,"2019/05/16 06:55:00",V::S_NIL_SETB_SECP_1,10000,0,0,"2019/05/16 06:00:26",,"2019/02/11 00:00:00",1,-260.02208
D,P5MIN,CONSTRAINTSOLUTION,6,"2019/05/16 06:05:00",0,"2019/05/16 06:55:00",V::S_NIL_SETB_SECP_2,10000,0,0,"2019/05/16 06:00:26",,"2019/02/11 00:00:00",1,-260.1074
D,P5MIN,CONSTRAINTSOLUTION,6,"2019/05/16 06:05:00",0,"2019/05/16 06:55:00",V::S_NIL_TBSE_1,776.51438,0,0,"2019/05/16 06:00:26",,"2019/02/04 00:00:00",1,-260.02208
D,P5MIN,CONSTRAINTSOLUTION,6,"2019/05/16 06:05:00",0,"2019/05/16 06:55:00",V::S_NIL_TBSE_2,10000,0,0,"2019/05/16 06:00:26",,"2019/02/04 00:00:00",1,-260.1074
D,P5MIN,CONSTRAINTSOLUTION,6,"2019/05/16 06:05:00",0,"2019/05/16 06:55:00",V::S_TBTX_MAXG,664.46231,0,0,"2019/05/16 06:00:26",,"2019/02/21 00:00:00",1,-260.70464
D,P5MIN,CONSTRAINTSOLUTION,6,"2019/05/16 06:05:00",0,"2019/05/16 06:55:00",V::S_TBTX_MAXG_2-DS,10000,0,0,"2019/05/16 06:00:26",,"2019/02/21 00:00:00",1,-259.87988
D,P5MIN,CONSTRAINTSOLUTION,6,"2019/05/16 06:05:00",0,"2019/05/16 06:55:00",V::S_TBTX_SETB,769.93653,0,0,"2019/05/16 06:00:26",,"2019/02/21 00:00:00",1,-259.48172
D,P5MIN,CONSTRAINTSOLUTION,6,"2019/05/16 06:05:00",0,"2019/05/16 06:55:00",V::S_TBTX_SETB_2-DS,10000,0,0,"2019/05/16 06:00:26",,"2019/02/21 00:00:00",1,-259.87988
D,P5MIN,CONSTRAINTSOLUTION,6,"2019/05/16 06:05:00",0,"2019/05/16 06:55:00",V::V_1900,1968.10001,0,0,"2019/05/16 06:00:26",,"2018/08/24 00:00:00",1,523.19153
D,P5MIN,CONSTRAINTSOLUTION,6,"2019/05/16 06:05:00",0,"2019/05/16 06:55:00",V:SS_680_OSC_AUTO,10000,0,0,"2019/05/16 06:00:26",,"2016/06/30 00:00:00",1,-289.89452
D,P5MIN,CONSTRAINTSOLUTION,6,"2019/05/16 06:05:00",0,"2019/05/16 06:55:00",V:SS_790_1,10000,0,0,"2019/05/16 06:00:26",,"2016/08/16 00:00:00",1,-289.89452
D,P5MIN,CONSTRAINTSOLUTION,6,"2019/05/16 06:05:00",0,"2019/05/16 06:55:00",V:SS_790_OSC_AUTO,10790,0,0,"2019/05/16 06:00:26",,"2016/06/30 00:00:00",1,-289.89452
D,P5MIN,CONSTRAINTSOLUTION,6,"2019/05/16 06:05:00",0,"2019/05/16 06:55:00",V:SS_820_HY_TEST,820,0,0,"2019/05/16 06:00:26",,"2018/08/07 00:00:00",1,-289.89452
D,P5MIN,CONSTRAINTSOLUTION,6,"2019/05/16 06:05:00",0,"2019/05/16 06:55:00",V:SS_820_HY_TEST_DYN,820,0,0,"2019/05/16 06:00:26",,"2016/11/21 00:00:00",1,-289.89452
D,P5MIN,CONSTRAINTSOLUTION,6,"2019/05/16 06:05:00",0,"2019/05/16 06:55:00",V:SS_870_HY_TEST,870,0,0,"2019/05/16 06:00:26",,"2018/08/07 00:00:00",1,-289.89452
D,P5MIN,CONSTRAINTSOLUTION,6,"2019/05/16 06:05:00",0,"2019/05/16 06:55:00",V:SS_870_HY_TEST_DYN,870,0,0,"2019/05/16 06:00:26",,"2016/11/21 00:00:00",1,-289.89452
D,P5MIN,CONSTRAINTSOLUTION,6,"2019/05/16 06:05:00",0,"2019/05/16 06:55:00",V:SS_920,920,0,0,"2019/05/16 06:00:26",,"2018/08/07 00:00:00",1,-289.89452
D,P5MIN,CONSTRAINTSOLUTION,6,"2019/05/16 06:05:00",0,"2019/05/16 06:55:00",V:S_460_OSC_AUTO,10000,0,0,"2019/05/16 06:00:26",,"2016/06/30 00:00:00",1,-262.89452
D,P5MIN,CONSTRAINTSOLUTION,6,"2019/05/16 06:05:00",0,"2019/05/16 06:55:00",V:S_570_1,10000,0,0,"2019/05/16 06:00:26",,"2016/08/16 00:00:00",1,-262.89452
D,P5MIN,CONSTRAINTSOLUTION,6,"2019/05/16 06:05:00",0,"2019/05/16 06:55:00",V:S_570_OSC_AUTO,10570,0,0,"2019/05/16 06:00:26",,"2016/06/30 00:00:00",1,-262.89452
D,P5MIN,CONSTRAINTSOLUTION,6,"2019/05/16 06:05:00",0,"2019/05/16 06:55:00",V:S_600_HY_TEST,600,0,0,"2019/05/16 06:00:26",,"2018/08/07 00:00:00",1,-262.89452
D,P5MIN,CONSTRAINTSOLUTION,6,"2019/05/16 06:05:00",0,"2019/05/16 06:55:00",V:S_600_HY_TEST_DYN,600,0,0,"2019/05/16 06:00:26",,"2016/11/21 00:00:00",1,-262.89452
D,P5MIN,CONSTRAINTSOLUTION,6,"2019/05/16 06:05:00",0,"2019/05/16 06:55:00",V:S_650_HY_TEST,650,0,0,"2019/05/16 06:00:26",,"2018/08/07 00:00:00",1,-262.89452
D,P5MIN,CONSTRAINTSOLUTION,6,"2019/05/16 06:05:00",0,"2019/05/16 06:55:00",V:S_650_HY_TEST_DYN,650,0,0,"2019/05/16 06:00:26",,"2016/11/21 00:00:00",1,-262.89452
D,P5MIN,CONSTRAINTSOLUTION,6,"2019/05/16 06:05:00",0,"2019/05/16 06:55:00",V:S_700,700,0,0,"2019/05/16 06:00:26",,"2018/08/07 00:00:00",1,-262.89452
D,P5MIN,CONSTRAINTSOLUTION,6,"2019/05/16 06:05:00",0,"2019/05/16 06:55:00",V:T_NIL_BL_1,889.41518,0,0,"2019/05/16 06:00:26",,"2013/08/21 00:00:00",1,98.86187
D,P5MIN,CONSTRAINTSOLUTION,6,"2019/05/16 06:05:00",0,"2019/05/16 06:55:00",V>>N-NIL_HA,1551.5401,0,0,"2019/05/16 06:00:26",,"2019/05/06 00:00:00",1,431.38557
D,P5MIN,CONSTRAINTSOLUTION,6,"2019/05/16 06:05:00",0,"2019/05/16 06:55:00",V>>N-NIL_HB,1607.26993,0,0,"2019/05/16 06:00:26",,"2019/05/06 00:00:00",1,465.09473
D,P5MIN,CONSTRAINTSOLUTION,6,"2019/05/16 06:05:00",0,"2019/05/16 06:55:00",V>>N-NIL_HG,1648.76779,0,0,"2019/05/16 06:00:26",,"2019/05/06 00:00:00",1,341.48829
D,P5MIN,CONSTRAINTSOLUTION,6,"2019/05/16 06:05:00",0,"2019/05/16 06:55:00",V>>N-NIL_HH,2175.71077,0,0,"2019/05/16 06:00:26",,"2019/05/06 00:00:00",1,603.24271
D,P5MIN,CONSTRAINTSOLUTION,6,"2019/05/16 06:05:00",0,"2019/05/16 06:55:00",V>>SML_NIL_5,714.03991,0,0,"2019/05/16 06:00:26",,"2019/05/06 00:00:00",1,-127.06003
D,P5MIN,CONSTRAINTSOLUTION,6,"2019/05/16 06:05:00",0,"2019/05/16 06:55:00",V>>SML_NIL_6,730.7134,0,0,"2019/05/16 06:00:26",,"2019/05/06 00:00:00",1,51.69512
D,P5MIN,CONSTRAINTSOLUTION,6,"2019/05/16 06:05:00",0,"2019/05/16 06:55:00",V>>SML_NIL_7A,10138.44172,0,0,"2019/05/16 06:00:26",,"2019/04/23 00:00:00",1,-37.51355
D,P5MIN,CONSTRAINTSOLUTION,6,"2019/05/16 06:05:00",0,"2019/05/16 06:55:00",V>>SML_NIL_7B,10172.97813,0,0,"2019/05/16 06:00:26",,"2019/05/06 00:00:00",1,-38.62494
D,P5MIN,CONSTRAINTSOLUTION,6,"2019/05/16 06:05:00",0,"2019/05/16 06:55:00",V>>SML_NIL_7C,10181.54485,0,0,"2019/05/16 06:00:26",,"2019/04/23 00:00:00",1,-38.48288
D,P5MIN,CONSTRAINTSOLUTION,6,"2019/05/16 06:05:00",0,"2019/05/16 06:55:00",V>>SML_NIL_8,398.92629,0,0,"2019/05/16 06:00:26",,"2019/05/06 00:00:00",1,-53.27728
D,P5MIN,CONSTRAINTSOLUTION,6,"2019/05/16 06:05:00",0,"2019/05/16 06:55:00",V>>SML_NIL_8_5M,398.92629,0,0,"2019/05/16 06:00:26",,"2019/05/06 00:00:00",1,-53.27728
D,P5MIN,CONSTRAINTSOLUTION,6,"2019/05/16 06:05:00",0,"2019/05/16 06:55:00",V>>SML_NSWRB_11,601.78404,0,0,"2019/05/16 06:00:26",,"2019/05/06 00:00:00",1,-114.6501
D,P5MIN,CONSTRAINTSOLUTION,6,"2019/05/16 06:05:00",0,"2019/05/16 06:55:00",V>>S_NIL_DVBG_DVBR,1265.46242,0,0,"2019/05/16 06:00:26",,"2019/05/14 00:00:00",1,213.76294
D,P5MIN,CONSTRAINTSOLUTION,6,"2019/05/16 06:05:00",0,"2019/05/16 06:55:00",V>>V_NIL1A_R,1258.31361,0,0,"2019/05/16 06:00:26",,"2019/05/06 00:00:00",1,-521.59673
D,P5MIN,CONSTRAINTSOLUTION,6,"2019/05/16 06:05:00",0,"2019/05/16 06:55:00",V>>V_NIL_1A,2006.397,0,0,"2019/05/16 06:00:26",,"2019/05/06 00:00:00",1,511.05167
D,P5MIN,CONSTRAINTSOLUTION,6,"2019/05/16 06:05:00",0,"2019/05/16 06:55:00",V>>V_NIL_1B,2010.42497,0,0,"2019/05/16 06:00:26",,"2019/05/06 00:00:00",1,511.05167
D,P5MIN,CONSTRAINTSOLUTION,6,"2019/05/16 06:05:00",0,"2019/05/16 06:55:00",V>>V_NIL_2A_R,5017.46412,0,0,"2019/05/16 06:00:26",,"2019/05/06 00:00:00",1,2693.19139
D,P5MIN,CONSTRAINTSOLUTION,6,"2019/05/16 06:05:00",0,"2019/05/16 06:55:00",V>>V_NIL_2B_R,15017.46412,0,0,"2019/05/16 06:00:26",,"2019/05/06 00:00:00",1,2513.41339
D,P5MIN,CONSTRAINTSOLUTION,6,"2019/05/16 06:05:00",0,"2019/05/16 06:55:00",V>>V_NIL_3,2240.96486,0,0,"2019/05/16 06:00:26",,"2019/05/06 00:00:00",1,521.52178
D,P5MIN,CONSTRAINTSOLUTION,6,"2019/05/16 06:05:00",0,"2019/05/16 06:55:00",V>>V_NIL_4A,1309.12707,0,0,"2019/05/16 06:00:26",,"2019/05/06 00:00:00",1,110.69052
D,P5MIN,CONSTRAINTSOLUTION,6,"2019/05/16 06:05:00",0,"2019/05/16 06:55:00",V>>V_NIL_4B,1218.16959,0,0,"2019/05/16 06:00:26",,"2019/05/06 00:00:00",1,110.64558
D,P5MIN,CONSTRAINTSOLUTION,6,"2019/05/16 06:05:00",0,"2019/05/16 06:55:00",V>>V_NIL_4C,840.94852,0,0,"2019/05/16 06:00:26",,"2019/05/06 00:00:00",1,110.74324
D,P5MIN,CONSTRAINTSOLUTION,6,"2019/05/16 06:05:00",0,"2019/05/16 06:55:00",V>>V_NIL_5,907.49804,0,0,"2019/05/16 06:00:26",,"2019/05/06 00:00:00",1,-84.82577
D,P5MIN,CONSTRAINTSOLUTION,6,"2019/05/16 06:05:00",0,"2019/05/16 06:55:00",V>>V_NIL_6,427.9566,0,0,"2019/05/16 06:00:26",,"2019/05/06 00:00:00",1,-52.66116
D,P5MIN,CONSTRAINTSOLUTION,6,"2019/05/16 06:05:00",0,"2019/05/16 06:55:00",V>>V_NIL_6A_R,6500.21737,0,0,"2019/05/16 06:00:26",,"2019/05/06 00:00:00",1,3566.04061
D,P5MIN,CONSTRAINTSOLUTION,6,"2019/05/16 06:05:00",0,"2019/05/16 06:55:00",V>>V_NIL_6B_R,16500.21737,0,0,"2019/05/16 06:00:26",,"2019/05/06 00:00:00",1,3269.79261
D,P5MIN,CONSTRAINTSOLUTION,6,"2019/05/16 06:05:00",0,"2019/05/16 06:55:00",V>SML_NSWRB_10,501.14427,0,0,"2019/05/16 06:00:26",,"2019/05/06 00:00:00",1,-102.95369
D,P5MIN,CONSTRAINTSOLUTION,6,"2019/05/16 06:05:00",0,"2019/05/16 06:55:00",V>SML_NSWRB_9,348.59386,0,0,"2019/05/16 06:00:26",,"2019/05/06 00:00:00",1,-77.90105
D,P5MIN,CONSTRAINTSOLUTION,6,"2019/05/16 06:05:00",0,"2019/05/16 06:55:00",V>S_NIL_HYSE,742,0,0,"2019/05/16 06:00:26",,"2015/07/02 00:00:00",1,-262.89452
D,P5MIN,CONSTRAINTSOLUTION,6,"2019/05/16 06:05:00",0,"2019/05/16 06:55:00",V>S_NIL_SETX_SETX,120.70489,0,0,"2019/05/16 06:00:26",,"2019/03/14 00:00:00",2,-2.844
D,P5MIN,CONSTRAINTSOLUTION,6,"2019/05/16 06:05:00",0,"2019/05/16 06:55:00",V>V_NIL_13,469.28585,0,0,"2019/05/16 06:00:26",,"2019/01/11 00:00:00",1,0.55002
D,P5MIN,CONSTRAINTSOLUTION,6,"2019/05/16 06:05:00",0,"2019/05/16 06:55:00",V>V_NIL_14,314.44574,0,0,"2019/05/16 06:00:26",,"2019/01/11 00:00:00",1,0.55003
D,P5MIN,CONSTRAINTSOLUTION,6,"2019/05/16 06:05:00",0,"2019/05/16 06:55:00",V>V_NIL_16,10282.13374,0,0,"2019/05/16 06:00:26",,"2019/01/11 00:00:00",1,0.55003
D,P5MIN,CONSTRAINTSOLUTION,6,"2019/05/16 06:05:00",0,"2019/05/16 06:55:00",V>V_NIL_17,10138.13,0,0,"2019/05/16 06:00:26",,"2019/02/28 00:00:00",1,0
D,P5MIN,CONSTRAINTSOLUTION,6,"2019/05/16 06:05:00",0,"2019/05/16 06:55:00",V>V_NIL_6,649.0902,0,0,"2019/05/16 06:00:26",,"2019/04/23 00:00:00",1,10.50375
D,P5MIN,CONSTRAINTSOLUTION,6,"2019/05/16 06:05:00",0,"2019/05/16 06:55:00",V>V_NIL_7,1050.49978,0,0,"2019/05/16 06:00:26",,"2019/01/29 00:00:00",1,32
D,P5MIN,CONSTRAINTSOLUTION,6,"2019/05/16 06:05:00",0,"2019/05/16 06:55:00",V>V_NIL_9,581.02963,0,0,"2019/05/16 06:00:26",,"2019/03/05 00:00:00",1,9.823
D,P5MIN,CONSTRAINTSOLUTION,6,"2019/05/16 06:05:00",0,"2019/05/16 06:55:00",V>V_NIL_RADIAL_10,12360.01726,0,0,"2019/05/16 06:00:26",,"2019/05/06 00:00:00",1,1456
D,P5MIN,CONSTRAINTSOLUTION,6,"2019/05/16 06:05:00",0,"2019/05/16 06:55:00",V>V_NIL_RADIAL_11,2160.94169,0,0,"2019/05/16 06:00:26",,"2019/01/11 00:00:00",1,1076
D,P5MIN,CONSTRAINTSOLUTION,6,"2019/05/16 06:05:00",0,"2019/05/16 06:55:00",VSML_220,220,0,0,"2019/05/16 06:00:26",,"2012/07/04 00:00:00",1,-27
D,P5MIN,CONSTRAINTSOLUTION,6,"2019/05/16 06:05:00",0,"2019/05/16 06:55:00",VSML_ROC_80,62,0,0,"2019/05/16 06:00:26",,"2016/08/23 00:00:00",1,-27
D,P5MIN,CONSTRAINTSOLUTION,6,"2019/05/16 06:05:00",0,"2019/05/16 06:55:00",VSML_VFRB_OFF,240,0,0,"2019/05/16 06:00:26",,"2013/08/21 00:00:00",1,-27
D,P5MIN,CONSTRAINTSOLUTION,6,"2019/05/16 06:05:00",0,"2019/05/16 06:55:00",VTBL_ROC,300,0,0,"2019/05/16 06:00:26",,"2014/01/15 00:00:00",1,98.86187
D,P5MIN,CONSTRAINTSOLUTION,6,"2019/05/16 06:05:00",0,"2019/05/16 06:55:00",V^SML_NIL_3,197.10606,0,0,"2019/05/16 06:00:26",,"2017/04/18 00:00:00",1,-27
D,P5MIN,CONSTRAINTSOLUTION,6,"2019/05/16 06:05:00",0,"2019/05/16 06:55:00",V^SML_NSWRB_2,242.22497,0,0,"2019/05/16 06:00:26",,"2018/08/06 00:00:00",1,-27
D,P5MIN,CONSTRAINTSOLUTION,6,"2019/05/16 06:05:00",0,"2019/05/16 06:55:00",V^S_HYCP,684.04844,0,0,"2019/05/16 06:00:26",,"2016/07/25 00:00:00",1,-262.89452
D,P5MIN,CONSTRAINTSOLUTION,6,"2019/05/16 06:05:00",0,"2019/05/16 06:55:00",V^^N_NIL_1,573.13324,0,0,"2019/05/16 06:00:26",,"2019/05/15 00:00:00",1,9.28431
D,P5MIN,CONSTRAINTSOLUTION,6,"2019/05/16 06:05:00",0,"2019/05/16 06:55:00",V^^S_NIL_MAXG_1,639.80436,0,0,"2019/05/16 06:00:26",,"2019/02/05 00:00:00",1,-260.64776
D,P5MIN,CONSTRAINTSOLUTION,6,"2019/05/16 06:05:00",0,"2019/05/16 06:55:00",V^^S_NIL_MAXG_2,10000,0,0,"2019/05/16 06:00:26",,"2019/02/05 00:00:00",1,-260.2496
D,P5MIN,CONSTRAINTSOLUTION,6,"2019/05/16 06:05:00",0,"2019/05/16 06:55:00",V^^S_NIL_MAXG_3,10000,0,0,"2019/05/16 06:00:26",,"2019/02/05 00:00:00",1,-260.47712
D,P5MIN,CONSTRAINTSOLUTION,6,"2019/05/16 06:05:00",0,"2019/05/16 06:55:00",V^^S_NIL_MAXG_SECP_1,10000,0,0,"2019/05/16 06:00:26",,"2019/02/11 00:00:00",1,-260.76152
D,P5MIN,CONSTRAINTSOLUTION,6,"2019/05/16 06:05:00",0,"2019/05/16 06:55:00",V^^S_NIL_MAXG_SECP_2,10000,0,0,"2019/05/16 06:00:26",,"2019/02/11 00:00:00",1,-260.2496
D,P5MIN,CONSTRAINTSOLUTION,6,"2019/05/16 06:05:00",0,"2019/05/16 06:55:00",V^^S_NIL_SETB_SECP_1,10000,0,0,"2019/05/16 06:00:26",,"2019/02/11 00:00:00",1,-260.27804
D,P5MIN,CONSTRAINTSOLUTION,6,"2019/05/16 06:05:00",0,"2019/05/16 06:55:00",V^^S_NIL_SETB_SECP_2,10000,0,0,"2019/05/16 06:00:26",,"2019/02/11 00:00:00",1,-260.13584
D,P5MIN,CONSTRAINTSOLUTION,6,"2019/05/16 06:05:00",0,"2019/05/16 06:55:00",V^^S_NIL_TBSE_1,789.40572,0,0,"2019/05/16 06:00:26",,"2019/02/04 00:00:00",1,-260.27804
D,P5MIN,CONSTRAINTSOLUTION,6,"2019/05/16 06:05:00",0,"2019/05/16 06:55:00",V^^S_NIL_TBSE_2,10000,0,0,"2019/05/16 06:00:26",,"2019/02/04 00:00:00",1,-260.13584
D,P5MIN,CONSTRAINTSOLUTION,6,"2019/05/16 06:05:00",0,"2019/05/16 06:55:00",V^^S_TBTX_MAXG,633.43143,0,0,"2019/05/16 06:00:26",,"2019/02/21 00:00:00",1,-260.534
D,P5MIN,CONSTRAINTSOLUTION,6,"2019/05/16 06:05:00",0,"2019/05/16 06:55:00",V^^S_TBTX_MAXG_2-DS,10000,0,0,"2019/05/16 06:00:26",,"2019/02/21 00:00:00",1,-259.93676
D,P5MIN,CONSTRAINTSOLUTION,6,"2019/05/16 06:05:00",0,"2019/05/16 06:55:00",V^^S_TBTX_SETB,799.40097,0,0,"2019/05/16 06:00:26",,"2019/02/21 00:00:00",1,-260.07896
D,P5MIN,CONSTRAINTSOLUTION,6,"2019/05/16 06:05:00",0,"2019/05/16 06:55:00",V^^S_TBTX_SETB_2-DS,10000,0,0,"2019/05/16 06:00:26",,"2019/02/21 00:00:00",1,-259.90832
D,P5MIN,CONSTRAINTSOLUTION,6,"2019/05/16 06:05:00",0,"2019/05/16 06:55:00",V_GANWR_SF_BAT_50,50.001,0,0,"2019/05/16 06:00:26",,"2019/01/24 00:00:00",1,0
D,P5MIN,CONSTRAINTSOLUTION,6,"2019/05/16 06:05:00",0,"2019/05/16 06:55:00",V_S_NIL_ROCOF,1273.80002,0,0,"2019/05/16 06:00:26",,"2019/01/03 00:00:00",1,-262.89452
D,P5MIN,CONSTRAINTSOLUTION,6,"2019/05/16 06:05:00",0,"2019/05/16 06:55:00",V_T_NIL_BL1,478,0,0,"2019/05/16 06:00:26",,"2014/11/11 00:00:00",1,98.86187
D,P5MIN,CONSTRAINTSOLUTION,6,"2019/05/16 06:05:00",0,"2019/05/16 06:55:00",V_T_NIL_FCSPS,443.3606,0,0,"2019/05/16 06:00:26",,"2016/12/20 00:00:00",1,98.86187
D,P5MIN,CONSTRAINTSOLUTION,6,"2019/05/16 06:05:00",0,"2019/05/16 07:00:00",#R018828_001_RAMP_F,6527.43753,0,0,"2019/05/16 06:00:26",,"2019/05/15 00:00:00",1,3806.83874
D,P5MIN,CONSTRAINTSOLUTION,6,"2019/05/16 06:05:00",0,"2019/05/16 07:00:00",#R018828_001_RAMP_V,6527.43753,0,0,"2019/05/16 06:00:26",,"2019/05/15 00:00:00",1,3806.83874
D,P5MIN,CONSTRAINTSOLUTION,6,"2019/05/16 06:05:00",0,"2019/05/16 07:00:00",#R018828_002_RAMP_F,16527.43753,0,0,"2019/05/16 06:00:26",,"2019/05/15 00:00:00",1,3568.08474
D,P5MIN,CONSTRAINTSOLUTION,6,"2019/05/16 06:05:00",0,"2019/05/16 07:00:00",#R018828_002_RAMP_V,16527.43753,0,0,"2019/05/16 06:00:26",,"2019/05/15 00:00:00",1,3568.08474
D,P5MIN,CONSTRAINTSOLUTION,6,"2019/05/16 06:05:00",0,"2019/05/16 07:00:00",#R018828_003_RAMP_F,3258.65928,0,0,"2019/05/16 06:00:26",,"2019/05/15 00:00:00",1,539.74991
D,P5MIN,CONSTRAINTSOLUTION,6,"2019/05/16 06:05:00",0,"2019/05/16 07:00:00",#R018828_003_RAMP_V,3258.65928,0,0,"2019/05/16 06:00:26",,"2019/05/15 00:00:00",1,539.74991
D,P5MIN,CONSTRAINTSOLUTION,6,"2019/05/16 06:05:00",0,"2019/05/16 07:00:00",#R018828_004_RAMP_F,13258.65928,0,0,"2019/05/16 06:00:26",,"2019/05/15 00:00:00",1,436.80791
D,P5MIN,CONSTRAINTSOLUTION,6,"2019/05/16 06:05:00",0,"2019/05/16 07:00:00",#R018828_004_RAMP_V,13258.65928,0,0,"2019/05/16 06:00:26",,"2019/05/15 00:00:00",1,436.80791
D,P5MIN,CONSTRAINTSOLUTION,6,"2019/05/16 06:05:00",0,"2019/05/16 07:00:00",#R018834_001_RAMP_F,0.001,-141.60124,0,"2019/05/16 06:00:26",,"2019/05/16 00:00:00",1,0.001
D,P5MIN,CONSTRAINTSOLUTION,6,"2019/05/16 06:05:00",0,"2019/05/16 07:00:00",#R018834_001_RAMP_V,0.001,0,0,"2019/05/16 06:00:26",,"2019/05/16 00:00:00",1,0.001
D,P5MIN,CONSTRAINTSOLUTION,6,"2019/05/16 06:05:00",0,"2019/05/16 07:00:00",#R018836_001_RAMP_F,92,0,0,"2019/05/16 06:00:26",,"2019/05/16 00:00:00",1,-73
D,P5MIN,CONSTRAINTSOLUTION,6,"2019/05/16 06:05:00",0,"2019/05/16 07:00:00",#R018836_001_RAMP_V,92,0,0,"2019/05/16 06:00:26",,"2019/05/16 00:00:00",1,-73
D,P5MIN,CONSTRAINTSOLUTION,6,"2019/05/16 06:05:00",0,"2019/05/16 07:00:00",#R018836_002_RAMP_F,145,0,0,"2019/05/16 06:00:26",,"2019/05/16 00:00:00",1,73
D,P5MIN,CONSTRAINTSOLUTION,6,"2019/05/16 06:05:00",0,"2019/05/16 07:00:00",#R018836_002_RAMP_V,145,0,0,"2019/05/16 06:00:26",,"2019/05/16 00:00:00",1,73
D,P5MIN,CONSTRAINTSOLUTION,6,"2019/05/16 06:05:00",0,"2019/05/16 07:00:00",DATASNAP,10075.237,0,0,"2019/05/16 06:00:26",,"2018/04/13 00:00:00",1,-73
D,P5MIN,CONSTRAINTSOLUTION,6,"2019/05/16 06:05:00",0,"2019/05/16 07:00:00",DATASNAP_DFS_LS,10040.54472,0,0,"2019/05/16 06:00:26",,"2018/04/13 00:00:00",1,-73
D,P5MIN,CONSTRAINTSOLUTION,6,"2019/05/16 06:05:00",0,"2019/05/16 07:00:00",DATASNAP_DFS_NCAN,10422.86758,0,0,"2019/05/16 06:00:26",,"2013/08/21 00:00:00",1,-73
D,P5MIN,CONSTRAINTSOLUTION,6,"2019/05/16 06:05:00",0,"2019/05/16 07:00:00",DATASNAP_DFS_NCWEST,10491.93262,0,0,"2019/05/16 06:00:26",,"2013/08/21 00:00:00",1,-73
D,P5MIN,CONSTRAINTSOLUTION,6,"2019/05/16 06:05:00",0,"2019/05/16 07:00:00",DATASNAP_DFS_NNTH,10429.49515,0,0,"2019/05/16 06:00:26",,"2013/08/21 00:00:00",1,-73
D,P5MIN,CONSTRAINTSOLUTION,6,"2019/05/16 06:05:00",0,"2019/05/16 07:00:00",DATASNAP_DFS_NSYD,13053.99756,0,0,"2019/05/16 06:00:26",,"2013/08/21 00:00:00",1,-73
D,P5MIN,CONSTRAINTSOLUTION,6,"2019/05/16 06:05:00",0,"2019/05/16 07:00:00",DATASNAP_DFS_NTE,10016.5,0,0,"2019/05/16 06:00:26",,"2018/04/13 00:00:00",1,-73
D,P5MIN,CONSTRAINTSOLUTION,6,"2019/05/16 06:05:00",0,"2019/05/16 07:00:00",DATASNAP_DFS_QCEN,10719.8429,0,0,"2019/05/16 06:00:26",,"2013/08/21 00:00:00",1,-73
D,P5MIN,CONSTRAINTSOLUTION,6,"2019/05/16 06:05:00",0,"2019/05/16 07:00:00",DATASNAP_DFS_QCIND,10858.3009,0,0,"2019/05/16 06:00:26",,"2013/08/21 00:00:00",1,-73
D,P5MIN,CONSTRAINTSOLUTION,6,"2019/05/16 06:05:00",0,"2019/05/16 07:00:00",DATASNAP_DFS_QFNQ,10167.22055,0,0,"2019/05/16 06:00:26",,"2013/08/21 00:00:00",1,-73
D,P5MIN,CONSTRAINTSOLUTION,6,"2019/05/16 06:05:00",0,"2019/05/16 07:00:00",DATASNAP_DFS_QNTH,10612.99072,0,0,"2019/05/16 06:00:26",,"2013/08/21 00:00:00",1,-73
D,P5MIN,CONSTRAINTSOLUTION,6,"2019/05/16 06:05:00",0,"2019/05/16 07:00:00",DATASNAP_DFS_QSTHE,11788.17114,0,0,"2019/05/16 06:00:26",,"2013/08/21 00:00:00",1,-73
D,P5MIN,CONSTRAINTSOLUTION,6,"2019/05/16 06:05:00",0,"2019/05/16 07:00:00",DATASNAP_DFS_QSTHW,11721.88648,0,0,"2019/05/16 06:00:26",,"2013/08/21 00:00:00",1,-73
D,P5MIN,CONSTRAINTSOLUTION,6,"2019/05/16 06:05:00",0,"2019/05/16 07:00:00",DATASNAP_DFS_Q_BCCP,10733.14429,0,0,"2019/05/16 06:00:26",,"2015/12/16 00:00:00",1,-73
D,P5MIN,CONSTRAINTSOLUTION,6,"2019/05/16 06:05:00",0,"2019/05/16 07:00:00",DATASNAP_DFS_Q_BCRG,10781.61249,0,0,"2019/05/16 06:00:26",,"2015/12/16 00:00:00",1,-73
D,P5MIN,CONSTRAINTSOLUTION,6,"2019/05/16 06:05:00",0,"2019/05/16 07:00:00",DATASNAP_DFS_Q_CLST,10863.02783,0,0,"2019/05/16 06:00:26",,"2013/08/21 00:00:00",1,-73
D,P5MIN,CONSTRAINTSOLUTION,6,"2019/05/16 06:05:00",0,"2019/05/16 07:00:00",DATASNAP_DFS_Q_CLWU,10862.10803,0,0,"2019/05/16 06:00:26",,"2013/08/21 00:00:00",1,-73
D,P5MIN,CONSTRAINTSOLUTION,6,"2019/05/16 06:05:00",0,"2019/05/16 07:00:00",DATASNAP_DFS_Q_LCCP,10764.94641,0,0,"2019/05/16 06:00:26",,"2015/12/16 00:00:00",1,-73
D,P5MIN,CONSTRAINTSOLUTION,6,"2019/05/16 06:05:00",0,"2019/05/16 07:00:00",DATASNAP_DFS_Q_RGLC,10742.92328,0,0,"2019/05/16 06:00:26",,"2017/10/19 00:00:00",1,-73
D,P5MIN,CONSTRAINTSOLUTION,6,"2019/05/16 06:05:00",0,"2019/05/16 07:00:00",DATASNAP_DFS_Q_TAMR,10315.4393,0,0,"2019/05/16 06:00:26",,"2013/08/21 00:00:00",1,-73
D,P5MIN,CONSTRAINTSOLUTION,6,"2019/05/16 06:05:00",0,"2019/05/16 07:00:00",DATASNAP_DFS_Q_TAMR2,10315.4393,0,0,"2019/05/16 06:00:26",,"2017/10/19 00:00:00",1,-73
D,P5MIN,CONSTRAINTSOLUTION,6,"2019/05/16 06:05:00",0,"2019/05/16 07:00:00",DATASNAP_DFS_SADL,10645.47986,0,0,"2019/05/16 06:00:26",,"2013/08/21 00:00:00",1,-73
D,P5MIN,CONSTRAINTSOLUTION,6,"2019/05/16 06:05:00",0,"2019/05/16 07:00:00",DATASNAP_DFS_SNTH,10222.45367,0,0,"2019/05/16 06:00:26",,"2013/08/21 00:00:00",1,-73
D,P5MIN,CONSTRAINTSOLUTION,6,"2019/05/16 06:05:00",0,"2019/05/16 07:00:00",DATASNAP_DFS_SRIV,10036.63096,0,0,"2019/05/16 06:00:26",,"2013/08/21 00:00:00",1,-73
D,P5MIN,CONSTRAINTSOLUTION,6,"2019/05/16 06:05:00",0,"2019/05/16 07:00:00",DATASNAP_DFS_SSE,10072.76515,0,0,"2019/05/16 06:00:26",,"2013/08/21 00:00:00",1,-73
D,P5MIN,CONSTRAINTSOLUTION,6,"2019/05/16 06:05:00",0,"2019/05/16 07:00:00",DATASNAP_DFS_SWNSW,10683.52637,0,0,"2019/05/16 06:00:26",,"2018/04/13 00:00:00",1,-73
D,P5MIN,CONSTRAINTSOLUTION,6,"2019/05/16 06:05:00",0,"2019/05/16 07:00:00",DATASNAP_DFS_TNTH,10115.55936,0,0,"2019/05/16 06:00:26",,"2013/08/21 00:00:00",1,-73
D,P5MIN,CONSTRAINTSOLUTION,6,"2019/05/16 06:05:00",0,"2019/05/16 07:00:00",DATASNAP_DFS_TNWEST,10136.63858,0,0,"2019/05/16 06:00:26",,"2013/08/21 00:00:00",1,-73
D,P5MIN,CONSTRAINTSOLUTION,6,"2019/05/16 06:05:00",0,"2019/05/16 07:00:00",DATASNAP_DFS_TWCST,10062.04958,0,0,"2019/05/16 06:00:26",,"2013/08/21 00:00:00",1,-73
D,P5MIN,CONSTRAINTSOLUTION,6,"2019/05/16 06:05:00",0,"2019/05/16 07:00:00",DATASNAP_DFS_T_FASH1,10603.84314,0,0,"2019/05/16 06:00:26",,"2016/03/17 00:00:00",1,-73
D,P5MIN,CONSTRAINTSOLUTION,6,"2019/05/16 06:05:00",0,"2019/05/16 07:00:00",DATASNAP_DFS_T_GOCS1,10475.63501,0,0,"2019/05/16 06:00:26",,"2016/03/17 00:00:00",1,-73
D,P5MIN,CONSTRAINTSOLUTION,6,"2019/05/16 06:05:00",0,"2019/05/16 07:00:00",DATASNAP_DFS_T_HAGT1,10460.06867,0,0,"2019/05/16 06:00:26",,"2016/03/17 00:00:00",1,-73
D,P5MIN,CONSTRAINTSOLUTION,6,"2019/05/16 06:05:00",0,"2019/05/16 07:00:00",DATASNAP_DFS_T_PMHA1,10476.4953,0,0,"2019/05/16 06:00:26",,"2016/03/17 00:00:00",1,-73
D,P5MIN,CONSTRAINTSOLUTION,6,"2019/05/16 06:05:00",0,"2019/05/16 07:00:00",DATASNAP_DFS_T_PMHA3,10145.60226,0,0,"2019/05/16 06:00:26",,"2016/03/17 00:00:00",1,-73
D,P5MIN,CONSTRAINTSOLUTION,6,"2019/05/16 06:05:00",0,"2019/05/16 07:00:00",DATASNAP_DFS_T_SHGT,10517.61713,0,0,"2019/05/16 06:00:26",,"2013/08/21 00:00:00",1,-73
D,P5MIN,CONSTRAINTSOLUTION,6,"2019/05/16 06:05:00",0,"2019/05/16 07:00:00",DATASNAP_DFS_T_SHPM,10394.73419,0,0,"2019/05/16 06:00:26",,"2016/03/17 00:00:00",1,-73
D,P5MIN,CONSTRAINTSOLUTION,6,"2019/05/16 06:05:00",0,"2019/05/16 07:00:00",DATASNAP_DFS_T_TATU,10119.94269,0,0,"2019/05/16 06:00:26",,"2013/08/21 00:00:00",1,-73
D,P5MIN,CONSTRAINTSOLUTION,6,"2019/05/16 06:05:00",0,"2019/05/16 07:00:00",DATASNAP_DFS_T_WALE,10145.79652,0,0,"2019/05/16 06:00:26",,"2016/03/17 00:00:00",1,-73
D,P5MIN,CONSTRAINTSOLUTION,6,"2019/05/16 06:05:00",0,"2019/05/16 07:00:00",DATASNAP_DFS_VIC_SG,10717.1673,0,0,"2019/05/16 06:00:26",,"2018/04/13 00:00:00",1,-73
D,P5MIN,CONSTRAINTSOLUTION,6,"2019/05/16 06:05:00",0,"2019/05/16 07:00:00",DATASNAP_DFS_VMEL,13086.47705,0,0,"2019/05/16 06:00:26",,"2013/08/21 00:00:00",1,-73
D,P5MIN,CONSTRAINTSOLUTION,6,"2019/05/16 06:05:00",0,"2019/05/16 07:00:00",DATASNAP_DFS_V_BABE,10437.45743,0,0,"2019/05/16 06:00:26",,"2013/08/21 00:00:00",1,-73
D,P5MIN,CONSTRAINTSOLUTION,6,"2019/05/16 06:05:00",0,"2019/05/16 07:00:00",DATASNAP_PDID_1,10020,0,0,"2019/05/16 06:00:26",,"2018/04/13 00:00:00",1,-73
D,P5MIN,CONSTRAINTSOLUTION,6,"2019/05/16 06:05:00",0,"2019/05/16 07:00:00",DATASNAP_Q::NIL_CS,14379.97668,0,0,"2019/05/16 06:00:26",,"2018/09/17 00:00:00",2,3908.68598
D,P5MIN,CONSTRAINTSOLUTION,6,"2019/05/16 06:05:00",0,"2019/05/16 07:00:00",DATASNAP_Q>NIL_BI_FB,10537.24053,0,0,"2019/05/16 06:00:26",,"2018/10/16 00:00:00",1,-73
D,P5MIN,CONSTRAINTSOLUTION,6,"2019/05/16 06:05:00",0,"2019/05/16 07:00:00",DATASNAP_TE_967_1,10016.5,0,0,"2019/05/16 06:00:26",,"2018/04/13 00:00:00",1,-73
D,P5MIN,CONSTRAINTSOLUTION,6,"2019/05/16 06:05:00",0,"2019/05/16 07:00:00",DATASNAP_T_PD_INER,10075.237,0,0,"2019/05/16 06:00:26",,"2018/04/13 00:00:00",1,-73
D,P5MIN,CONSTRAINTSOLUTION,6,"2019/05/16 06:05:00",0,"2019/05/16 07:00:00",DATASNAP_T_PD_INER2,10075.237,0,0,"2019/05/16 06:00:26",,"2018/04/13 00:00:00",1,-73
D,P5MIN,CONSTRAINTSOLUTION,6,"2019/05/16 06:05:00",0,"2019/05/16 07:00:00",DATA_MMS_ALERT1,10274,0,0,"2019/05/16 06:00:26",,"2013/08/21 00:00:00",1,-73
D,P5MIN,CONSTRAINTSOLUTION,6,"2019/05/16 06:05:00",0,"2019/05/16 07:00:00",DSANP_Q^^NIL_TR_CLHA,16689.18297,0,0,"2019/05/16 06:00:26",,"2018/01/10 00:00:00",1,3654.37823
D,P5MIN,CONSTRAINTSOLUTION,6,"2019/05/16 06:05:00",0,"2019/05/16 07:00:00",DSNAP_DFS_V_BABE_5M,10437.45743,0,0,"2019/05/16 06:00:26",,"2014/05/19 00:00:00",1,-73
D,P5MIN,CONSTRAINTSOLUTION,6,"2019/05/16 06:05:00",0,"2019/05/16 07:00:00",DSNAP_DFS_V_BAML,10547.03973,0,0,"2019/05/16 06:00:26",,"2014/05/19 00:00:00",1,-73
D,P5MIN,CONSTRAINTSOLUTION,6,"2019/05/16 06:05:00",0,"2019/05/16 07:00:00",DSNAP_DFS_V_BAML_5M,10612.92407,0,0,"2019/05/16 06:00:26",,"2014/05/19 00:00:00",1,-73
D,P5MIN,CONSTRAINTSOLUTION,6,"2019/05/16 06:05:00",0,"2019/05/16 07:00:00",DSNAP_DFS_V_DDMB,10596.1756,0,0,"2019/05/16 06:00:26",,"2014/05/19 00:00:00",1,-73
D,P5MIN,CONSTRAINTSOLUTION,6,"2019/05/16 06:05:00",0,"2019/05/16 07:00:00",DSNAP_DFS_V_DDMS,11405.73242,0,0,"2019/05/16 06:00:26",,"2019/01/29 00:00:00",1,-73
D,P5MIN,CONSTRAINTSOLUTION,6,"2019/05/16 06:05:00",0,"2019/05/16 07:00:00",DSNAP_DFS_V_DDSM,11177.79468,0,0,"2019/05/16 06:00:26",,"2014/05/19 00:00:00",1,-73
D,P5MIN,CONSTRAINTSOLUTION,6,"2019/05/16 06:05:00",0,"2019/05/16 07:00:00",DSNAP_DFS_V_NIL_3,12187.66305,0,0,"2019/05/16 06:00:26",,"2018/09/03 00:00:00",1,551.2597
D,P5MIN,CONSTRAINTSOLUTION,6,"2019/05/16 06:05:00",0,"2019/05/16 07:00:00",DSNAP_DFS_V_NIL_8,10737.17874,0,0,"2019/05/16 06:00:26",,"2018/09/03 00:00:00",1,-76.96545
D,P5MIN,CONSTRAINTSOLUTION,6,"2019/05/16 06:05:00",0,"2019/05/16 07:00:00",DSNAP_DFS_V_ROYP,10550.91681,0,0,"2019/05/16 06:00:26",,"2014/05/19 00:00:00",1,-73
D,P5MIN,CONSTRAINTSOLUTION,6,"2019/05/16 06:05:00",0,"2019/05/16 07:00:00",DSNAP_Q>>CPGG1_OUT,14128.98125,0,0,"2019/05/16 06:00:26",,"2018/08/24 00:00:00",1,-73
D,P5MIN,CONSTRAINTSOLUTION,6,"2019/05/16 06:05:00",0,"2019/05/16 07:00:00",DSNAP_Q>>GGWU_OUT_1,13094.23812,0,0,"2019/05/16 06:00:26",,"2018/06/27 00:00:00",1,-73
D,P5MIN,CONSTRAINTSOLUTION,6,"2019/05/16 06:05:00",0,"2019/05/16 07:00:00",DSNAP_Q>>GGWU_OUT_2,14108.12956,0,0,"2019/05/16 06:00:26",,"2018/07/19 00:00:00",1,-73
D,P5MIN,CONSTRAINTSOLUTION,6,"2019/05/16 06:05:00",0,"2019/05/16 07:00:00",DSNAP_Q>NIL_TV66,10410.96879,0,0,"2019/05/16 06:00:26",,"2018/08/17 00:00:00",2,0.003
D,P5MIN,CONSTRAINTSOLUTION,6,"2019/05/16 06:05:00",0,"2019/05/16 07:00:00",DSNAP_QNI_1100_DYN,11100,0,0,"2019/05/16 06:00:26",,"2019/03/11 00:00:00",1,628.85177
D,P5MIN,CONSTRAINTSOLUTION,6,"2019/05/16 06:05:00",0,"2019/05/16 07:00:00",DSNAP_QNI_1150_DYN,11150,0,0,"2019/05/16 06:00:26",,"2019/03/11 00:00:00",1,628.85177
D,P5MIN,CONSTRAINTSOLUTION,6,"2019/05/16 06:05:00",0,"2019/05/16 07:00:00",DSNAP_Q^CN_FDR-180,-10674.29447,0,0,"2019/05/16 06:00:26",,"2018/11/30 00:00:00",2,46.224
D,P5MIN,CONSTRAINTSOLUTION,6,"2019/05/16 06:05:00",0,"2019/05/16 07:00:00",DSNAP_Q^CN_FDR_CO_OP,-10388.51447,0,0,"2019/05/16 06:00:26",,"2018/11/30 00:00:00",2,373.68693
D,P5MIN,CONSTRAINTSOLUTION,6,"2019/05/16 06:05:00",0,"2019/05/16 07:00:00",DSNAP_Q^WOPW_WOSP_O,14444.53485,0,0,"2019/05/16 06:00:26",,"2019/05/01 00:00:00",1,3918.55468
D,P5MIN,CONSTRAINTSOLUTION,6,"2019/05/16 06:05:00",0,"2019/05/16 07:00:00",DSNAP_Q^^NIL_SRAR,10973.86409,0,0,"2019/05/16 06:00:26",,"2019/03/29 00:00:00",1,873.00321
D,P5MIN,CONSTRAINTSOLUTION,6,"2019/05/16 06:05:00",0,"2019/05/16 07:00:00",DSNAP_Q^^TR_CLHA,15424.36066,0,0,"2019/05/16 06:00:26",,"2018/01/12 00:00:00",1,2074.19037
D,P5MIN,CONSTRAINTSOLUTION,6,"2019/05/16 06:05:00",0,"2019/05/16 07:00:00",DSNAP_Q^^TR_TRBK,15715.75208,0,0,"2019/05/16 06:00:26",,"2018/01/12 00:00:00",1,2954.38085
D,P5MIN,CONSTRAINTSOLUTION,6,"2019/05/16 06:05:00",0,"2019/05/16 07:00:00",DSNAP_Q^^TR_TRBK_2,16244.62246,0,0,"2019/05/16 06:00:26",,"2018/12/12 00:00:00",1,4154.02779
D,P5MIN,CONSTRAINTSOLUTION,6,"2019/05/16 06:05:00",0,"2019/05/16 07:00:00",DSNAP_Q_TR_2000,14551.20334,0,0,"2019/05/16 06:00:26",,"2018/12/24 00:00:00",1,4558.79427
D,P5MIN,CONSTRAINTSOLUTION,6,"2019/05/16 06:05:00",0,"2019/05/16 07:00:00",DSNAP_S:VS_650_DYN,10650,0,0,"2019/05/16 06:00:26",,"2019/03/11 00:00:00",1,372.92918
D,P5MIN,CONSTRAINTSOLUTION,6,"2019/05/16 06:05:00",0,"2019/05/16 07:00:00",DSNAP_S:VS_700_DYN,10700,0,0,"2019/05/16 06:00:26",,"2019/03/11 00:00:00",1,372.92918
D,P5MIN,CONSTRAINTSOLUTION,6,"2019/05/16 06:05:00",0,"2019/05/16 07:00:00",DSNAP_S:V_500_DYN,10500,0,0,"2019/05/16 06:00:26",,"2019/03/11 00:00:00",1,327.92918
D,P5MIN,CONSTRAINTSOLUTION,6,"2019/05/16 06:05:00",0,"2019/05/16 07:00:00",DSNAP_S:V_550_DYN,10550,0,0,"2019/05/16 06:00:26",,"2019/03/11 00:00:00",1,327.92918
D,P5MIN,CONSTRAINTSOLUTION,6,"2019/05/16 06:05:00",0,"2019/05/16 07:00:00",DSNAP_S>V_460_DYN,10460,0,0,"2019/05/16 06:00:26",,"2019/03/11 00:00:00",1,327.92918
D,P5MIN,CONSTRAINTSOLUTION,6,"2019/05/16 06:05:00",0,"2019/05/16 07:00:00",DSNAP_SA_UNITS_ON,10010,0,0,"2019/05/16 06:00:26",,"2016/05/16 00:00:00",1,-73
D,P5MIN,CONSTRAINTSOLUTION,6,"2019/05/16 06:05:00",0,"2019/05/16 07:00:00",DSNAP_SNIL_1,10660.07794,0,0,"2019/05/16 06:00:26",,"2016/04/11 00:00:00",1,325.91678
D,P5MIN,CONSTRAINTSOLUTION,6,"2019/05/16 06:05:00",0,"2019/05/16 07:00:00",DSNAP_SNIL_2,10670.58059,0,0,"2019/05/16 06:00:26",,"2016/04/11 00:00:00",1,-325.83293
D,P5MIN,CONSTRAINTSOLUTION,6,"2019/05/16 06:05:00",0,"2019/05/16 07:00:00",DSNAP_SNIL_3,20643.62017,0,0,"2019/05/16 06:00:26",,"2016/04/11 00:00:00",1,-325.35778
D,P5MIN,CONSTRAINTSOLUTION,6,"2019/05/16 06:05:00",0,"2019/05/16 07:00:00",DSNAP_SNIL_4,20725.30827,0,0,"2019/05/16 06:00:26",,"2016/04/11 00:00:00",1,-325.10623
D,P5MIN,CONSTRAINTSOLUTION,6,"2019/05/16 06:05:00",0,"2019/05/16 07:00:00",DSNAP_SNIL_5,10639.78448,0,0,"2019/05/16 06:00:26",,"2016/04/11 00:00:00",1,-325.72113
D,P5MIN,CONSTRAINTSOLUTION,6,"2019/05/16 06:05:00",0,"2019/05/16 07:00:00",DSNAP_SNIL_6,10776.51438,0,0,"2019/05/16 06:00:26",,"2016/04/11 00:00:00",1,-325.10623
D,P5MIN,CONSTRAINTSOLUTION,6,"2019/05/16 06:05:00",0,"2019/05/16 07:00:00",DSNAP_SNIL_7,20580.35388,0,0,"2019/05/16 06:00:26",,"2016/04/11 00:00:00",1,-325.83293
D,P5MIN,CONSTRAINTSOLUTION,6,"2019/05/16 06:05:00",0,"2019/05/16 07:00:00",DSNAP_SNIL_8,20764.30753,0,0,"2019/05/16 06:00:26",,"2016/04/11 00:00:00",1,-325.35778
D,P5MIN,CONSTRAINTSOLUTION,6,"2019/05/16 06:05:00",0,"2019/05/16 07:00:00",DSNAP_SNIL_9,10789.40572,0,0,"2019/05/16 06:00:26",,"2016/04/11 00:00:00",1,-325.35778
D,P5MIN,CONSTRAINTSOLUTION,6,"2019/05/16 06:05:00",0,"2019/05/16 07:00:00",DSNAP_SNIL_TBTU_TBMO,10230.34592,0,0,"2019/05/16 06:00:26",,"2015/06/29 00:00:00",2,-73
D,P5MIN,CONSTRAINTSOLUTION,6,"2019/05/16 06:05:00",0,"2019/05/16 07:00:00",DSNAP_SV_250_DYN,10250,0,0,"2019/05/16 06:00:26",,"2019/03/11 00:00:00",1,327.92918
D,P5MIN,CONSTRAINTSOLUTION,6,"2019/05/16 06:05:00",0,"2019/05/16 07:00:00",DSNAP_S_NOTI_NOTI_3,10139.77908,0,0,"2019/05/16 06:00:26",,"2014/02/24 00:00:00",1,-73
D,P5MIN,CONSTRAINTSOLUTION,6,"2019/05/16 06:05:00",0,"2019/05/16 07:00:00",DSNAP_S_SETX_SETX,10300.02506,0,0,"2019/05/16 06:00:26",,"2014/02/17 00:00:00",1,-73
D,P5MIN,CONSTRAINTSOLUTION,6,"2019/05/16 06:05:00",0,"2019/05/16 07:00:00",DSNAP_S_V_000_DYN,9975,0,0,"2019/05/16 06:00:26",,"2019/03/11 00:00:00",1,327.92918
D,P5MIN,CONSTRAINTSOLUTION,6,"2019/05/16 06:05:00",0,"2019/05/16 07:00:00",DSNAP_T_NIL_BL_6,10138.34555,0,0,"2019/05/16 06:00:26",,"2017/07/21 00:00:00",1,-133.03569
D,P5MIN,CONSTRAINTSOLUTION,6,"2019/05/16 06:05:00",0,"2019/05/16 07:00:00",DSNAP_V:SS_650_DYN,10650,0,0,"2019/05/16 06:00:26",,"2019/03/11 00:00:00",1,-372.92918
D,P5MIN,CONSTRAINTSOLUTION,6,"2019/05/16 06:05:00",0,"2019/05/16 07:00:00",DSNAP_V:SS_720_DYN,10720,0,0,"2019/05/16 06:00:26",,"2019/03/11 00:00:00",1,-372.92918
D,P5MIN,CONSTRAINTSOLUTION,6,"2019/05/16 06:05:00",0,"2019/05/16 07:00:00",DSNAP_V:SS_790_DYN,10790,0,0,"2019/05/16 06:00:26",,"2019/03/11 00:00:00",1,-372.92918
D,P5MIN,CONSTRAINTSOLUTION,6,"2019/05/16 06:05:00",0,"2019/05/16 07:00:00",DSNAP_V:SS_820_DYN,10820,0,0,"2019/05/16 06:00:26",,"2019/03/11 00:00:00",1,-372.92918
D,P5MIN,CONSTRAINTSOLUTION,6,"2019/05/16 06:05:00",0,"2019/05/16 07:00:00",DSNAP_V:SS_850_DYN,10850,0,0,"2019/05/16 06:00:26",,"2019/03/11 00:00:00",1,-372.92918
D,P5MIN,CONSTRAINTSOLUTION,6,"2019/05/16 06:05:00",0,"2019/05/16 07:00:00",DSNAP_V:SS_870_DYN,10870,0,0,"2019/05/16 06:00:26",,"2019/03/11 00:00:00",1,-372.92918
D,P5MIN,CONSTRAINTSOLUTION,6,"2019/05/16 06:05:00",0,"2019/05/16 07:00:00",DSNAP_V:S_500_DYN,10500,0,0,"2019/05/16 06:00:26",,"2019/03/11 00:00:00",1,-327.92918
D,P5MIN,CONSTRAINTSOLUTION,6,"2019/05/16 06:05:00",0,"2019/05/16 07:00:00",DSNAP_V:S_570_DYN,10570,0,0,"2019/05/16 06:00:26",,"2019/03/11 00:00:00",1,-327.92918
D,P5MIN,CONSTRAINTSOLUTION,6,"2019/05/16 06:05:00",0,"2019/05/16 07:00:00",DSNAP_V:S_600_DYN,10600,0,0,"2019/05/16 06:00:26",,"2019/03/11 00:00:00",1,-327.92918
D,P5MIN,CONSTRAINTSOLUTION,6,"2019/05/16 06:05:00",0,"2019/05/16 07:00:00",DSNAP_V:S_650_DYN,10650,0,0,"2019/05/16 06:00:26",,"2019/03/11 00:00:00",1,-327.92918
D,P5MIN,CONSTRAINTSOLUTION,6,"2019/05/16 06:05:00",0,"2019/05/16 07:00:00",DSNAP_V>>V_NIL_1A,12008.82186,0,0,"2019/05/16 06:00:26",,"2019/01/29 00:00:00",1,502.67958
D,P5MIN,CONSTRAINTSOLUTION,6,"2019/05/16 06:05:00",0,"2019/05/16 07:00:00",DSNAP_V>>V_NIL_1C,11959.28586,0,0,"2019/05/16 06:00:26",,"2019/01/23 00:00:00",1,502.67958
D,P5MIN,CONSTRAINTSOLUTION,6,"2019/05/16 06:05:00",0,"2019/05/16 07:00:00",DSNAP_V>>V_NIL_1D,11962.59043,0,0,"2019/05/16 06:00:26",,"2019/01/23 00:00:00",1,502.67958
D,P5MIN,CONSTRAINTSOLUTION,6,"2019/05/16 06:05:00",0,"2019/05/16 07:00:00",DSNAP_V>S_460_DYN,10460,0,0,"2019/05/16 06:00:26",,"2019/03/11 00:00:00",1,-327.92918
D,P5MIN,CONSTRAINTSOLUTION,6,"2019/05/16 06:05:00",0,"2019/05/16 07:00:00",DSNAP_V>V_NIL_7,11050.49978,0,0,"2019/05/16 06:00:26",,"2019/01/24 00:00:00",1,33
D,P5MIN,CONSTRAINTSOLUTION,6,"2019/05/16 06:05:00",0,"2019/05/16 07:00:00",DSNAP_VS_250_DYN,10250,0,0,"2019/05/16 06:00:26",,"2019/03/11 00:00:00",1,-327.92918
D,P5MIN,CONSTRAINTSOLUTION,6,"2019/05/16 06:05:00",0,"2019/05/16 07:00:00",F_I+LREG_0120,120,0,0,"2019/05/16 06:00:26",,"2013/08/21 00:00:00",1,190
D,P5MIN,CONSTRAINTSOLUTION,6,"2019/05/16 06:05:00",0,"2019/05/16 07:00:00",F_I+LREG_0190,190,12.31,0,"2019/05/16 06:00:26",,"2019/04/16 00:00:00",1,190
D,P5MIN,CONSTRAINTSOLUTION,6,"2019/05/16 06:05:00",0,"2019/05/16 07:00:00",F_I+ML_L5_0400,297.04344,0,0,"2019/05/16 06:00:26",,"2013/08/21 00:00:00",1,390.34
D,P5MIN,CONSTRAINTSOLUTION,6,"2019/05/16 06:05:00",0,"2019/05/16 07:00:00",F_I+ML_L60_0400,19.9088,0,0,"2019/05/16 06:00:26",,"2013/08/21 00:00:00",1,113.21
D,P5MIN,CONSTRAINTSOLUTION,6,"2019/05/16 06:05:00",0,"2019/05/16 07:00:00",F_I+ML_L6_0400,19.9088,0,0,"2019/05/16 06:00:26",,"2013/08/21 00:00:00",1,19.91
D,P5MIN,CONSTRAINTSOLUTION,6,"2019/05/16 06:05:00",0,"2019/05/16 07:00:00",F_I+NIL_APD_TL_L5,390.34343,0.19,0,"2019/05/16 06:00:26",,"2014/03/03 00:00:00",1,390.34
D,P5MIN,CONSTRAINTSOLUTION,6,"2019/05/16 06:05:00",0,"2019/05/16 07:00:00",F_I+NIL_APD_TL_L6,-217.67886,0,0,"2019/05/16 06:00:26",,"2014/03/03 00:00:00",1,19.91
D,P5MIN,CONSTRAINTSOLUTION,6,"2019/05/16 06:05:00",0,"2019/05/16 07:00:00",F_I+NIL_APD_TL_L60,113.20879,0.05,0,"2019/05/16 06:00:26",,"2014/03/03 00:00:00",1,113.21
D,P5MIN,CONSTRAINTSOLUTION,6,"2019/05/16 06:05:00",0,"2019/05/16 07:00:00",F_I+NIL_BB_TG_R5,-102.95656,0,0,"2019/05/16 06:00:26",,"2013/08/21 00:00:00",1,664.3
D,P5MIN,CONSTRAINTSOLUTION,6,"2019/05/16 06:05:00",0,"2019/05/16 07:00:00",F_I+NIL_BB_TG_R6,-710.97885,0,0,"2019/05/16 06:00:26",,"2013/08/21 00:00:00",1,430.78
D,P5MIN,CONSTRAINTSOLUTION,6,"2019/05/16 06:05:00",0,"2019/05/16 07:00:00",F_I+NIL_BB_TG_R60,-380.0912,0,0,"2019/05/16 06:00:26",,"2013/08/21 00:00:00",1,446.2
D,P5MIN,CONSTRAINTSOLUTION,6,"2019/05/16 06:05:00",0,"2019/05/16 07:00:00",F_I+NIL_MG_R5,646.72007,0,0,"2019/05/16 06:00:26",,"2013/08/21 00:00:00",1,664.3
D,P5MIN,CONSTRAINTSOLUTION,6,"2019/05/16 06:05:00",0,"2019/05/16 07:00:00",F_I+NIL_MG_R6,369.9088,0,0,"2019/05/16 06:00:26",,"2013/08/21 00:00:00",1,430.78
D,P5MIN,CONSTRAINTSOLUTION,6,"2019/05/16 06:05:00",0,"2019/05/16 07:00:00",F_I+NIL_MG_R60,369.9088,0,0,"2019/05/16 06:00:26",,"2013/08/21 00:00:00",1,446.2
D,P5MIN,CONSTRAINTSOLUTION,6,"2019/05/16 06:05:00",0,"2019/05/16 07:00:00",F_I+NIL_RREG,130,0,0,"2019/05/16 06:00:26",,"2018/12/12 00:00:00",1,200
D,P5MIN,CONSTRAINTSOLUTION,6,"2019/05/16 06:05:00",0,"2019/05/16 07:00:00",F_I+NIL_WF_TG_R5,-83.56399,0,0,"2019/05/16 06:00:26",,"2013/08/21 00:00:00",1,664.3
D,P5MIN,CONSTRAINTSOLUTION,6,"2019/05/16 06:05:00",0,"2019/05/16 07:00:00",F_I+NIL_WF_TG_R6,-710.97885,0,0,"2019/05/16 06:00:26",,"2013/08/21 00:00:00",1,430.78
D,P5MIN,CONSTRAINTSOLUTION,6,"2019/05/16 06:05:00",0,"2019/05/16 07:00:00",F_I+NIL_WF_TG_R60,-380.0912,0,0,"2019/05/16 06:00:26",,"2013/08/21 00:00:00",1,446.2
D,P5MIN,CONSTRAINTSOLUTION,6,"2019/05/16 06:05:00",0,"2019/05/16 07:00:00",F_I+RREG_0200,200,12.5,0,"2019/05/16 06:00:26",,"2013/08/21 00:00:00",1,200
D,P5MIN,CONSTRAINTSOLUTION,6,"2019/05/16 06:05:00",0,"2019/05/16 07:00:00",F_I+WIP_N-2_ML_L5,-102.95656,0,0,"2019/05/16 06:00:26",,"2017/05/16 00:00:00",1,390.34
D,P5MIN,CONSTRAINTSOLUTION,6,"2019/05/16 06:05:00",0,"2019/05/16 07:00:00",F_I+WIP_N-2_ML_L6,-380.0912,0,0,"2019/05/16 06:00:26",,"2017/05/16 00:00:00",1,19.91
D,P5MIN,CONSTRAINTSOLUTION,6,"2019/05/16 06:05:00",0,"2019/05/16 07:00:00",F_I+WIP_N-2_ML_L60,-380.0912,0,0,"2019/05/16 06:00:26",,"2017/05/16 00:00:00",1,113.21
D,P5MIN,CONSTRAINTSOLUTION,6,"2019/05/16 06:05:00",0,"2019/05/16 07:00:00",F_I+WIV_N-2_MG_R5,-103.27993,0,0,"2019/05/16 06:00:26",,"2017/05/16 00:00:00",1,664.3
D,P5MIN,CONSTRAINTSOLUTION,6,"2019/05/16 06:05:00",0,"2019/05/16 07:00:00",F_I+WIV_N-2_MG_R6,-380.0912,0,0,"2019/05/16 06:00:26",,"2017/05/16 00:00:00",1,430.78
D,P5MIN,CONSTRAINTSOLUTION,6,"2019/05/16 06:05:00",0,"2019/05/16 07:00:00",F_I+WIV_N-2_MG_R60,-380.0912,0,0,"2019/05/16 06:00:26",,"2017/05/16 00:00:00",1,446.2
D,P5MIN,CONSTRAINTSOLUTION,6,"2019/05/16 06:05:00",0,"2019/05/16 07:00:00",F_MAIN++APD_TL_L5,-83.96631,0,0,"2019/05/16 06:00:26",,"2014/03/03 00:00:00",1,217.34
D,P5MIN,CONSTRAINTSOLUTION,6,"2019/05/16 06:05:00",0,"2019/05/16 07:00:00",F_MAIN++APD_TL_L6,-646.47532,0,0,"2019/05/16 06:00:26",,"2014/03/03 00:00:00",1,-80.09
D,P5MIN,CONSTRAINTSOLUTION,6,"2019/05/16 06:05:00",0,"2019/05/16 07:00:00",F_MAIN++APD_TL_L60,-315.58766,0,0,"2019/05/16 06:00:26",,"2014/03/03 00:00:00",1,-0.46
D,P5MIN,CONSTRAINTSOLUTION,6,"2019/05/16 06:05:00",0,"2019/05/16 07:00:00",F_MAIN++LREG_0120,-358,0,0,"2019/05/16 06:00:26",,"2013/08/21 00:00:00",1,47
D,P5MIN,CONSTRAINTSOLUTION,6,"2019/05/16 06:05:00",0,"2019/05/16 07:00:00",F_MAIN++LREG_0190,-288,0,0,"2019/05/16 06:00:26",,"2019/04/16 00:00:00",1,47
D,P5MIN,CONSTRAINTSOLUTION,6,"2019/05/16 06:05:00",0,"2019/05/16 07:00:00",F_MAIN++ML_L5_0400,-177.2663,0,0,"2019/05/16 06:00:26",,"2013/08/21 00:00:00",1,217.34
D,P5MIN,CONSTRAINTSOLUTION,6,"2019/05/16 06:05:00",0,"2019/05/16 07:00:00",F_MAIN++ML_L60_0400,-408.88765,0,0,"2019/05/16 06:00:26",,"2013/08/21 00:00:00",1,-0.46
D,P5MIN,CONSTRAINTSOLUTION,6,"2019/05/16 06:05:00",0,"2019/05/16 07:00:00",F_MAIN++ML_L6_0400,-408.88765,0,0,"2019/05/16 06:00:26",,"2013/08/21 00:00:00",1,-80.09
D,P5MIN,CONSTRAINTSOLUTION,6,"2019/05/16 06:05:00",0,"2019/05/16 07:00:00",F_MAIN++NIL_BL_L5,-229.2663,0,0,"2019/05/16 06:00:26",,"2013/08/21 00:00:00",1,217.34
D,P5MIN,CONSTRAINTSOLUTION,6,"2019/05/16 06:05:00",0,"2019/05/16 07:00:00",F_MAIN++NIL_BL_L6,-661.7753,0,0,"2019/05/16 06:00:26",,"2013/08/21 00:00:00",1,-80.09
D,P5MIN,CONSTRAINTSOLUTION,6,"2019/05/16 06:05:00",0,"2019/05/16 07:00:00",F_MAIN++NIL_BL_L60,-330.88765,0,0,"2019/05/16 06:00:26",,"2013/08/21 00:00:00",1,-0.46
D,P5MIN,CONSTRAINTSOLUTION,6,"2019/05/16 06:05:00",0,"2019/05/16 07:00:00",F_MAIN++NIL_BL_R5,-10229.2663,0,0,"2019/05/16 06:00:26",,"2013/08/21 00:00:00",1,700.73
D,P5MIN,CONSTRAINTSOLUTION,6,"2019/05/16 06:05:00",0,"2019/05/16 07:00:00",F_MAIN++NIL_BL_R6,-10661.7753,0,0,"2019/05/16 06:00:26",,"2013/08/21 00:00:00",1,469.11
D,P5MIN,CONSTRAINTSOLUTION,6,"2019/05/16 06:05:00",0,"2019/05/16 07:00:00",F_MAIN++NIL_BL_R60,-10330.88765,0,0,"2019/05/16 06:00:26",,"2013/08/21 00:00:00",1,469.11
D,P5MIN,CONSTRAINTSOLUTION,6,"2019/05/16 06:05:00",0,"2019/05/16 07:00:00",F_MAIN++NIL_MG_R5,700.7337,2,0,"2019/05/16 06:00:26",,"2013/08/21 00:00:00",1,700.73
D,P5MIN,CONSTRAINTSOLUTION,6,"2019/05/16 06:05:00",0,"2019/05/16 07:00:00",F_MAIN++NIL_MG_R6,469.11235,20.7,0,"2019/05/16 06:00:26",,"2013/08/21 00:00:00",1,469.11
D,P5MIN,CONSTRAINTSOLUTION,6,"2019/05/16 06:05:00",0,"2019/05/16 07:00:00",F_MAIN++NIL_MG_R60,469.11235,13.81,0,"2019/05/16 06:00:26",,"2013/08/21 00:00:00",1,469.11
D,P5MIN,CONSTRAINTSOLUTION,6,"2019/05/16 06:05:00",0,"2019/05/16 07:00:00",F_MAIN++NIL_RREG,180,0,0,"2019/05/16 06:00:26",,"2018/12/12 00:00:00",1,250
D,P5MIN,CONSTRAINTSOLUTION,6,"2019/05/16 06:05:00",0,"2019/05/16 07:00:00",F_MAIN++RREG_0200,250,8.88361,0,"2019/05/16 06:00:26",,"2013/08/21 00:00:00",1,250
D,P5MIN,CONSTRAINTSOLUTION,6,"2019/05/16 06:05:00",0,"2019/05/16 07:00:00",F_MAIN++WIPN-2_MLL60,-808.88765,0,0,"2019/05/16 06:00:26",,"2017/05/16 00:00:00",1,-0.46
D,P5MIN,CONSTRAINTSOLUTION,6,"2019/05/16 06:05:00",0,"2019/05/16 07:00:00",F_MAIN++WIP_N-2_MLL5,-577.2663,0,0,"2019/05/16 06:00:26",,"2017/05/16 00:00:00",1,217.34
D,P5MIN,CONSTRAINTSOLUTION,6,"2019/05/16 06:05:00",0,"2019/05/16 07:00:00",F_MAIN++WIP_N-2_MLL6,-808.88765,0,0,"2019/05/16 06:00:26",,"2017/05/16 00:00:00",1,-80.09
D,P5MIN,CONSTRAINTSOLUTION,6,"2019/05/16 06:05:00",0,"2019/05/16 07:00:00",F_MAIN++WIVN-2_MGR60,-280.88765,0,0,"2019/05/16 06:00:26",,"2017/05/16 00:00:00",1,469.11
D,P5MIN,CONSTRAINTSOLUTION,6,"2019/05/16 06:05:00",0,"2019/05/16 07:00:00",F_MAIN++WIV_N-2_MGR5,-49.2663,0,0,"2019/05/16 06:00:26",,"2017/05/16 00:00:00",1,700.73
D,P5MIN,CONSTRAINTSOLUTION,6,"2019/05/16 06:05:00",0,"2019/05/16 07:00:00",F_MAIN++WIV_N-2_MGR6,-280.88765,0,0,"2019/05/16 06:00:26",,"2017/05/16 00:00:00",1,469.11
D,P5MIN,CONSTRAINTSOLUTION,6,"2019/05/16 06:05:00",0,"2019/05/16 07:00:00",F_MAIN+APD_TL_L5,-9605.96631,0,0,"2019/05/16 06:00:26",,"2014/03/03 00:00:00",1,317.34
D,P5MIN,CONSTRAINTSOLUTION,6,"2019/05/16 06:05:00",0,"2019/05/16 07:00:00",F_MAIN+APD_TL_L6,-10168.47532,0,0,"2019/05/16 06:00:26",,"2014/03/03 00:00:00",1,19.91
D,P5MIN,CONSTRAINTSOLUTION,6,"2019/05/16 06:05:00",0,"2019/05/16 07:00:00",F_MAIN+APD_TL_L60,-9837.58766,0,0,"2019/05/16 06:00:26",,"2014/03/03 00:00:00",1,99.54
D,P5MIN,CONSTRAINTSOLUTION,6,"2019/05/16 06:05:00",0,"2019/05/16 07:00:00",F_MAIN+BLFCTRL_L5,-60.1768,0,0,"2019/05/16 06:00:26",,"2014/07/01 00:00:00",1,317.34
D,P5MIN,CONSTRAINTSOLUTION,6,"2019/05/16 06:05:00",0,"2019/05/16 07:00:00",F_MAIN+BLFCTRL_L6,-291.79816,0,0,"2019/05/16 06:00:26",,"2014/07/01 00:00:00",1,19.91
D,P5MIN,CONSTRAINTSOLUTION,6,"2019/05/16 06:05:00",0,"2019/05/16 07:00:00",F_MAIN+BLFCTRL_L60,-291.79816,0,0,"2019/05/16 06:00:26",,"2014/07/01 00:00:00",1,99.54
D,P5MIN,CONSTRAINTSOLUTION,6,"2019/05/16 06:05:00",0,"2019/05/16 07:00:00",F_MAIN+BLFCTRL_R5,50.7337,0,0,"2019/05/16 06:00:26",,"2014/07/01 00:00:00",1,600.73
D,P5MIN,CONSTRAINTSOLUTION,6,"2019/05/16 06:05:00",0,"2019/05/16 07:00:00",F_MAIN+BLFCTRL_R6,-180.88765,0,0,"2019/05/16 06:00:26",,"2014/07/01 00:00:00",1,369.11
D,P5MIN,CONSTRAINTSOLUTION,6,"2019/05/16 06:05:00",0,"2019/05/16 07:00:00",F_MAIN+BLFCTRL_R60,-180.88765,0,0,"2019/05/16 06:00:26",,"2014/07/01 00:00:00",1,369.11
D,P5MIN,CONSTRAINTSOLUTION,6,"2019/05/16 06:05:00",0,"2019/05/16 07:00:00",F_MAIN+LREG_0120,-9880,0,0,"2019/05/16 06:00:26",,"2013/08/21 00:00:00",1,147
D,P5MIN,CONSTRAINTSOLUTION,6,"2019/05/16 06:05:00",0,"2019/05/16 07:00:00",F_MAIN+LREG_0190,-9810,0,0,"2019/05/16 06:00:26",,"2019/04/16 00:00:00",1,147
D,P5MIN,CONSTRAINTSOLUTION,6,"2019/05/16 06:05:00",0,"2019/05/16 07:00:00",F_MAIN+ML_L5_0400,-9699.2663,0,0,"2019/05/16 06:00:26",,"2013/08/21 00:00:00",1,317.34
D,P5MIN,CONSTRAINTSOLUTION,6,"2019/05/16 06:05:00",0,"2019/05/16 07:00:00",F_MAIN+ML_L60_0400,-9930.88765,0,0,"2019/05/16 06:00:26",,"2013/08/21 00:00:00",1,99.54
D,P5MIN,CONSTRAINTSOLUTION,6,"2019/05/16 06:05:00",0,"2019/05/16 07:00:00",F_MAIN+ML_L6_0400,-9930.88765,0,0,"2019/05/16 06:00:26",,"2013/08/21 00:00:00",1,19.91
D,P5MIN,CONSTRAINTSOLUTION,6,"2019/05/16 06:05:00",0,"2019/05/16 07:00:00",F_MAIN+NIL_DYN_LREG,0,0,0,"2019/05/16 06:00:26",,"2019/03/22 00:00:00",2,147
D,P5MIN,CONSTRAINTSOLUTION,6,"2019/05/16 06:05:00",0,"2019/05/16 07:00:00",F_MAIN+NIL_DYN_RREG,0,0,0,"2019/05/16 06:00:26",,"2019/03/22 00:00:00",2,150
D,P5MIN,CONSTRAINTSOLUTION,6,"2019/05/16 06:05:00",0,"2019/05/16 07:00:00",F_MAIN+NIL_MG_R5,-9349.2663,0,0,"2019/05/16 06:00:26",,"2013/08/21 00:00:00",1,600.73
D,P5MIN,CONSTRAINTSOLUTION,6,"2019/05/16 06:05:00",0,"2019/05/16 07:00:00",F_MAIN+NIL_MG_R6,-9580.88765,0,0,"2019/05/16 06:00:26",,"2013/08/21 00:00:00",1,369.11
D,P5MIN,CONSTRAINTSOLUTION,6,"2019/05/16 06:05:00",0,"2019/05/16 07:00:00",F_MAIN+NIL_MG_R60,-9580.88765,0,0,"2019/05/16 06:00:26",,"2013/08/21 00:00:00",1,369.11
D,P5MIN,CONSTRAINTSOLUTION,6,"2019/05/16 06:05:00",0,"2019/05/16 07:00:00",F_MAIN+NIL_RREG,-9870,0,0,"2019/05/16 06:00:26",,"2018/12/12 00:00:00",1,150
D,P5MIN,CONSTRAINTSOLUTION,6,"2019/05/16 06:05:00",0,"2019/05/16 07:00:00",F_MAIN+RREG_0200,-9800,0,0,"2019/05/16 06:00:26",,"2013/08/21 00:00:00",1,150
D,P5MIN,CONSTRAINTSOLUTION,6,"2019/05/16 06:05:00",0,"2019/05/16 07:00:00",F_MAIN+TASCAP_LREG,70,0,0,"2019/05/16 06:00:26",,"2019/01/11 00:00:00",1,147
D,P5MIN,CONSTRAINTSOLUTION,6,"2019/05/16 06:05:00",0,"2019/05/16 07:00:00",F_MAIN+TASCAP_RREG,80,0,0,"2019/05/16 06:00:26",,"2019/01/11 00:00:00",1,150
D,P5MIN,CONSTRAINTSOLUTION,6,"2019/05/16 06:05:00",0,"2019/05/16 07:00:00",F_MAIN+WIP_N-2_MLL60,-10330.88765,0,0,"2019/05/16 06:00:26",,"2017/05/16 00:00:00",1,99.54
D,P5MIN,CONSTRAINTSOLUTION,6,"2019/05/16 06:05:00",0,"2019/05/16 07:00:00",F_MAIN+WIP_N-2_ML_L5,-10099.2663,0,0,"2019/05/16 06:00:26",,"2017/05/16 00:00:00",1,317.34
D,P5MIN,CONSTRAINTSOLUTION,6,"2019/05/16 06:05:00",0,"2019/05/16 07:00:00",F_MAIN+WIP_N-2_ML_L6,-10330.88765,0,0,"2019/05/16 06:00:26",,"2017/05/16 00:00:00",1,19.91
D,P5MIN,CONSTRAINTSOLUTION,6,"2019/05/16 06:05:00",0,"2019/05/16 07:00:00",F_MAIN+WIV_N-2_MGR60,-10330.88765,0,0,"2019/05/16 06:00:26",,"2017/05/16 00:00:00",1,369.11
D,P5MIN,CONSTRAINTSOLUTION,6,"2019/05/16 06:05:00",0,"2019/05/16 07:00:00",F_MAIN+WIV_N-2_MG_R5,-10099.2663,0,0,"2019/05/16 06:00:26",,"2017/05/16 00:00:00",1,600.73
D,P5MIN,CONSTRAINTSOLUTION,6,"2019/05/16 06:05:00",0,"2019/05/16 07:00:00",F_MAIN+WIV_N-2_MG_R6,-10330.88765,0,0,"2019/05/16 06:00:26",,"2017/05/16 00:00:00",1,369.11
D,P5MIN,CONSTRAINTSOLUTION,6,"2019/05/16 06:05:00",0,"2019/05/16 07:00:00",F_Q++NIL_R5,1360,0,0,"2019/05/16 06:00:26",,"2013/10/02 00:00:00",1,756.85177
D,P5MIN,CONSTRAINTSOLUTION,6,"2019/05/16 06:05:00",0,"2019/05/16 07:00:00",F_Q++NIL_R6,1360,0,0,"2019/05/16 06:00:26",,"2013/10/02 00:00:00",1,697.85177
D,P5MIN,CONSTRAINTSOLUTION,6,"2019/05/16 06:05:00",0,"2019/05/16 07:00:00",F_Q++NIL_R60,1360,0,0,"2019/05/16 06:00:26",,"2013/10/02 00:00:00",1,696.85177
D,P5MIN,CONSTRAINTSOLUTION,6,"2019/05/16 06:05:00",0,"2019/05/16 07:00:00",F_Q_W/HOE_R5,10000,0,0,"2019/05/16 06:00:26",,"2017/05/17 00:00:00",1,60
D,P5MIN,CONSTRAINTSOLUTION,6,"2019/05/16 06:05:00",0,"2019/05/16 07:00:00",F_Q_W/HOE_R60,10000,0,0,"2019/05/16 06:00:26",,"2017/05/17 00:00:00",1,0
D,P5MIN,CONSTRAINTSOLUTION,6,"2019/05/16 06:05:00",0,"2019/05/16 07:00:00",F_S+NIL_HPR_G+L_LREG,300000,0,0,"2019/05/16 06:00:26",,"2017/11/13 00:00:00",1,40
D,P5MIN,CONSTRAINTSOLUTION,6,"2019/05/16 06:05:00",0,"2019/05/16 07:00:00",F_S+NIL_HPR_G+L_RREG,300000,0,0,"2019/05/16 06:00:26",,"2017/11/13 00:00:00",1,30
D,P5MIN,CONSTRAINTSOLUTION,6,"2019/05/16 06:05:00",0,"2019/05/16 07:00:00",F_T++LREG_0050,100,0,0,"2019/05/16 06:00:26",,"2015/01/29 00:00:00",1,143
D,P5MIN,CONSTRAINTSOLUTION,6,"2019/05/16 06:05:00",0,"2019/05/16 07:00:00",F_T++NIL_BB_TG_R5,-10053.81326,0,0,"2019/05/16 06:00:26",,"2016/04/12 00:00:00",1,-36.43
D,P5MIN,CONSTRAINTSOLUTION,6,"2019/05/16 06:05:00",0,"2019/05/16 07:00:00",F_T++NIL_BB_TG_R6,-10162.6429,0,0,"2019/05/16 06:00:26",,"2016/04/12 00:00:00",1,-38.33
D,P5MIN,CONSTRAINTSOLUTION,6,"2019/05/16 06:05:00",0,"2019/05/16 07:00:00",F_T++NIL_BB_TG_R60,-9984.6648,0,0,"2019/05/16 06:00:26",,"2016/04/12 00:00:00",1,-22.91
D,P5MIN,CONSTRAINTSOLUTION,6,"2019/05/16 06:05:00",0,"2019/05/16 07:00:00",F_T++NIL_BLSPS_L5,-20000.0001,0,0,"2019/05/16 06:00:26",,"2013/08/21 00:00:00",1,167.558
D,P5MIN,CONSTRAINTSOLUTION,6,"2019/05/16 06:05:00",0,"2019/05/16 07:00:00",F_T++NIL_BLSPS_L60_1,-20000.0001,0,0,"2019/05/16 06:00:26",,"2013/08/21 00:00:00",1,132.293
D,P5MIN,CONSTRAINTSOLUTION,6,"2019/05/16 06:05:00",0,"2019/05/16 07:00:00",F_T++NIL_BLSPS_L60_2,-20000.0001,0,0,"2019/05/16 06:00:26",,"2013/08/21 00:00:00",1,310.234
D,P5MIN,CONSTRAINTSOLUTION,6,"2019/05/16 06:05:00",0,"2019/05/16 07:00:00",F_T++NIL_BLSPS_L60_3,-20000.0001,0,0,"2019/05/16 06:00:26",,"2013/08/21 00:00:00",1,526.509
D,P5MIN,CONSTRAINTSOLUTION,6,"2019/05/16 06:05:00",0,"2019/05/16 07:00:00",F_T++NIL_BLSPS_L60_4,-20000.0001,0,0,"2019/05/16 06:00:26",,"2013/08/21 00:00:00",1,832.934
D,P5MIN,CONSTRAINTSOLUTION,6,"2019/05/16 06:05:00",0,"2019/05/16 07:00:00",F_T++NIL_BLSPS_L6_1,-20000.0001,0,0,"2019/05/16 06:00:26",,"2013/08/21 00:00:00",1,86.338
D,P5MIN,CONSTRAINTSOLUTION,6,"2019/05/16 06:05:00",0,"2019/05/16 07:00:00",F_T++NIL_BLSPS_L6_2,-20000.0001,0,0,"2019/05/16 06:00:26",,"2013/08/21 00:00:00",1,209.199
D,P5MIN,CONSTRAINTSOLUTION,6,"2019/05/16 06:05:00",0,"2019/05/16 07:00:00",F_T++NIL_BLSPS_L6_3,-20000.0001,0,0,"2019/05/16 06:00:26",,"2013/08/21 00:00:00",1,375.816
D,P5MIN,CONSTRAINTSOLUTION,6,"2019/05/16 06:05:00",0,"2019/05/16 07:00:00",F_T++NIL_BLSPS_L6_4,-20000.0001,0,0,"2019/05/16 06:00:26",,"2013/08/21 00:00:00",1,619.41
D,P5MIN,CONSTRAINTSOLUTION,6,"2019/05/16 06:05:00",0,"2019/05/16 07:00:00",F_T++NIL_BLSPS_R5,-10000.0001,0,0,"2019/05/16 06:00:26",,"2013/08/21 00:00:00",1,-25.158
D,P5MIN,CONSTRAINTSOLUTION,6,"2019/05/16 06:05:00",0,"2019/05/16 07:00:00",F_T++NIL_BLSPS_R60_1,-10000.0001,0,0,"2019/05/16 06:00:26",,"2013/08/21 00:00:00",1,-44.447
D,P5MIN,CONSTRAINTSOLUTION,6,"2019/05/16 06:05:00",0,"2019/05/16 07:00:00",F_T++NIL_BLSPS_R60_2,-10000.0001,0,0,"2019/05/16 06:00:26",,"2013/08/21 00:00:00",1,-123.926
D,P5MIN,CONSTRAINTSOLUTION,6,"2019/05/16 06:05:00",0,"2019/05/16 07:00:00",F_T++NIL_BLSPS_R60_3,-10000.0001,0,0,"2019/05/16 06:00:26",,"2013/08/21 00:00:00",1,-203.165
D,P5MIN,CONSTRAINTSOLUTION,6,"2019/05/16 06:05:00",0,"2019/05/16 07:00:00",F_T++NIL_BLSPS_R60_4,-10000.0001,0,0,"2019/05/16 06:00:26",,"2013/08/21 00:00:00",1,-323.249
D,P5MIN,CONSTRAINTSOLUTION,6,"2019/05/16 06:05:00",0,"2019/05/16 07:00:00",F_T++NIL_BLSPS_R6_1,-10000.0001,0,0,"2019/05/16 06:00:26",,"2013/08/21 00:00:00",1,-37.465
D,P5MIN,CONSTRAINTSOLUTION,6,"2019/05/16 06:05:00",0,"2019/05/16 07:00:00",F_T++NIL_BLSPS_R6_2,-10000.0001,0,0,"2019/05/16 06:00:26",,"2013/08/21 00:00:00",1,-116.847
D,P5MIN,CONSTRAINTSOLUTION,6,"2019/05/16 06:05:00",0,"2019/05/16 07:00:00",F_T++NIL_BLSPS_R6_3,-10000.0001,0,0,"2019/05/16 06:00:26",,"2013/08/21 00:00:00",1,-191.37
D,P5MIN,CONSTRAINTSOLUTION,6,"2019/05/16 06:05:00",0,"2019/05/16 07:00:00",F_T++NIL_BLSPS_R6_4,-10000.0001,0,0,"2019/05/16 06:00:26",,"2013/08/21 00:00:00",1,-258.699
D,P5MIN,CONSTRAINTSOLUTION,6,"2019/05/16 06:05:00",0,"2019/05/16 07:00:00",F_T++NIL_MG_R5,-9937.29294,0,0,"2019/05/16 06:00:26",,"2016/04/12 00:00:00",1,-36.43
D,P5MIN,CONSTRAINTSOLUTION,6,"2019/05/16 06:05:00",0,"2019/05/16 07:00:00",F_T++NIL_MG_R6,-9987.97932,0,0,"2019/05/16 06:00:26",,"2016/04/12 00:00:00",1,-38.33
D,P5MIN,CONSTRAINTSOLUTION,6,"2019/05/16 06:05:00",0,"2019/05/16 07:00:00",F_T++NIL_MG_R60,-9896.79951,0,0,"2019/05/16 06:00:26",,"2016/04/12 00:00:00",1,-22.91
D,P5MIN,CONSTRAINTSOLUTION,6,"2019/05/16 06:05:00",0,"2019/05/16 07:00:00",F_T++NIL_MG_RECL_R5,-9949.73151,0,0,"2019/05/16 06:00:26",,"2016/12/02 00:00:00",1,-36.43
D,P5MIN,CONSTRAINTSOLUTION,6,"2019/05/16 06:05:00",0,"2019/05/16 07:00:00",F_T++NIL_MG_RECL_R6,-10004.95267,0,0,"2019/05/16 06:00:26",,"2016/12/02 00:00:00",1,-38.33
D,P5MIN,CONSTRAINTSOLUTION,6,"2019/05/16 06:05:00",0,"2019/05/16 07:00:00",F_T++NIL_MG_RECL_R60,-9906.62774,0,0,"2019/05/16 06:00:26",,"2016/12/02 00:00:00",1,-22.91
D,P5MIN,CONSTRAINTSOLUTION,6,"2019/05/16 06:05:00",0,"2019/05/16 07:00:00",F_T++NIL_ML_L5,100.1449,0,0,"2019/05/16 06:00:26",,"2016/04/12 00:00:00",1,173
D,P5MIN,CONSTRAINTSOLUTION,6,"2019/05/16 06:05:00",0,"2019/05/16 07:00:00",F_T++NIL_ML_L6,85.54863,0,0,"2019/05/16 06:00:26",,"2016/04/12 00:00:00",1,100
D,P5MIN,CONSTRAINTSOLUTION,6,"2019/05/16 06:05:00",0,"2019/05/16 07:00:00",F_T++NIL_ML_L60,105.47175,0,0,"2019/05/16 06:00:26",,"2016/04/12 00:00:00",1,113.67
D,P5MIN,CONSTRAINTSOLUTION,6,"2019/05/16 06:05:00",0,"2019/05/16 07:00:00",F_T++NIL_TL_L5_DS,-9833.02881,0,0,"2019/05/16 06:00:26",,"2016/10/25 00:00:00",1,173
D,P5MIN,CONSTRAINTSOLUTION,6,"2019/05/16 06:05:00",0,"2019/05/16 07:00:00",F_T++NIL_TL_L60_DS,-9832.498,0,0,"2019/05/16 06:00:26",,"2016/10/25 00:00:00",1,113.67
D,P5MIN,CONSTRAINTSOLUTION,6,"2019/05/16 06:05:00",0,"2019/05/16 07:00:00",F_T++NIL_TL_L6_DS,-9824.27502,0,0,"2019/05/16 06:00:26",,"2016/10/25 00:00:00",1,100
D,P5MIN,CONSTRAINTSOLUTION,6,"2019/05/16 06:05:00",0,"2019/05/16 07:00:00",F_T++NIL_WF_TG_R5,-10029.06704,0,0,"2019/05/16 06:00:26",,"2016/04/12 00:00:00",1,-36.43
D,P5MIN,CONSTRAINTSOLUTION,6,"2019/05/16 06:05:00",0,"2019/05/16 07:00:00",F_T++NIL_WF_TG_R6,-10129.68561,0,0,"2019/05/16 06:00:26",,"2016/04/12 00:00:00",1,-38.33
D,P5MIN,CONSTRAINTSOLUTION,6,"2019/05/16 06:05:00",0,"2019/05/16 07:00:00",F_T++NIL_WF_TG_R60,-9964.50186,0,0,"2019/05/16 06:00:26",,"2016/04/12 00:00:00",1,-22.91
D,P5MIN,CONSTRAINTSOLUTION,6,"2019/05/16 06:05:00",0,"2019/05/16 07:00:00",F_T++RREG_0050,-428,0,0,"2019/05/16 06:00:26",,"2015/01/29 00:00:00",1,-50
D,P5MIN,CONSTRAINTSOLUTION,6,"2019/05/16 06:05:00",0,"2019/05/16 07:00:00",F_T+LREG_0050,-9950,0,0,"2019/05/16 06:00:26",,"2015/01/29 00:00:00",1,43
D,P5MIN,CONSTRAINTSOLUTION,6,"2019/05/16 06:05:00",0,"2019/05/16 07:00:00",F_T+NIL_BB_TG_R5,-49.9999,0,0,"2019/05/16 06:00:26",,"2016/04/12 00:00:00",1,63.57
D,P5MIN,CONSTRAINTSOLUTION,6,"2019/05/16 06:05:00",0,"2019/05/16 07:00:00",F_T+NIL_BB_TG_R6,0.0001,0,0,"2019/05/16 06:00:26",,"2016/04/12 00:00:00",1,61.67
D,P5MIN,CONSTRAINTSOLUTION,6,"2019/05/16 06:05:00",0,"2019/05/16 07:00:00",F_T+NIL_BB_TG_R60,0.0001,0,0,"2019/05/16 06:00:26",,"2016/04/12 00:00:00",1,77.09
D,P5MIN,CONSTRAINTSOLUTION,6,"2019/05/16 06:05:00",0,"2019/05/16 07:00:00",F_T+NIL_MG_R5,63.57223,2,0,"2019/05/16 06:00:26",,"2016/04/12 00:00:00",1,63.57
D,P5MIN,CONSTRAINTSOLUTION,6,"2019/05/16 06:05:00",0,"2019/05/16 07:00:00",F_T+NIL_MG_R6,61.66973,0.49,0,"2019/05/16 06:00:26",,"2016/04/12 00:00:00",1,61.67
D,P5MIN,CONSTRAINTSOLUTION,6,"2019/05/16 06:05:00",0,"2019/05/16 07:00:00",F_T+NIL_MG_R60,77.08714,4,0,"2019/05/16 06:00:26",,"2016/04/12 00:00:00",1,77.09
D,P5MIN,CONSTRAINTSOLUTION,6,"2019/05/16 06:05:00",0,"2019/05/16 07:00:00",F_T+NIL_MG_RECL_R5,51.85029,0,0,"2019/05/16 06:00:26",,"2016/12/02 00:00:00",1,63.57
D,P5MIN,CONSTRAINTSOLUTION,6,"2019/05/16 06:05:00",0,"2019/05/16 07:00:00",F_T+NIL_MG_RECL_R6,48.66846,0,0,"2019/05/16 06:00:26",,"2016/12/02 00:00:00",1,61.67
D,P5MIN,CONSTRAINTSOLUTION,6,"2019/05/16 06:05:00",0,"2019/05/16 07:00:00",F_T+NIL_MG_RECL_R60,60.83555,0,0,"2019/05/16 06:00:26",,"2016/12/02 00:00:00",1,77.09
D,P5MIN,CONSTRAINTSOLUTION,6,"2019/05/16 06:05:00",0,"2019/05/16 07:00:00",F_T+NIL_ML_L5,-9935.535,0,0,"2019/05/16 06:00:26",,"2016/04/12 00:00:00",1,73
D,P5MIN,CONSTRAINTSOLUTION,6,"2019/05/16 06:05:00",0,"2019/05/16 07:00:00",F_T+NIL_ML_L6,-9939.87486,0,0,"2019/05/16 06:00:26",,"2016/04/12 00:00:00",1,0
D,P5MIN,CONSTRAINTSOLUTION,6,"2019/05/16 06:05:00",0,"2019/05/16 07:00:00",F_T+NIL_ML_L60,-9924.84357,0,0,"2019/05/16 06:00:26",,"2016/04/12 00:00:00",1,13.67
D,P5MIN,CONSTRAINTSOLUTION,6,"2019/05/16 06:05:00",0,"2019/05/16 07:00:00",F_T+NIL_TL_L5_DS,-19883.99803,0,0,"2019/05/16 06:00:26",,"2016/10/25 00:00:00",1,73
D,P5MIN,CONSTRAINTSOLUTION,6,"2019/05/16 06:05:00",0,"2019/05/16 07:00:00",F_T+NIL_TL_L60_DS,-19859.5363,0,0,"2019/05/16 06:00:26",,"2016/10/25 00:00:00",1,13.67
D,P5MIN,CONSTRAINTSOLUTION,6,"2019/05/16 06:05:00",0,"2019/05/16 07:00:00",F_T+NIL_TL_L6_DS,-19887.62904,0,0,"2019/05/16 06:00:26",,"2016/10/25 00:00:00",1,0
D,P5MIN,CONSTRAINTSOLUTION,6,"2019/05/16 06:05:00",0,"2019/05/16 07:00:00",F_T+NIL_WF_TG_R5,-30.60733,0,0,"2019/05/16 06:00:26",,"2016/04/12 00:00:00",1,63.57
D,P5MIN,CONSTRAINTSOLUTION,6,"2019/05/16 06:05:00",0,"2019/05/16 07:00:00",F_T+NIL_WF_TG_R6,0.0001,0,0,"2019/05/16 06:00:26",,"2016/04/12 00:00:00",1,61.67
D,P5MIN,CONSTRAINTSOLUTION,6,"2019/05/16 06:05:00",0,"2019/05/16 07:00:00",F_T+NIL_WF_TG_R60,0.0001,0,0,"2019/05/16 06:00:26",,"2016/04/12 00:00:00",1,77.09
D,P5MIN,CONSTRAINTSOLUTION,6,"2019/05/16 06:05:00",0,"2019/05/16 07:00:00",F_T+RREG_0050,-9950,0,0,"2019/05/16 06:00:26",,"2015/01/29 00:00:00",1,50
D,P5MIN,CONSTRAINTSOLUTION,6,"2019/05/16 06:05:00",0,"2019/05/16 07:00:00",F_TASCAP_LREG_0190,140,0,0,"2019/05/16 06:00:26",,"2019/04/16 00:00:00",1,147
D,P5MIN,CONSTRAINTSOLUTION,6,"2019/05/16 06:05:00",0,"2019/05/16 07:00:00",F_TASCAP_RREG_0200,150,10.61639,0,"2019/05/16 06:00:26",,"2019/03/18 00:00:00",1,150
D,P5MIN,CONSTRAINTSOLUTION,6,"2019/05/16 06:05:00",0,"2019/05/16 07:00:00",F_T_NIL_MINP_R6,35,0.96,0,"2019/05/16 06:00:26",,"2018/04/30 00:00:00",1,35.00027
D,P5MIN,CONSTRAINTSOLUTION,6,"2019/05/16 06:05:00",0,"2019/05/16 07:00:00",N::Q_BWLD_KC,1277.36503,0,0,"2019/05/16 06:00:26",,"2018/01/19 00:00:00",1,234.36653
D,P5MIN,CONSTRAINTSOLUTION,6,"2019/05/16 06:05:00",0,"2019/05/16 07:00:00",N::Q_BWLD_LDMU,698.19169,0,0,"2019/05/16 06:00:26",,"2018/01/19 00:00:00",1,-808.77137
D,P5MIN,CONSTRAINTSOLUTION,6,"2019/05/16 06:05:00",0,"2019/05/16 07:00:00",N::Q_BWLD_LDTW,611.06544,0,0,"2019/05/16 06:00:26",,"2018/01/19 00:00:00",1,-812.64037
D,P5MIN,CONSTRAINTSOLUTION,6,"2019/05/16 06:05:00",0,"2019/05/16 07:00:00",N::Q_BWLD_TNT,1313.44266,0,0,"2019/05/16 06:00:26",,"2018/01/19 00:00:00",1,-90.84007
D,P5MIN,CONSTRAINTSOLUTION,6,"2019/05/16 06:05:00",0,"2019/05/16 07:00:00",N::Q_NIL_KC,1357.36503,0,0,"2019/05/16 06:00:26",,"2017/12/06 00:00:00",1,234.36653
D,P5MIN,CONSTRAINTSOLUTION,6,"2019/05/16 06:05:00",0,"2019/05/16 07:00:00",N::Q_NIL_LDMU,778.19169,0,0,"2019/05/16 06:00:26",,"2017/12/06 00:00:00",1,-808.77137
D,P5MIN,CONSTRAINTSOLUTION,6,"2019/05/16 06:05:00",0,"2019/05/16 07:00:00",N::Q_NIL_LDTW,691.06544,0,0,"2019/05/16 06:00:26",,"2017/12/06 00:00:00",1,-812.64037
D,P5MIN,CONSTRAINTSOLUTION,6,"2019/05/16 06:05:00",0,"2019/05/16 07:00:00",N::Q_NIL_TNT,1393.44266,0,0,"2019/05/16 06:00:26",,"2017/12/06 00:00:00",1,-90.84007
D,P5MIN,CONSTRAINTSOLUTION,6,"2019/05/16 06:05:00",0,"2019/05/16 07:00:00",N::V_NIL_BWSW,1510.59418,0,0,"2019/05/16 06:00:26",,"2018/06/26 00:00:00",1,-280.26578
D,P5MIN,CONSTRAINTSOLUTION,6,"2019/05/16 06:05:00",0,"2019/05/16 07:00:00",N::V_NIL_MSDD,1462.35786,0,0,"2019/05/16 06:00:26",,"2018/06/26 00:00:00",1,-221.43656
D,P5MIN,CONSTRAINTSOLUTION,6,"2019/05/16 06:05:00",0,"2019/05/16 07:00:00",N::V_NIL_UTMS,1667.28582,0,0,"2019/05/16 06:00:26",,"2018/06/26 00:00:00",1,-280.26578
D,P5MIN,CONSTRAINTSOLUTION,6,"2019/05/16 06:05:00",0,"2019/05/16 07:00:00",N:V_NIL_BWRG,1193.46755,0,0,"2019/05/16 06:00:26",,"2018/06/26 00:00:00",1,-280.26578
D,P5MIN,CONSTRAINTSOLUTION,6,"2019/05/16 06:05:00",0,"2019/05/16 07:00:00",N:V_NIL_BYYS,1647.87711,0,0,"2019/05/16 06:00:26",,"2018/06/26 00:00:00",1,-280.26578
D,P5MIN,CONSTRAINTSOLUTION,6,"2019/05/16 06:05:00",0,"2019/05/16 07:00:00",N>>N-BWLD_ONE_A,1189.88512,0,0,"2019/05/16 06:00:26",,"2019/03/04 00:00:00",1,-1425.22592
D,P5MIN,CONSTRAINTSOLUTION,6,"2019/05/16 06:05:00",0,"2019/05/16 07:00:00",N>>N-BWLD_ONE_B,2882.23262,0,0,"2019/05/16 06:00:26",,"2019/03/04 00:00:00",1,1425.22592
D,P5MIN,CONSTRAINTSOLUTION,6,"2019/05/16 06:05:00",0,"2019/05/16 07:00:00",N>>N-BWLD_ONE_C,1847.14994,0,0,"2019/05/16 06:00:26",,"2019/03/04 00:00:00",1,-951.08875
D,P5MIN,CONSTRAINTSOLUTION,6,"2019/05/16 06:05:00",0,"2019/05/16 07:00:00",N>>N-BWLD_ONE_D,2664.44424,0,0,"2019/05/16 06:00:26",,"2019/03/04 00:00:00",1,1505.41667
D,P5MIN,CONSTRAINTSOLUTION,6,"2019/05/16 06:05:00",0,"2019/05/16 07:00:00",N>>N-BWLD_ONE_E,2723.27764,0,0,"2019/05/16 06:00:26",,"2019/03/04 00:00:00",1,1496.02232
D,P5MIN,CONSTRAINTSOLUTION,6,"2019/05/16 06:05:00",0,"2019/05/16 07:00:00",N>>N-BYSW_A1_15M,3741.25642,0,0,"2019/05/16 06:00:26",,"2019/03/04 00:00:00",1,676.07152
D,P5MIN,CONSTRAINTSOLUTION,6,"2019/05/16 06:05:00",0,"2019/05/16 07:00:00",N>>N-BYSW_A2_15M,1206.10995,0,0,"2019/05/16 06:00:26",,"2019/03/04 00:00:00",1,-676.07152
D,P5MIN,CONSTRAINTSOLUTION,6,"2019/05/16 06:05:00",0,"2019/05/16 07:00:00",N>>N-BYSW_B,3733.58055,0,0,"2019/05/16 06:00:26",,"2019/03/04 00:00:00",1,1515.52847
D,P5MIN,CONSTRAINTSOLUTION,6,"2019/05/16 06:05:00",0,"2019/05/16 07:00:00",N>>N-BYSW_C,3921.65653,0,0,"2019/05/16 06:00:26",,"2019/03/04 00:00:00",1,2211.7904
D,P5MIN,CONSTRAINTSOLUTION,6,"2019/05/16 06:05:00",0,"2019/05/16 07:00:00",N>>N-BYSW_G1_15M,3945.58302,0,0,"2019/05/16 06:00:26",,"2019/03/04 00:00:00",1,675.61642
D,P5MIN,CONSTRAINTSOLUTION,6,"2019/05/16 06:05:00",0,"2019/05/16 07:00:00",N>>N-BYSW_G2_15M,1486.21099,0,0,"2019/05/16 06:00:26",,"2019/03/04 00:00:00",1,-675.61642
D,P5MIN,CONSTRAINTSOLUTION,6,"2019/05/16 06:05:00",0,"2019/05/16 07:00:00",N>>N-BYSW_H_15M,3945.29995,0,0,"2019/05/16 06:00:26",,"2019/03/04 00:00:00",1,675.61642
D,P5MIN,CONSTRAINTSOLUTION,6,"2019/05/16 06:05:00",0,"2019/05/16 07:00:00",N>>N-BYSW_J,3782.70004,0,0,"2019/05/16 06:00:26",,"2019/03/04 00:00:00",1,1525.74206
D,P5MIN,CONSTRAINTSOLUTION,6,"2019/05/16 06:05:00",0,"2019/05/16 07:00:00",N>>N-BYSW_K,3653.18104,0,0,"2019/05/16 06:00:26",,"2019/03/04 00:00:00",1,1281.1024
D,P5MIN,CONSTRAINTSOLUTION,6,"2019/05/16 06:05:00",0,"2019/05/16 07:00:00",N>>N-KC_TX_01,2973.47388,0,0,"2019/05/16 06:00:26",,"2019/03/04 00:00:00",1,2581.83252
D,P5MIN,CONSTRAINTSOLUTION,6,"2019/05/16 06:05:00",0,"2019/05/16 07:00:00",N>>N-KC_TX_02,3900.66016,0,0,"2019/05/16 06:00:26",,"2019/03/04 00:00:00",1,2888.2225
D,P5MIN,CONSTRAINTSOLUTION,6,"2019/05/16 06:05:00",0,"2019/05/16 07:00:00",N>>N-KC_TX_03,3912.07577,0,0,"2019/05/16 06:00:26",,"2019/03/04 00:00:00",1,2938.37544
D,P5MIN,CONSTRAINTSOLUTION,6,"2019/05/16 06:05:00",0,"2019/05/16 07:00:00",N>>N-KC_TX_05,3912.95307,0,0,"2019/05/16 06:00:26",,"2019/03/04 00:00:00",1,2773.92128
D,P5MIN,CONSTRAINTSOLUTION,6,"2019/05/16 06:05:00",0,"2019/05/16 07:00:00",N>>N-KC_TX_06,3836.84454,0,0,"2019/05/16 06:00:26",,"2019/03/04 00:00:00",1,3204.19486
D,P5MIN,CONSTRAINTSOLUTION,6,"2019/05/16 06:05:00",0,"2019/05/16 07:00:00",N>>N-NIL_01N,2236.82952,0,0,"2019/05/16 06:00:26",,"2019/03/01 00:00:00",1,345.80298
D,P5MIN,CONSTRAINTSOLUTION,6,"2019/05/16 06:05:00",0,"2019/05/16 07:00:00",N>>N-NIL_01S,531.87938,0,0,"2019/05/16 06:00:26",,"2019/03/01 00:00:00",1,-345.80298
D,P5MIN,CONSTRAINTSOLUTION,6,"2019/05/16 06:05:00",0,"2019/05/16 07:00:00",N>>N-NIL_03,531.5502,0,0,"2019/05/16 06:00:26",,"2019/03/01 00:00:00",1,-345.80298
D,P5MIN,CONSTRAINTSOLUTION,6,"2019/05/16 06:05:00",0,"2019/05/16 07:00:00",N>>N-NIL_17N,4000.85199,0,0,"2019/05/16 06:00:26",,"2019/03/01 00:00:00",1,672.22166
D,P5MIN,CONSTRAINTSOLUTION,6,"2019/05/16 06:05:00",0,"2019/05/16 07:00:00",N>>N-NIL_17S,1462.48128,0,0,"2019/05/16 06:00:26",,"2019/03/01 00:00:00",1,-672.22166
D,P5MIN,CONSTRAINTSOLUTION,6,"2019/05/16 06:05:00",0,"2019/05/16 07:00:00",N>>N-NIL_1A,1292.14525,0,0,"2019/05/16 06:00:26",,"2019/02/28 00:00:00",1,-1446.10371
D,P5MIN,CONSTRAINTSOLUTION,6,"2019/05/16 06:05:00",0,"2019/05/16 07:00:00",N>>N-NIL_1E_OPENED,5913.79456,0,0,"2019/05/16 06:00:26",,"2019/02/28 00:00:00",1,1654.25495
D,P5MIN,CONSTRAINTSOLUTION,6,"2019/05/16 06:05:00",0,"2019/05/16 07:00:00",N>>N-NIL_1G,4613.72719,0,0,"2019/05/16 06:00:26",,"2019/02/28 00:00:00",1,3545.31029
D,P5MIN,CONSTRAINTSOLUTION,6,"2019/05/16 06:05:00",0,"2019/05/16 07:00:00",N>>N-NIL_1N_OPENED,6522.87229,0,0,"2019/05/16 06:00:26",,"2019/02/28 00:00:00",1,1647.96106
D,P5MIN,CONSTRAINTSOLUTION,6,"2019/05/16 06:05:00",0,"2019/05/16 07:00:00",N>>N-NIL_1O,7060.99113,0,0,"2019/05/16 06:00:26",,"2019/02/28 00:00:00",1,2250.9078
D,P5MIN,CONSTRAINTSOLUTION,6,"2019/05/16 06:05:00",0,"2019/05/16 07:00:00",N>>N-NIL_1R,4468.6858,0,0,"2019/05/16 06:00:26",,"2019/02/28 00:00:00",1,3271.23936
D,P5MIN,CONSTRAINTSOLUTION,6,"2019/05/16 06:05:00",0,"2019/05/16 07:00:00",N>>N-NIL_1S,6874.81035,0,0,"2019/05/16 06:00:26",,"2019/02/28 00:00:00",1,1658.1761
D,P5MIN,CONSTRAINTSOLUTION,6,"2019/05/16 06:05:00",0,"2019/05/16 07:00:00",N>>N-NIL_1T,8072.38923,0,0,"2019/05/16 06:00:26",,"2019/02/28 00:00:00",1,1643.28236
D,P5MIN,CONSTRAINTSOLUTION,6,"2019/05/16 06:05:00",0,"2019/05/16 07:00:00",N>>N-NIL_1WN,3791.4863,0,0,"2019/05/16 06:00:26",,"2019/03/01 00:00:00",1,673.14836
D,P5MIN,CONSTRAINTSOLUTION,6,"2019/05/16 06:05:00",0,"2019/05/16 07:00:00",N>>N-NIL_1WS,1192.2624,0,0,"2019/05/16 06:00:26",,"2019/03/01 00:00:00",1,-673.14836
D,P5MIN,CONSTRAINTSOLUTION,6,"2019/05/16 06:05:00",0,"2019/05/16 07:00:00",N>>N-NIL_1XN,3739.04429,0,0,"2019/05/16 06:00:26",,"2019/03/01 00:00:00",1,673.14989
D,P5MIN,CONSTRAINTSOLUTION,6,"2019/05/16 06:05:00",0,"2019/05/16 07:00:00",N>>N-NIL_1XS,1139.39106,0,0,"2019/05/16 06:00:26",,"2019/03/01 00:00:00",1,-673.14989
D,P5MIN,CONSTRAINTSOLUTION,6,"2019/05/16 06:05:00",0,"2019/05/16 07:00:00",N>>N-NIL_1Y,4001.191,0,0,"2019/05/16 06:00:26",,"2019/03/01 00:00:00",1,672.21988
D,P5MIN,CONSTRAINTSOLUTION,6,"2019/05/16 06:05:00",0,"2019/05/16 07:00:00",N>>N-NIL_1YS,1462.57169,0,0,"2019/05/16 06:00:26",,"2019/03/01 00:00:00",1,-672.21988
D,P5MIN,CONSTRAINTSOLUTION,6,"2019/05/16 06:05:00",0,"2019/05/16 07:00:00",N>>N-NIL_1Z,4106.27258,0,0,"2019/05/16 06:00:26",,"2019/03/01 00:00:00",1,672.21988
D,P5MIN,CONSTRAINTSOLUTION,6,"2019/05/16 06:05:00",0,"2019/05/16 07:00:00",N>>N-NIL_1ZS,1568.0355,0,0,"2019/05/16 06:00:26",,"2019/03/01 00:00:00",1,-672.21988
D,P5MIN,CONSTRAINTSOLUTION,6,"2019/05/16 06:05:00",0,"2019/05/16 07:00:00",N>>N-NIL_23N,4105.96129,0,0,"2019/05/16 06:00:26",,"2019/03/01 00:00:00",1,672.21988
D,P5MIN,CONSTRAINTSOLUTION,6,"2019/05/16 06:05:00",0,"2019/05/16 07:00:00",N>>N-NIL_23S,1597.19532,0,0,"2019/05/16 06:00:26",,"2019/01/11 00:00:00",1,-672.14504
D,P5MIN,CONSTRAINTSOLUTION,6,"2019/05/16 06:05:00",0,"2019/05/16 07:00:00",N>>N-NIL_28,4350.5081,0,0,"2019/05/16 06:00:26",,"2019/02/28 00:00:00",1,1050.44397
D,P5MIN,CONSTRAINTSOLUTION,6,"2019/05/16 06:05:00",0,"2019/05/16 07:00:00",N>>N-NIL_29N,3792.39401,0,0,"2019/05/16 06:00:26",,"2019/03/01 00:00:00",1,644.42411
D,P5MIN,CONSTRAINTSOLUTION,6,"2019/05/16 06:05:00",0,"2019/05/16 07:00:00",N>>N-NIL_29S,1058.73975,0,0,"2019/05/16 06:00:26",,"2019/03/01 00:00:00",1,-671.21877
D,P5MIN,CONSTRAINTSOLUTION,6,"2019/05/16 06:05:00",0,"2019/05/16 07:00:00",N>>N-NIL_31N,3886.34831,0,0,"2019/05/16 06:00:26",,"2019/03/01 00:00:00",1,644.42411
D,P5MIN,CONSTRAINTSOLUTION,6,"2019/05/16 06:05:00",0,"2019/05/16 07:00:00",N>>N-NIL_31S,1148.02499,0,0,"2019/05/16 06:00:26",,"2019/03/01 00:00:00",1,-671.21877
D,P5MIN,CONSTRAINTSOLUTION,6,"2019/05/16 06:05:00",0,"2019/05/16 07:00:00",N>>N-NIL_36,2867.34257,0,0,"2019/05/16 06:00:26",,"2019/05/06 00:00:00",1,104.91
D,P5MIN,CONSTRAINTSOLUTION,6,"2019/05/16 06:05:00",0,"2019/05/16 07:00:00",N>>N-NIL_45,1990.56916,0,0,"2019/05/16 06:00:26",,"2019/03/01 00:00:00",1,336.91269
D,P5MIN,CONSTRAINTSOLUTION,6,"2019/05/16 06:05:00",0,"2019/05/16 07:00:00",N>>N-NIL_46,953.48017,0,0,"2019/05/16 06:00:26",,"2019/03/01 00:00:00",1,-200.65397
D,P5MIN,CONSTRAINTSOLUTION,6,"2019/05/16 06:05:00",0,"2019/05/16 07:00:00",N>>N-NIL_47,1689.48869,0,0,"2019/05/16 06:00:26",,"2019/03/01 00:00:00",1,198.90161
D,P5MIN,CONSTRAINTSOLUTION,6,"2019/05/16 06:05:00",0,"2019/05/16 07:00:00",N>>N-NIL_48,1691.74598,0,0,"2019/05/16 06:00:26",,"2019/03/01 00:00:00",1,200.65397
D,P5MIN,CONSTRAINTSOLUTION,6,"2019/05/16 06:05:00",0,"2019/05/16 07:00:00",N>>N-NIL_49,957.94194,0,0,"2019/05/16 06:00:26",,"2019/03/01 00:00:00",1,-198.90161
D,P5MIN,CONSTRAINTSOLUTION,6,"2019/05/16 06:05:00",0,"2019/05/16 07:00:00",N>>N-NIL_56,2036.66063,0,0,"2019/05/16 06:00:26",,"2019/03/01 00:00:00",1,364.55526
D,P5MIN,CONSTRAINTSOLUTION,6,"2019/05/16 06:05:00",0,"2019/05/16 07:00:00",N>>N-NIL_57,948.69021,0,0,"2019/05/16 06:00:26",,"2019/03/01 00:00:00",1,-206.36126
D,P5MIN,CONSTRAINTSOLUTION,6,"2019/05/16 06:05:00",0,"2019/05/16 07:00:00",N>>N-NIL_58,6169.29902,0,0,"2019/05/16 06:00:26",,"2019/02/28 00:00:00",1,1296.34271
D,P5MIN,CONSTRAINTSOLUTION,6,"2019/05/16 06:05:00",0,"2019/05/16 07:00:00",N>>N-NIL_59,6172.65285,0,0,"2019/05/16 06:00:26",,"2019/02/28 00:00:00",1,1296.34271
D,P5MIN,CONSTRAINTSOLUTION,6,"2019/05/16 06:05:00",0,"2019/05/16 07:00:00",N>>N-NIL_60,1990.42411,0,0,"2019/05/16 06:00:26",,"2019/03/01 00:00:00",1,336.93625
D,P5MIN,CONSTRAINTSOLUTION,6,"2019/05/16 06:05:00",0,"2019/05/16 07:00:00",N>>N-NIL_61,2032.19778,0,0,"2019/05/16 06:00:26",,"2019/03/01 00:00:00",1,360.79573
D,P5MIN,CONSTRAINTSOLUTION,6,"2019/05/16 06:05:00",0,"2019/05/16 07:00:00",N>>N-NIL_62,1663.79134,0,0,"2019/05/16 06:00:26",,"2019/03/01 00:00:00",1,181.05484
D,P5MIN,CONSTRAINTSOLUTION,6,"2019/05/16 06:05:00",0,"2019/05/16 07:00:00",N>>N-NIL_63,1675.70938,0,0,"2019/05/16 06:00:26",,"2019/03/01 00:00:00",1,183.72194
D,P5MIN,CONSTRAINTSOLUTION,6,"2019/05/16 06:05:00",0,"2019/05/16 07:00:00",N>>N-NIL_64,5989.63657,0,0,"2019/05/16 06:00:26",,"2019/02/28 00:00:00",1,2856.40677
D,P5MIN,CONSTRAINTSOLUTION,6,"2019/05/16 06:05:00",0,"2019/05/16 07:00:00",N>>N-NIL_65,5734.52456,0,0,"2019/05/16 06:00:26",,"2019/02/28 00:00:00",1,2704.01267
D,P5MIN,CONSTRAINTSOLUTION,6,"2019/05/16 06:05:00",0,"2019/05/16 07:00:00",N>>N-NIL_8E_8C,1322,0,0,"2019/05/16 06:00:26",,"2019/01/11 00:00:00",1,863.61277
D,P5MIN,CONSTRAINTSOLUTION,6,"2019/05/16 06:05:00",0,"2019/05/16 07:00:00",N>>N-NIL_996_IN,615.40464,0,0,"2019/05/16 06:00:26",,"2019/05/06 00:00:00",1,55.2723
D,P5MIN,CONSTRAINTSOLUTION,6,"2019/05/16 06:05:00",0,"2019/05/16 07:00:00",N>>N-NIL_DPTX,457.2325,0,0,"2019/05/16 06:00:26",,"2019/05/06 00:00:00",1,-67.51377
D,P5MIN,CONSTRAINTSOLUTION,6,"2019/05/16 06:05:00",0,"2019/05/16 07:00:00",N>>N-NIL_DPTX_2,855.68223,0,0,"2019/05/16 06:00:26",,"2019/05/06 00:00:00",1,67.51377
D,P5MIN,CONSTRAINTSOLUTION,6,"2019/05/16 06:05:00",0,"2019/05/16 07:00:00",N>>N-NIL_H01,3403.92306,0,0,"2019/05/16 06:00:26",,"2019/03/01 00:00:00",1,525.56556
D,P5MIN,CONSTRAINTSOLUTION,6,"2019/05/16 06:05:00",0,"2019/05/16 07:00:00",N>>N-NIL_H02,4056.23522,0,0,"2019/05/16 06:00:26",,"2019/01/11 00:00:00",1,549.1912
D,P5MIN,CONSTRAINTSOLUTION,6,"2019/05/16 06:05:00",0,"2019/05/16 07:00:00",N>>N-NIL_H03,3910.73707,0,0,"2019/05/16 06:00:26",,"2019/01/11 00:00:00",1,483.63652
D,P5MIN,CONSTRAINTSOLUTION,6,"2019/05/16 06:05:00",0,"2019/05/16 07:00:00",N>>N-NIL_H051,1212.64943,0,0,"2019/05/16 06:00:26",,"2019/05/06 00:00:00",1,62.37166
D,P5MIN,CONSTRAINTSOLUTION,6,"2019/05/16 06:05:00",0,"2019/05/16 07:00:00",N>>N-NIL_H060,1693.67162,0,0,"2019/05/16 06:00:26",,"2019/05/06 00:00:00",1,-85.90401
D,P5MIN,CONSTRAINTSOLUTION,6,"2019/05/16 06:05:00",0,"2019/05/16 07:00:00",N>>N-NIL_H07,3785.01639,0,0,"2019/05/16 06:00:26",,"2019/03/01 00:00:00",1,427.27804
D,P5MIN,CONSTRAINTSOLUTION,6,"2019/05/16 06:05:00",0,"2019/05/16 07:00:00",N>>N-NIL_HE,3320.33923,0,0,"2019/05/16 06:00:26",,"2019/01/11 00:00:00",1,-67.64263
D,P5MIN,CONSTRAINTSOLUTION,6,"2019/05/16 06:05:00",0,"2019/05/16 07:00:00",N>>N-NIL_HF,3142.28671,0,0,"2019/05/16 06:00:26",,"2019/05/06 00:00:00",1,635.10908
D,P5MIN,CONSTRAINTSOLUTION,6,"2019/05/16 06:05:00",0,"2019/05/16 07:00:00",N>>N-NIL_HI_15M,3571.12262,0,0,"2019/05/16 06:00:26",,"2019/05/06 00:00:00",1,537.60979
D,P5MIN,CONSTRAINTSOLUTION,6,"2019/05/16 06:05:00",0,"2019/05/16 07:00:00",N>>N-NIL_HK_15M,3735.98132,0,0,"2019/05/16 06:00:26",,"2019/03/01 00:00:00",1,557.52601
D,P5MIN,CONSTRAINTSOLUTION,6,"2019/05/16 06:05:00",0,"2019/05/16 07:00:00",N>>N-NIL_HL,3685.20281,0,0,"2019/05/16 06:00:26",,"2019/05/06 00:00:00",1,-415.039
D,P5MIN,CONSTRAINTSOLUTION,6,"2019/05/16 06:05:00",0,"2019/05/16 07:00:00",N>>N-NIL_HM,3234.15077,0,0,"2019/05/16 06:00:26",,"2019/05/06 00:00:00",1,415.039
D,P5MIN,CONSTRAINTSOLUTION,6,"2019/05/16 06:05:00",0,"2019/05/16 07:00:00",N>>N-NIL_HU_15M,3623.20098,0,0,"2019/05/16 06:00:26",,"2019/05/06 00:00:00",1,532.58096
D,P5MIN,CONSTRAINTSOLUTION,6,"2019/05/16 06:05:00",0,"2019/05/16 07:00:00",N>>N-NIL__2_OPENED,610.50129,0,0,"2019/05/16 06:00:26",,"2019/01/11 00:00:00",1,-930.97789
D,P5MIN,CONSTRAINTSOLUTION,6,"2019/05/16 06:05:00",0,"2019/05/16 07:00:00",N>>N-NIL__3_OPENED,607.42498,0,0,"2019/05/16 06:00:26",,"2019/01/11 00:00:00",1,-930.97789
D,P5MIN,CONSTRAINTSOLUTION,6,"2019/05/16 06:05:00",0,"2019/05/16 07:00:00",N>>N-NIL__A_15M,3392.66031,0,0,"2019/05/16 06:00:26",,"2019/05/06 00:00:00",1,528.91908
D,P5MIN,CONSTRAINTSOLUTION,6,"2019/05/16 06:05:00",0,"2019/05/16 07:00:00",N>>N-NIL__B_15M,2985.43961,0,0,"2019/05/16 06:00:26",,"2019/05/06 00:00:00",1,562.68992
D,P5MIN,CONSTRAINTSOLUTION,6,"2019/05/16 06:05:00",0,"2019/05/16 07:00:00",N>>N-NIL__C_15M,3316.59585,0,0,"2019/05/16 06:00:26",,"2019/01/11 00:00:00",1,470.09671
D,P5MIN,CONSTRAINTSOLUTION,6,"2019/05/16 06:05:00",0,"2019/05/16 07:00:00",N>>N-NIL__D_15M,3241.288,0,0,"2019/05/16 06:00:26",,"2019/03/01 00:00:00",1,546.92059
D,P5MIN,CONSTRAINTSOLUTION,6,"2019/05/16 06:05:00",0,"2019/05/16 07:00:00",N>>N-NIL__E_15M,2830.0575,0,0,"2019/05/16 06:00:26",,"2019/03/01 00:00:00",1,531.67508
D,P5MIN,CONSTRAINTSOLUTION,6,"2019/05/16 06:05:00",0,"2019/05/16 07:00:00",N>>N-NIL__F_15M,3280.64954,0,0,"2019/05/16 06:00:26",,"2019/01/11 00:00:00",1,543.45608
D,P5MIN,CONSTRAINTSOLUTION,6,"2019/05/16 06:05:00",0,"2019/05/16 07:00:00",N>>N-NIL__G_15M,3624.94634,0,0,"2019/05/16 06:00:26",,"2019/01/11 00:00:00",1,573.82489
D,P5MIN,CONSTRAINTSOLUTION,6,"2019/05/16 06:05:00",0,"2019/05/16 07:00:00",N>>N-NIL__H_15M,3153.43552,0,0,"2019/05/16 06:00:26",,"2019/03/01 00:00:00",1,444.40961
D,P5MIN,CONSTRAINTSOLUTION,6,"2019/05/16 06:05:00",0,"2019/05/16 07:00:00",N>>N-NIL__K,5786.33408,0,0,"2019/05/16 06:00:26",,"2019/02/28 00:00:00",1,2019.72649
D,P5MIN,CONSTRAINTSOLUTION,6,"2019/05/16 06:05:00",0,"2019/05/16 07:00:00",N>>N-NIL__L,5814.42413,0,0,"2019/05/16 06:00:26",,"2019/02/28 00:00:00",1,2019.72734
D,P5MIN,CONSTRAINTSOLUTION,6,"2019/05/16 06:05:00",0,"2019/05/16 07:00:00",N>>N-NIL__M,4409.00696,0,0,"2019/05/16 06:00:26",,"2019/02/28 00:00:00",1,1051.5581
D,P5MIN,CONSTRAINTSOLUTION,6,"2019/05/16 06:05:00",0,"2019/05/16 07:00:00",N>>N-NIL__N,6229.04433,0,0,"2019/05/16 06:00:26",,"2019/02/28 00:00:00",1,1256.09067
D,P5MIN,CONSTRAINTSOLUTION,6,"2019/05/16 06:05:00",0,"2019/05/16 07:00:00",N>>N-NIL__O,6232.04068,0,0,"2019/05/16 06:00:26",,"2019/02/28 00:00:00",1,1256.15198
D,P5MIN,CONSTRAINTSOLUTION,6,"2019/05/16 06:05:00",0,"2019/05/16 07:00:00",N>>N-NIL__P,5182.78475,0,0,"2019/05/16 06:00:26",,"2019/02/28 00:00:00",1,1529.76532
D,P5MIN,CONSTRAINTSOLUTION,6,"2019/05/16 06:05:00",0,"2019/05/16 07:00:00",N>>N-NIL__R,6073.58986,0,0,"2019/05/16 06:00:26",,"2019/02/28 00:00:00",1,1250.66114
D,P5MIN,CONSTRAINTSOLUTION,6,"2019/05/16 06:05:00",0,"2019/05/16 07:00:00",N>>N-NIL__S,3853.95085,0,0,"2019/05/16 06:00:26",,"2019/02/28 00:00:00",1,1951.85897
D,P5MIN,CONSTRAINTSOLUTION,6,"2019/05/16 06:05:00",0,"2019/05/16 07:00:00",N>>Q-BWLD_ONE,341.78692,0,0,"2019/05/16 06:00:26",,"2019/03/06 00:00:00",1,-1425.22592
D,P5MIN,CONSTRAINTSOLUTION,6,"2019/05/16 06:05:00",0,"2019/05/16 07:00:00",N>>V-NIL_0X1,495.42551,0,0,"2019/05/16 06:00:26",,"2019/05/06 00:00:00",1,35.09978
D,P5MIN,CONSTRAINTSOLUTION,6,"2019/05/16 06:05:00",0,"2019/05/16 07:00:00",N>>V-NIL_HC,963.40938,0,0,"2019/05/16 06:00:26",,"2019/05/06 00:00:00",1,-444.15588
D,P5MIN,CONSTRAINTSOLUTION,6,"2019/05/16 06:05:00",0,"2019/05/16 07:00:00",N>>V-NIL_HD,1031.68637,0,0,"2019/05/16 06:00:26",,"2019/05/06 00:00:00",1,-478.50623
D,P5MIN,CONSTRAINTSOLUTION,6,"2019/05/16 06:05:00",0,"2019/05/16 07:00:00",N>>V-NIL_HJ,976.04126,0,0,"2019/05/16 06:00:26",,"2019/05/06 00:00:00",1,-354.24491
D,P5MIN,CONSTRAINTSOLUTION,6,"2019/05/16 06:05:00",0,"2019/05/16 07:00:00",N>>V-NIL_HK,2719.23129,0,0,"2019/05/16 06:00:26",,"2019/05/06 00:00:00",1,-616.41473
D,P5MIN,CONSTRAINTSOLUTION,6,"2019/05/16 06:05:00",0,"2019/05/16 07:00:00",N>>V-NIL_N,1258.08363,0,0,"2019/05/16 06:00:26",,"2019/01/11 00:00:00",1,-390.16328
D,P5MIN,CONSTRAINTSOLUTION,6,"2019/05/16 06:05:00",0,"2019/05/16 07:00:00",N>>V-NIL_O,599.42825,0,0,"2019/05/16 06:00:26",,"2019/01/11 00:00:00",1,-255.67846
D,P5MIN,CONSTRAINTSOLUTION,6,"2019/05/16 06:05:00",0,"2019/05/16 07:00:00",N>N-ARKK_CH_CB892A,9983.5,0,0,"2019/05/16 06:00:26",,"2016/01/11 00:00:00",1,-73
D,P5MIN,CONSTRAINTSOLUTION,6,"2019/05/16 06:05:00",0,"2019/05/16 07:00:00",N>N-ARKK_C_BYPASS,10581.3893,0,0,"2019/05/16 06:00:26",,"2018/09/14 00:00:00",1,160.26873
D,P5MIN,CONSTRAINTSOLUTION,6,"2019/05/16 06:05:00",0,"2019/05/16 07:00:00",N>N-ARKK_C_PSTMAN,10682.36326,0,0,"2019/05/16 06:00:26",,"2019/03/08 00:00:00",1,159.31184
D,P5MIN,CONSTRAINTSOLUTION,6,"2019/05/16 06:05:00",0,"2019/05/16 07:00:00",N>N-KC_TX_07,1766.96851,0,0,"2019/05/16 06:00:26",,"2019/03/08 00:00:00",1,1400
D,P5MIN,CONSTRAINTSOLUTION,6,"2019/05/16 06:05:00",0,"2019/05/16 07:00:00",N>N-NIL_8J_8C,1322,0,0,"2019/05/16 06:00:26",,"2019/01/11 00:00:00",1,628.85177
D,P5MIN,CONSTRAINTSOLUTION,6,"2019/05/16 06:05:00",0,"2019/05/16 07:00:00",N>N-NIL_DC,1505.14262,0,0,"2019/05/16 06:00:26",,"2019/01/21 00:00:00",1,931.97808
D,P5MIN,CONSTRAINTSOLUTION,6,"2019/05/16 06:05:00",0,"2019/05/16 07:00:00",N>N-NIL_F7_15M,800.18459,0,0,"2019/05/16 06:00:26",,"2019/01/11 00:00:00",1,-931.97808
D,P5MIN,CONSTRAINTSOLUTION,6,"2019/05/16 06:05:00",0,"2019/05/16 07:00:00",N>N-NIL_LSDU,82.2578,0,0,"2019/05/16 06:00:26",,"2019/01/11 00:00:00",1,-73
D,P5MIN,CONSTRAINTSOLUTION,6,"2019/05/16 06:05:00",0,"2019/05/16 07:00:00",N>N-NIL_MBDU,232.53676,0,0,"2019/05/16 06:00:26",,"2019/01/11 00:00:00",1,73
D,P5MIN,CONSTRAINTSOLUTION,6,"2019/05/16 06:05:00",0,"2019/05/16 07:00:00",N>N-NIL_TE_D2,252.52,0,0,"2019/05/16 06:00:26",,"2019/01/11 00:00:00",1,-73
D,P5MIN,CONSTRAINTSOLUTION,6,"2019/05/16 06:05:00",0,"2019/05/16 07:00:00",N>N-NIL_TE_E1,9981,0,0,"2019/05/16 06:00:26",,"2019/01/11 00:00:00",1,-73
D,P5MIN,CONSTRAINTSOLUTION,6,"2019/05/16 06:05:00",0,"2019/05/16 07:00:00",N>N-NIL_TE_E2,9981,0,0,"2019/05/16 06:00:26",,"2019/01/11 00:00:00",1,-73
D,P5MIN,CONSTRAINTSOLUTION,6,"2019/05/16 06:05:00",0,"2019/05/16 07:00:00",N>N-NIL_TE_LOAD,9999,0,0,"2019/05/16 06:00:26",,"2013/08/21 00:00:00",1,73
D,P5MIN,CONSTRAINTSOLUTION,6,"2019/05/16 06:05:00",0,"2019/05/16 07:00:00",N>N-NIL__4_15M,624.04082,0,0,"2019/05/16 06:00:26",,"2019/01/11 00:00:00",1,-930.45218
D,P5MIN,CONSTRAINTSOLUTION,6,"2019/05/16 06:05:00",0,"2019/05/16 07:00:00",N>N-NIL__7,1547.06634,0,0,"2019/05/16 06:00:26",,"2019/01/11 00:00:00",1,-931.97808
D,P5MIN,CONSTRAINTSOLUTION,6,"2019/05/16 06:05:00",0,"2019/05/16 07:00:00",NQTE_ROC,7,0,0,"2019/05/16 06:00:26",,"2010/11/08 00:00:00",2,-73
D,P5MIN,CONSTRAINTSOLUTION,6,"2019/05/16 06:05:00",0,"2019/05/16 07:00:00",NRM_NSW1_QLD1,10000,0,0,"2019/05/16 06:00:26",,"2012/06/12 00:00:00",1,-701.85177
D,P5MIN,CONSTRAINTSOLUTION,6,"2019/05/16 06:05:00",0,"2019/05/16 07:00:00",NRM_NSW1_VIC1,10000,0,0,"2019/05/16 06:00:26",,"2012/06/12 00:00:00",1,-235.67828
D,P5MIN,CONSTRAINTSOLUTION,6,"2019/05/16 06:05:00",0,"2019/05/16 07:00:00",NRM_QLD1_NSW1,10688.6293,0,0,"2019/05/16 06:00:26",,"2012/06/12 00:00:00",1,701.85177
D,P5MIN,CONSTRAINTSOLUTION,6,"2019/05/16 06:05:00",0,"2019/05/16 07:00:00",NRM_SA1_VIC1,10289.89452,0,0,"2019/05/16 06:00:26",,"2012/06/12 00:00:00",1,372.92918
D,P5MIN,CONSTRAINTSOLUTION,6,"2019/05/16 06:05:00",0,"2019/05/16 07:00:00",NRM_VIC1_NSW1,10216.80847,0,0,"2019/05/16 06:00:26",,"2012/06/12 00:00:00",1,235.67828
D,P5MIN,CONSTRAINTSOLUTION,6,"2019/05/16 06:05:00",0,"2019/05/16 07:00:00",NRM_VIC1_SA1,10000,0,0,"2019/05/16 06:00:26",,"2012/06/12 00:00:00",1,-372.92918
D,P5MIN,CONSTRAINTSOLUTION,6,"2019/05/16 06:05:00",0,"2019/05/16 07:00:00",N^^N_NIL_1,2808.16938,0,0,"2019/05/16 06:00:26",,"2018/05/02 00:00:00",1,599.607
D,P5MIN,CONSTRAINTSOLUTION,6,"2019/05/16 06:05:00",0,"2019/05/16 07:00:00",N^^Q_NIL_A,443.63215,0,0,"2019/05/16 06:00:26",,"2017/12/06 00:00:00",1,-819.23227
D,P5MIN,CONSTRAINTSOLUTION,6,"2019/05/16 06:05:00",0,"2019/05/16 07:00:00",N^^Q_NIL_B,622.24474,0,0,"2019/05/16 06:00:26",,"2017/12/06 00:00:00",1,-792.22227
D,P5MIN,CONSTRAINTSOLUTION,6,"2019/05/16 06:05:00",0,"2019/05/16 07:00:00",N^^Q_NIL_B1,937.24474,0,0,"2019/05/16 06:00:26",,"2017/12/06 00:00:00",1,-117.22227
D,P5MIN,CONSTRAINTSOLUTION,6,"2019/05/16 06:05:00",0,"2019/05/16 07:00:00",N^^Q_NIL_B2,937.24474,0,0,"2019/05/16 06:00:26",,"2017/12/06 00:00:00",1,-405.22227
D,P5MIN,CONSTRAINTSOLUTION,6,"2019/05/16 06:05:00",0,"2019/05/16 07:00:00",N^^Q_NIL_B3,937.24474,0,0,"2019/05/16 06:00:26",,"2017/12/06 00:00:00",1,-400.72227
D,P5MIN,CONSTRAINTSOLUTION,6,"2019/05/16 06:05:00",0,"2019/05/16 07:00:00",N^^Q_NIL_B4,897.24474,0,0,"2019/05/16 06:00:26",,"2017/12/06 00:00:00",1,-393.52227
D,P5MIN,CONSTRAINTSOLUTION,6,"2019/05/16 06:05:00",0,"2019/05/16 07:00:00",N^^Q_NIL_B5,907.24474,0,0,"2019/05/16 06:00:26",,"2017/12/06 00:00:00",1,-426.82227
D,P5MIN,CONSTRAINTSOLUTION,6,"2019/05/16 06:05:00",0,"2019/05/16 07:00:00",N^^Q_NIL_B6,907.24474,0,0,"2019/05/16 06:00:26",,"2017/12/06 00:00:00",1,-426.82227
D,P5MIN,CONSTRAINTSOLUTION,6,"2019/05/16 06:05:00",0,"2019/05/16 07:00:00",N^^Q_WIV_N-2,937.24474,0,0,"2019/05/16 06:00:26",,"2018/01/19 00:00:00",1,-792.22227
D,P5MIN,CONSTRAINTSOLUTION,6,"2019/05/16 06:05:00",0,"2019/05/16 07:00:00",N^^V_NIL_1,120.34791,0,0,"2019/05/16 06:00:26",,"2019/05/15 00:00:00",1,-62.15668
D,P5MIN,CONSTRAINTSOLUTION,6,"2019/05/16 06:05:00",0,"2019/05/16 07:00:00",N_NIL_TE_A,163.5,0,0,"2019/05/16 06:00:26",,"2012/07/04 00:00:00",1,-73
D,P5MIN,CONSTRAINTSOLUTION,6,"2019/05/16 06:05:00",0,"2019/05/16 07:00:00",N_NIL_TE_B,196.5,0,0,"2019/05/16 06:00:26",,"2012/07/04 00:00:00",1,73
D,P5MIN,CONSTRAINTSOLUTION,6,"2019/05/16 06:05:00",0,"2019/05/16 07:00:00",N_V_HV1700_OSC_AUTO,11768.10001,0,0,"2019/05/16 06:00:26",,"2013/07/19 00:00:00",1,504.32172
D,P5MIN,CONSTRAINTSOLUTION,6,"2019/05/16 06:05:00",0,"2019/05/16 07:00:00",Q::N_BI_POT_WIV_N-2,1209.34247,0,0,"2019/05/16 06:00:26",,"2018/01/16 00:00:00",1,722.75617
D,P5MIN,CONSTRAINTSOLUTION,6,"2019/05/16 06:05:00",0,"2019/05/16 07:00:00",Q::N_NIL_AR_2L-G,1111.64688,0,0,"2019/05/16 06:00:26",,"2018/01/15 00:00:00",2,846.47522
D,P5MIN,CONSTRAINTSOLUTION,6,"2019/05/16 06:05:00",0,"2019/05/16 07:00:00",Q::N_NIL_BI_POT,1209.33249,0,0,"2019/05/16 06:00:26",,"2018/01/15 00:00:00",2,722.75617
D,P5MIN,CONSTRAINTSOLUTION,6,"2019/05/16 06:05:00",0,"2019/05/16 07:00:00",Q:NIL_CS,4379.97668,0,0,"2019/05/16 06:00:26",,"2018/12/27 00:00:00",1,3908.68598
D,P5MIN,CONSTRAINTSOLUTION,6,"2019/05/16 06:05:00",0,"2019/05/16 07:00:00",Q:N_NIL_BWRG,1436.71999,0,0,"2019/05/16 06:00:26",,"2013/10/23 00:00:00",1,628.85177
D,P5MIN,CONSTRAINTSOLUTION,6,"2019/05/16 06:05:00",0,"2019/05/16 07:00:00",Q:N_NIL_LDNC,1425.52412,0,0,"2019/05/16 06:00:26",,"2013/10/23 00:00:00",1,628.85177
D,P5MIN,CONSTRAINTSOLUTION,6,"2019/05/16 06:05:00",0,"2019/05/16 07:00:00",Q:N_NIL_OSC,1200,0,0,"2019/05/16 06:00:26",,"2013/07/25 00:00:00",1,628.85177
D,P5MIN,CONSTRAINTSOLUTION,6,"2019/05/16 06:05:00",0,"2019/05/16 07:00:00",Q>>LCCP_BCCP_CLWU_2,3089.26921,0,0,"2019/05/16 06:00:26",,"2018/12/27 00:00:00",1,1943.21806
D,P5MIN,CONSTRAINTSOLUTION,6,"2019/05/16 06:05:00",0,"2019/05/16 07:00:00",Q>>LCCP_CLWU_BCCP_2,2678.03173,0,0,"2019/05/16 06:00:26",,"2018/12/27 00:00:00",1,1833.14374
D,P5MIN,CONSTRAINTSOLUTION,6,"2019/05/16 06:05:00",0,"2019/05/16 07:00:00",Q>>NIL_MRGB_MRTX1,10876.76954,0,0,"2019/05/16 06:00:26",,"2019/01/11 00:00:00",1,865.54621
D,P5MIN,CONSTRAINTSOLUTION,6,"2019/05/16 06:05:00",0,"2019/05/16 07:00:00",Q>>NIL_MRTX5_MRTX4,2897.44084,0,0,"2019/05/16 06:00:26",,"2019/01/11 00:00:00",1,1039.95404
D,P5MIN,CONSTRAINTSOLUTION,6,"2019/05/16 06:05:00",0,"2019/05/16 07:00:00",Q>>WOPW_WOSP_WOGP_1,3044.1087,0,0,"2019/05/16 06:00:26",,"2019/04/10 00:00:00",1,2749.76899
D,P5MIN,CONSTRAINTSOLUTION,6,"2019/05/16 06:05:00",0,"2019/05/16 07:00:00",Q>>WOPW_WOSP_WOGP_2,2888.72271,0,0,"2019/05/16 06:00:26",,"2019/04/10 00:00:00",1,2749.81648
D,P5MIN,CONSTRAINTSOLUTION,6,"2019/05/16 06:05:00",0,"2019/05/16 07:00:00",Q>N-NIL_8L_8M,1379,0,0,"2019/05/16 06:00:26",,"2013/08/21 00:00:00",1,628.85177
D,P5MIN,CONSTRAINTSOLUTION,6,"2019/05/16 06:05:00",0,"2019/05/16 07:00:00",Q>NIL_BI_CAGS_CALV_O,537.67413,0,0,"2019/05/16 06:00:26",,"2019/01/11 00:00:00",1,260
D,P5MIN,CONSTRAINTSOLUTION,6,"2019/05/16 06:05:00",0,"2019/05/16 07:00:00",Q>NIL_MRTA_A,9990.435,0,0,"2019/05/16 06:00:26",,"2019/01/11 00:00:00",1,0.556
D,P5MIN,CONSTRAINTSOLUTION,6,"2019/05/16 06:05:00",0,"2019/05/16 07:00:00",Q>NIL_MRTA_B,9990.435,0,0,"2019/05/16 06:00:26",,"2019/01/11 00:00:00",1,0.556
D,P5MIN,CONSTRAINTSOLUTION,6,"2019/05/16 06:05:00",0,"2019/05/16 07:00:00",Q>NIL_MRTA_C,371.25,0,0,"2019/05/16 06:00:26",,"2019/01/11 00:00:00",1,0.556
D,P5MIN,CONSTRAINTSOLUTION,6,"2019/05/16 06:05:00",0,"2019/05/16 07:00:00",Q>NIL_MUTE_757,201.6,0,0,"2019/05/16 06:00:26",,"2014/09/02 00:00:00",1,73
D,P5MIN,CONSTRAINTSOLUTION,6,"2019/05/16 06:05:00",0,"2019/05/16 07:00:00",Q>NIL_MUTE_758,201.6,0,0,"2019/05/16 06:00:26",,"2014/09/02 00:00:00",1,73
D,P5MIN,CONSTRAINTSOLUTION,6,"2019/05/16 06:05:00",0,"2019/05/16 07:00:00",Q>NIL_TV66,410.96879,0,0,"2019/05/16 06:00:26",,"2018/08/20 00:00:00",1,0.003
D,P5MIN,CONSTRAINTSOLUTION,6,"2019/05/16 06:05:00",0,"2019/05/16 07:00:00",QNI_SOUTH_1150_DYN,1150,0,0,"2019/05/16 06:00:26",,"2019/01/30 00:00:00",1,628.85177
D,P5MIN,CONSTRAINTSOLUTION,6,"2019/05/16 06:05:00",0,"2019/05/16 07:00:00",QNTE_ROC,153,0,0,"2019/05/16 06:00:26",,"2010/11/08 00:00:00",3,73
D,P5MIN,CONSTRAINTSOLUTION,6,"2019/05/16 06:05:00",0,"2019/05/16 07:00:00",QN_1078_OSC_AUTO,11078,0,0,"2019/05/16 06:00:26",,"2013/07/25 00:00:00",1,628.85177
D,P5MIN,CONSTRAINTSOLUTION,6,"2019/05/16 06:05:00",0,"2019/05/16 07:00:00",Q^NIL_CN_FDR,-568.51437,0,0,"2019/05/16 06:00:26",,"2018/08/28 00:00:00",1,190.224
D,P5MIN,CONSTRAINTSOLUTION,6,"2019/05/16 06:05:00",0,"2019/05/16 07:00:00",Q^NIL_CN_GT,-714.99777,0,0,"2019/05/16 06:00:26",,"2018/08/28 00:00:00",1,144
D,P5MIN,CONSTRAINTSOLUTION,6,"2019/05/16 06:05:00",0,"2019/05/16 07:00:00",Q^NIL_FNQ,-346.97995,0,0,"2019/05/16 06:00:26",,"2018/08/28 00:00:00",1,144
D,P5MIN,CONSTRAINTSOLUTION,6,"2019/05/16 06:05:00",0,"2019/05/16 07:00:00",Q^NIL_GC,-6146.49904,0,0,"2019/05/16 06:00:26",,"2013/08/21 00:00:00",1,-73
D,P5MIN,CONSTRAINTSOLUTION,6,"2019/05/16 06:05:00",0,"2019/05/16 07:00:00",Q^^CS_-080,3646.77623,0,0,"2019/05/16 06:00:26",,"2018/08/30 00:00:00",1,2433.96019
D,P5MIN,CONSTRAINTSOLUTION,6,"2019/05/16 06:05:00",0,"2019/05/16 07:00:00",Q^^NIL_CS,3726.77622,0,0,"2019/05/16 06:00:26",,"2018/08/30 00:00:00",1,2433.96019
D,P5MIN,CONSTRAINTSOLUTION,6,"2019/05/16 06:05:00",0,"2019/05/16 07:00:00",Q^^NIL_QNI_SRAR,973.86409,0,0,"2019/05/16 06:00:26",,"2019/04/11 00:00:00",1,873.00321
D,P5MIN,CONSTRAINTSOLUTION,6,"2019/05/16 06:05:00",0,"2019/05/16 07:00:00",Q^^NIL_TR_CLHA,6026.63601,0,0,"2019/05/16 06:00:26",,"2018/12/19 00:00:00",1,3858.48863
D,P5MIN,CONSTRAINTSOLUTION,6,"2019/05/16 06:05:00",0,"2019/05/16 07:00:00",Q^^NIL_TR_TRBK,6244.62246,0,0,"2019/05/16 06:00:26",,"2018/12/19 00:00:00",1,4154.02779
D,P5MIN,CONSTRAINTSOLUTION,6,"2019/05/16 06:05:00",0,"2019/05/16 07:00:00",Q^^TR_CLHA_-250,5537.14706,0,0,"2019/05/16 06:00:26",,"2018/12/19 00:00:00",1,3858.48863
D,P5MIN,CONSTRAINTSOLUTION,6,"2019/05/16 06:05:00",0,"2019/05/16 07:00:00",Q^^TR_TRBK_-150,5948.34613,0,0,"2019/05/16 06:00:26",,"2018/12/19 00:00:00",1,4154.02779
D,P5MIN,CONSTRAINTSOLUTION,6,"2019/05/16 06:05:00",0,"2019/05/16 07:00:00",Q_CS_2000,5029.35093,0,0,"2019/05/16 06:00:26",,"2019/01/15 00:00:00",1,3908.68598
D,P5MIN,CONSTRAINTSOLUTION,6,"2019/05/16 06:05:00",0,"2019/05/16 07:00:00",S::V_NIL_TBSE_1,660.07794,0,0,"2019/05/16 06:00:26",,"2019/03/21 00:00:00",1,325.91678
D,P5MIN,CONSTRAINTSOLUTION,6,"2019/05/16 06:05:00",0,"2019/05/16 07:00:00",S::V_NIL_TBSE_2-DS,10000,0,0,"2019/05/16 06:00:26",,"2019/03/21 00:00:00",1,325.72113
D,P5MIN,CONSTRAINTSOLUTION,6,"2019/05/16 06:05:00",0,"2019/05/16 07:00:00",S:VS_580_OSC_AUTO_1,10000,0,0,"2019/05/16 06:00:26",,"2016/06/30 00:00:00",1,372.92918
D,P5MIN,CONSTRAINTSOLUTION,6,"2019/05/16 06:05:00",0,"2019/05/16 07:00:00",S:VS_650_HY_TEST,650,0,0,"2019/05/16 06:00:26",,"2018/08/07 00:00:00",1,372.92918
D,P5MIN,CONSTRAINTSOLUTION,6,"2019/05/16 06:05:00",0,"2019/05/16 07:00:00",S:VS_650_HY_TEST_DYN,650,0,0,"2019/05/16 06:00:26",,"2015/11/25 00:00:00",1,372.92918
D,P5MIN,CONSTRAINTSOLUTION,6,"2019/05/16 06:05:00",0,"2019/05/16 07:00:00",S:VS_700_1,10000,0,0,"2019/05/16 06:00:26",,"2016/08/16 00:00:00",1,372.92918
D,P5MIN,CONSTRAINTSOLUTION,6,"2019/05/16 06:05:00",0,"2019/05/16 07:00:00",S:VS_700_OSC_AUTO,10700,0,0,"2019/05/16 06:00:26",,"2016/06/30 00:00:00",1,372.92918
D,P5MIN,CONSTRAINTSOLUTION,6,"2019/05/16 06:05:00",0,"2019/05/16 07:00:00",S:VS_800,800,0,0,"2019/05/16 06:00:26",,"2018/08/07 00:00:00",1,372.92918
D,P5MIN,CONSTRAINTSOLUTION,6,"2019/05/16 06:05:00",0,"2019/05/16 07:00:00",S:V_460_OSC_AUTO_1,10000,0,0,"2019/05/16 06:00:26",,"2016/06/30 00:00:00",1,327.92918
D,P5MIN,CONSTRAINTSOLUTION,6,"2019/05/16 06:05:00",0,"2019/05/16 07:00:00",S:V_500_HY_TEST,500,0,0,"2019/05/16 06:00:26",,"2018/08/07 00:00:00",1,327.92918
D,P5MIN,CONSTRAINTSOLUTION,6,"2019/05/16 06:05:00",0,"2019/05/16 07:00:00",S:V_500_HY_TEST_DYN,500,0,0,"2019/05/16 06:00:26",,"2015/11/25 00:00:00",1,327.92918
D,P5MIN,CONSTRAINTSOLUTION,6,"2019/05/16 06:05:00",0,"2019/05/16 07:00:00",S:V_550_1,10000,0,0,"2019/05/16 06:00:26",,"2016/08/16 00:00:00",1,327.92918
D,P5MIN,CONSTRAINTSOLUTION,6,"2019/05/16 06:05:00",0,"2019/05/16 07:00:00",S:V_550_OSC_AUTO,10550,0,0,"2019/05/16 06:00:26",,"2016/06/30 00:00:00",1,327.92918
D,P5MIN,CONSTRAINTSOLUTION,6,"2019/05/16 06:05:00",0,"2019/05/16 07:00:00",S:V_650,650,0,0,"2019/05/16 06:00:26",,"2018/08/07 00:00:00",1,327.92918
D,P5MIN,CONSTRAINTSOLUTION,6,"2019/05/16 06:05:00",0,"2019/05/16 07:00:00",S>>HUBG_AWHU_WEWT,326.78393,0,0,"2019/05/16 06:00:26",,"2019/05/15 00:00:00",1,36.09594
D,P5MIN,CONSTRAINTSOLUTION,6,"2019/05/16 06:05:00",0,"2019/05/16 07:00:00",S>>HUBG_BGDV_WEMWP4,254.0519,0,0,"2019/05/16 06:00:26",,"2019/05/15 00:00:00",1,-19.78481
D,P5MIN,CONSTRAINTSOLUTION,6,"2019/05/16 06:05:00",0,"2019/05/16 07:00:00",S>>HUBG_BGDV_WTWE,318.4932,0,0,"2019/05/16 06:00:26",,"2019/05/15 00:00:00",1,-49.00407
D,P5MIN,CONSTRAINTSOLUTION,6,"2019/05/16 06:05:00",0,"2019/05/16 07:00:00",S>>HUBG_BLDV_WEWT,330.66343,0,0,"2019/05/16 06:00:26",,"2019/05/15 00:00:00",1,47.35119
D,P5MIN,CONSTRAINTSOLUTION,6,"2019/05/16 06:05:00",0,"2019/05/16 07:00:00",S>>HUBG_BLDV_WTTP,472.54697,0,0,"2019/05/16 06:00:26",,"2019/05/15 00:00:00",1,66.77191
D,P5MIN,CONSTRAINTSOLUTION,6,"2019/05/16 06:05:00",0,"2019/05/16 07:00:00",S>>HUBG_BWMP_WEWT,330.42931,0,0,"2019/05/16 06:00:26",,"2019/03/13 00:00:00",1,32.55053
D,P5MIN,CONSTRAINTSOLUTION,6,"2019/05/16 06:05:00",0,"2019/05/16 07:00:00",S>>HUBG_LKDV_WEWT,325.39055,0,0,"2019/05/16 06:00:26",,"2019/05/15 00:00:00",1,58.55905
D,P5MIN,CONSTRAINTSOLUTION,6,"2019/05/16 06:05:00",0,"2019/05/16 07:00:00",S>>HUBG_LKDV_WTTP,515.81462,0,0,"2019/05/16 06:00:26",,"2019/05/15 00:00:00",1,69.54245
D,P5MIN,CONSTRAINTSOLUTION,6,"2019/05/16 06:05:00",0,"2019/05/16 07:00:00",S>>HUBG_MNCLN_WEMWP4,204.16484,0,0,"2019/05/16 06:00:26",,"2019/05/15 00:00:00",1,-19.4681
D,P5MIN,CONSTRAINTSOLUTION,6,"2019/05/16 06:05:00",0,"2019/05/16 07:00:00",S>>HUBG_MNCLN_WTWE,271.96675,0,0,"2019/05/16 06:00:26",,"2019/05/15 00:00:00",1,-35.27225
D,P5MIN,CONSTRAINTSOLUTION,6,"2019/05/16 06:05:00",0,"2019/05/16 07:00:00",S>>HUBG_RBTU_WEWT,313.84649,0,0,"2019/05/16 06:00:26",,"2019/05/15 00:00:00",1,66.3301
D,P5MIN,CONSTRAINTSOLUTION,6,"2019/05/16 06:05:00",0,"2019/05/16 07:00:00",S>>HUBG_RBTU_WTTP,478.92229,0,0,"2019/05/16 06:00:26",,"2019/05/15 00:00:00",1,96.56957
D,P5MIN,CONSTRAINTSOLUTION,6,"2019/05/16 06:05:00",0,"2019/05/16 07:00:00",S>>HUBG_RBTX1_WEWT,309.06556,0,0,"2019/05/16 06:00:26",,"2019/05/15 00:00:00",1,21.47633
D,P5MIN,CONSTRAINTSOLUTION,6,"2019/05/16 06:05:00",0,"2019/05/16 07:00:00",S>>HUBG_WTTP_WEMWP4,221.15446,0,0,"2019/05/16 06:00:26",,"2019/05/15 00:00:00",1,16.29564
D,P5MIN,CONSTRAINTSOLUTION,6,"2019/05/16 06:05:00",0,"2019/05/16 07:00:00",S>>HUBG_WTTP_WTWE,285.30312,0,0,"2019/05/16 06:00:26",,"2019/05/15 00:00:00",1,4.32588
D,P5MIN,CONSTRAINTSOLUTION,6,"2019/05/16 06:05:00",0,"2019/05/16 07:00:00",S>>NIL_BGBW_BRTW,1280.68917,0,0,"2019/05/16 06:00:26",,"2019/05/15 00:00:00",1,216.69977
D,P5MIN,CONSTRAINTSOLUTION,6,"2019/05/16 06:05:00",0,"2019/05/16 07:00:00",S>>NIL_BRTW_WEP4,365.43863,0,0,"2019/05/16 06:00:26",,"2019/05/15 00:00:00",1,20.01137
D,P5MIN,CONSTRAINTSOLUTION,6,"2019/05/16 06:05:00",0,"2019/05/16 07:00:00",S>>NIL_BRTW_WTTP,575.75045,0,0,"2019/05/16 06:00:26",,"2019/05/15 00:00:00",1,114.89973
D,P5MIN,CONSTRAINTSOLUTION,6,"2019/05/16 06:05:00",0,"2019/05/16 07:00:00",S>>NIL_BRTX_WEP4,325.43795,0,0,"2019/05/16 06:00:26",,"2019/05/15 00:00:00",1,2.22321
D,P5MIN,CONSTRAINTSOLUTION,6,"2019/05/16 06:05:00",0,"2019/05/16 07:00:00",S>>NIL_BRTX_WTTP,531.25486,0,0,"2019/05/16 06:00:26",,"2019/05/15 00:00:00",1,76.90937
D,P5MIN,CONSTRAINTSOLUTION,6,"2019/05/16 06:05:00",0,"2019/05/16 07:00:00",S>>NIL_BWMP_BRTW,1279.9575,0,0,"2019/05/16 06:00:26",,"2019/05/15 00:00:00",1,265.37075
D,P5MIN,CONSTRAINTSOLUTION,6,"2019/05/16 06:05:00",0,"2019/05/16 07:00:00",S>>NIL_BWMP_TPRS,462.09079,0,0,"2019/05/16 06:00:26",,"2019/05/15 00:00:00",1,86.27408
D,P5MIN,CONSTRAINTSOLUTION,6,"2019/05/16 06:05:00",0,"2019/05/16 07:00:00",S>>NIL_BWMP_TWPA,1157.06307,0,0,"2019/05/16 06:00:26",,"2019/05/15 00:00:00",1,247.2042
D,P5MIN,CONSTRAINTSOLUTION,6,"2019/05/16 06:05:00",0,"2019/05/16 07:00:00",S>>NIL_BWMP_WEP4,284.10263,0,0,"2019/05/16 06:00:26",,"2019/05/15 00:00:00",1,8.12503
D,P5MIN,CONSTRAINTSOLUTION,6,"2019/05/16 06:05:00",0,"2019/05/16 07:00:00",S>>NIL_BWMP_WTTP,586.15682,0,0,"2019/05/16 06:00:26",,"2019/05/15 00:00:00",1,114.96529
D,P5MIN,CONSTRAINTSOLUTION,6,"2019/05/16 06:05:00",0,"2019/05/16 07:00:00",S>>NIL_CGTB_TUTB_1,670.25828,0,0,"2019/05/16 06:00:26",,"2019/05/15 00:00:00",1,325.15934
D,P5MIN,CONSTRAINTSOLUTION,6,"2019/05/16 06:05:00",0,"2019/05/16 07:00:00",S>>NIL_CNRB_WEMWP4,384.12219,0,0,"2019/05/16 06:00:26",,"2019/05/15 00:00:00",1,54.47093
D,P5MIN,CONSTRAINTSOLUTION,6,"2019/05/16 06:05:00",0,"2019/05/16 07:00:00",S>>NIL_HUBG-T_WEWT,10000,0,0,"2019/05/16 06:00:26",,"2019/05/15 00:00:00",1,36.09594
D,P5MIN,CONSTRAINTSOLUTION,6,"2019/05/16 06:05:00",0,"2019/05/16 07:00:00",S>>NIL_HUBG-T_WEWT2,324.41841,0,0,"2019/05/16 06:00:26",,"2019/05/15 00:00:00",1,36.09594
D,P5MIN,CONSTRAINTSOLUTION,6,"2019/05/16 06:05:00",0,"2019/05/16 07:00:00",S>>NIL_LKDV_WEWT,296.94615,0,0,"2019/05/16 06:00:26",,"2019/05/15 00:00:00",1,50.90835
D,P5MIN,CONSTRAINTSOLUTION,6,"2019/05/16 06:05:00",0,"2019/05/16 07:00:00",S>>NIL_MKRB_WEMWP4,365.06301,0,0,"2019/05/16 06:00:26",,"2019/05/15 00:00:00",1,19.11654
D,P5MIN,CONSTRAINTSOLUTION,6,"2019/05/16 06:05:00",0,"2019/05/16 07:00:00",S>>NIL_RBPA_RBTU,1189.66443,0,0,"2019/05/16 06:00:26",,"2019/05/15 00:00:00",1,291.29459
D,P5MIN,CONSTRAINTSOLUTION,6,"2019/05/16 06:05:00",0,"2019/05/16 07:00:00",S>>NIL_RBPA_WEWT,318.7136,0,0,"2019/05/16 06:00:26",,"2019/05/15 00:00:00",1,54.61349
D,P5MIN,CONSTRAINTSOLUTION,6,"2019/05/16 06:05:00",0,"2019/05/16 07:00:00",S>>NIL_RBTU_BRTW,1417.99857,0,0,"2019/05/16 06:00:26",,"2019/05/15 00:00:00",1,254.14477
D,P5MIN,CONSTRAINTSOLUTION,6,"2019/05/16 06:05:00",0,"2019/05/16 07:00:00",S>>NIL_RBTU_RBPA,1286.48537,0,0,"2019/05/16 06:00:26",,"2019/05/15 00:00:00",1,290.23013
D,P5MIN,CONSTRAINTSOLUTION,6,"2019/05/16 06:05:00",0,"2019/05/16 07:00:00",S>>NIL_RBTU_TWPA,1137.00591,0,0,"2019/05/16 06:00:26",,"2019/05/15 00:00:00",1,212.60335
D,P5MIN,CONSTRAINTSOLUTION,6,"2019/05/16 06:05:00",0,"2019/05/16 07:00:00",S>>NIL_RBTU_WEWT,307.38397,0,0,"2019/05/16 06:00:26",,"2019/05/15 00:00:00",1,61.91857
D,P5MIN,CONSTRAINTSOLUTION,6,"2019/05/16 06:05:00",0,"2019/05/16 07:00:00",S>>NIL_RBTU_WTTP,596.22329,0,0,"2019/05/16 06:00:26",,"2019/05/15 00:00:00",1,123.87186
D,P5MIN,CONSTRAINTSOLUTION,6,"2019/05/16 06:05:00",0,"2019/05/16 07:00:00",S>>NIL_RBTX1_WTWE,277.94937,0,0,"2019/05/16 06:00:26",,"2019/05/15 00:00:00",1,-12.68598
D,P5MIN,CONSTRAINTSOLUTION,6,"2019/05/16 06:05:00",0,"2019/05/16 07:00:00",S>>NIL_SETB_SETB_1,915.92244,0,0,"2019/05/16 06:00:26",,"2019/05/15 00:00:00",1,-325.25353
D,P5MIN,CONSTRAINTSOLUTION,6,"2019/05/16 06:05:00",0,"2019/05/16 07:00:00",S>>NIL_TBCG_TBTU_1,903.73082,0,0,"2019/05/16 06:00:26",,"2019/05/15 00:00:00",1,-325.15934
D,P5MIN,CONSTRAINTSOLUTION,6,"2019/05/16 06:05:00",0,"2019/05/16 07:00:00",S>>NIL_TBSE_PWSE_1,10000,0,0,"2019/05/16 06:00:26",,"2019/03/11 00:00:00",1,77.87876
D,P5MIN,CONSTRAINTSOLUTION,6,"2019/05/16 06:05:00",0,"2019/05/16 07:00:00",S>>NIL_TBSE_TBSE_1,748.35916,0,0,"2019/05/16 06:00:26",,"2019/05/15 00:00:00",1,325.25353
D,P5MIN,CONSTRAINTSOLUTION,6,"2019/05/16 06:05:00",0,"2019/05/16 07:00:00",S>>NIL_TBTU_TBCG_1,957.11109,0,0,"2019/05/16 06:00:26",,"2019/05/15 00:00:00",1,-325.15934
D,P5MIN,CONSTRAINTSOLUTION,6,"2019/05/16 06:05:00",0,"2019/05/16 07:00:00",S>>NIL_TBTU_TBMO_1,435.64374,0,0,"2019/05/16 06:00:26",,"2019/05/15 00:00:00",1,-163.5996
D,P5MIN,CONSTRAINTSOLUTION,6,"2019/05/16 06:05:00",0,"2019/05/16 07:00:00",S>>NIL_TUTB_CGTB_1,723.84628,0,0,"2019/05/16 06:00:26",,"2019/05/15 00:00:00",1,325.15934
D,P5MIN,CONSTRAINTSOLUTION,6,"2019/05/16 06:05:00",0,"2019/05/16 07:00:00",S>>NIL_TUTB_PAAC,747.55408,0,0,"2019/05/16 06:00:26",,"2019/05/15 00:00:00",1,179.03382
D,P5MIN,CONSTRAINTSOLUTION,6,"2019/05/16 06:05:00",0,"2019/05/16 07:00:00",S>>NIL_TWPA_BWMP,936.77146,0,0,"2019/05/16 06:00:26",,"2019/05/15 00:00:00",1,176.16569
D,P5MIN,CONSTRAINTSOLUTION,6,"2019/05/16 06:05:00",0,"2019/05/16 07:00:00",S>>NIL_TWPA_TPRS,383.15735,0,0,"2019/05/16 06:00:26",,"2019/05/15 00:00:00",1,96.0232
D,P5MIN,CONSTRAINTSOLUTION,6,"2019/05/16 06:05:00",0,"2019/05/16 07:00:00",S>>NIL_TWPA_WEMW4,303.96253,0,0,"2019/05/16 06:00:26",,"2019/05/15 00:00:00",1,28.68146
D,P5MIN,CONSTRAINTSOLUTION,6,"2019/05/16 06:05:00",0,"2019/05/16 07:00:00",S>>TBTX4_CGTB_TUTB,636.59379,0,0,"2019/05/16 06:00:26",,"2019/03/13 00:00:00",1,325.23536
D,P5MIN,CONSTRAINTSOLUTION,6,"2019/05/16 06:05:00",0,"2019/05/16 07:00:00",S>>TBTX4_TBCG_TBTU,810.92326,0,0,"2019/05/16 06:00:26",,"2019/03/13 00:00:00",1,-325.23536
D,P5MIN,CONSTRAINTSOLUTION,6,"2019/05/16 06:05:00",0,"2019/05/16 07:00:00",S>>TBTX4_TBTU_TBCG,808.91297,0,0,"2019/05/16 06:00:26",,"2019/03/13 00:00:00",1,-325.23536
D,P5MIN,CONSTRAINTSOLUTION,6,"2019/05/16 06:05:00",0,"2019/05/16 07:00:00",S>>TBTX4_TUTB_CGTB,643.3221,0,0,"2019/05/16 06:00:26",,"2019/03/13 00:00:00",1,325.23536
D,P5MIN,CONSTRAINTSOLUTION,6,"2019/05/16 06:05:00",0,"2019/05/16 07:00:00",S>>V_NIL_DVBG_STBG,185.5035,0,0,"2019/05/16 06:00:26",,"2019/05/14 00:00:00",1,-3.38773
D,P5MIN,CONSTRAINTSOLUTION,6,"2019/05/16 06:05:00",0,"2019/05/16 07:00:00",S>>V_NIL_NIL_HUWT,220.8197,0,0,"2019/05/16 06:00:26",,"2019/05/14 00:00:00",1,-1.62543
D,P5MIN,CONSTRAINTSOLUTION,6,"2019/05/16 06:05:00",0,"2019/05/16 07:00:00",S>>V_NIL_NIL_MNWT,301.2297,0,0,"2019/05/16 06:00:26",,"2019/05/14 00:00:00",1,4.95606
D,P5MIN,CONSTRAINTSOLUTION,6,"2019/05/16 06:05:00",0,"2019/05/16 07:00:00",S>>V_NIL_RBTX_MW4RB,321.20661,0,0,"2019/05/16 06:00:26",,"2019/05/14 00:00:00",1,10.91963
D,P5MIN,CONSTRAINTSOLUTION,6,"2019/05/16 06:05:00",0,"2019/05/16 07:00:00",S>>V_NIL_WTTP_WEMW4,306.07343,0,0,"2019/05/16 06:00:26",,"2019/05/14 00:00:00",1,29.21314
D,P5MIN,CONSTRAINTSOLUTION,6,"2019/05/16 06:05:00",0,"2019/05/16 07:00:00",S>DVTX_NIL_DVTX,167.07792,0,0,"2019/05/16 06:00:26",,"2019/01/22 00:00:00",1,0
D,P5MIN,CONSTRAINTSOLUTION,6,"2019/05/16 06:05:00",0,"2019/05/16 07:00:00",S>NIL_BRTW_MNWT,324.05265,0,0,"2019/05/16 06:00:26",,"2019/05/14 00:00:00",1,33.14078
D,P5MIN,CONSTRAINTSOLUTION,6,"2019/05/16 06:05:00",0,"2019/05/16 07:00:00",S>NIL_BWMP_CNRB,739.03294,0,0,"2019/05/16 06:00:26",,"2019/05/14 00:00:00",1,243.27304
D,P5MIN,CONSTRAINTSOLUTION,6,"2019/05/16 06:05:00",0,"2019/05/16 07:00:00",S>NIL_BWMP_HUWT,221.50409,0,0,"2019/05/16 06:00:26",,"2019/05/14 00:00:00",1,7.84851
D,P5MIN,CONSTRAINTSOLUTION,6,"2019/05/16 06:05:00",0,"2019/05/16 07:00:00",S>NIL_BWMP_RHBR-T,312.00838,0,0,"2019/05/16 06:00:26",,"2019/05/14 00:00:00",1,58.41551
D,P5MIN,CONSTRAINTSOLUTION,6,"2019/05/16 06:05:00",0,"2019/05/16 07:00:00",S>NIL_DVBG_BRTW,1613.83246,0,0,"2019/05/16 06:00:26",,"2019/05/14 00:00:00",1,264.02411
D,P5MIN,CONSTRAINTSOLUTION,6,"2019/05/16 06:05:00",0,"2019/05/16 07:00:00",S>NIL_DVTX_DVTX,166.4676,0,0,"2019/05/16 06:00:26",,"2019/01/11 00:00:00",1,0
D,P5MIN,CONSTRAINTSOLUTION,6,"2019/05/16 06:05:00",0,"2019/05/16 07:00:00",S>NIL_HUWT_STBG,10000,0,0,"2019/05/16 06:00:26",,"2019/01/11 00:00:00",1,0
D,P5MIN,CONSTRAINTSOLUTION,6,"2019/05/16 06:05:00",0,"2019/05/16 07:00:00",S>NIL_HUWT_STBG2,124.52575,0,0,"2019/05/16 06:00:26",,"2019/01/11 00:00:00",1,0
D,P5MIN,CONSTRAINTSOLUTION,6,"2019/05/16 06:05:00",0,"2019/05/16 07:00:00",S>NIL_LKDV_CNRB,455.07,0,0,"2019/05/16 06:00:26",,"2019/01/11 00:00:00",1,218.687
D,P5MIN,CONSTRAINTSOLUTION,6,"2019/05/16 06:05:00",0,"2019/05/16 07:00:00",S>NIL_MHNW1_MHNW2,10000,0,0,"2019/05/16 06:00:26",,"2019/01/11 00:00:00",1,-45
D,P5MIN,CONSTRAINTSOLUTION,6,"2019/05/16 06:05:00",0,"2019/05/16 07:00:00",S>NIL_NIL_DLAW,114.51736,0,0,"2019/05/16 06:00:26",,"2019/01/11 00:00:00",1,0
D,P5MIN,CONSTRAINTSOLUTION,6,"2019/05/16 06:05:00",0,"2019/05/16 07:00:00",S>NIL_NIL_MHNW2,271.34953,0,0,"2019/05/16 06:00:26",,"2019/01/11 00:00:00",1,-45
D,P5MIN,CONSTRAINTSOLUTION,6,"2019/05/16 06:05:00",0,"2019/05/16 07:00:00",S>NIL_NIL_MYSG-T,275.54304,0,0,"2019/05/16 06:00:26",,"2019/03/14 00:00:00",2,2.795
D,P5MIN,CONSTRAINTSOLUTION,6,"2019/05/16 06:05:00",0,"2019/05/16 07:00:00",S>NIL_NIL_NWMH2,223.01652,0,0,"2019/05/16 06:00:26",,"2019/01/11 00:00:00",1,45
D,P5MIN,CONSTRAINTSOLUTION,6,"2019/05/16 06:05:00",0,"2019/05/16 07:00:00",S>NIL_NIL_SETX12,387.46214,0,0,"2019/05/16 06:00:26",,"2019/03/14 00:00:00",2,2.795
D,P5MIN,CONSTRAINTSOLUTION,6,"2019/05/16 06:05:00",0,"2019/05/16 07:00:00",S>NIL_NIL_SGBN,348.32864,0,0,"2019/05/16 06:00:26",,"2019/03/14 00:00:00",2,2.795
D,P5MIN,CONSTRAINTSOLUTION,6,"2019/05/16 06:05:00",0,"2019/05/16 07:00:00",S>NIL_NIL_SGMYSE-T2,409.00985,0,0,"2019/05/16 06:00:26",,"2019/03/14 00:00:00",2,2.795
D,P5MIN,CONSTRAINTSOLUTION,6,"2019/05/16 06:05:00",0,"2019/05/16 07:00:00",S>NIL_NWMH1_NWMH2,10000,0,0,"2019/05/16 06:00:26",,"2019/01/11 00:00:00",1,45
D,P5MIN,CONSTRAINTSOLUTION,6,"2019/05/16 06:05:00",0,"2019/05/16 07:00:00",S>NIL_PL_GENMAX,75.92805,0,0,"2019/05/16 06:00:26",,"2019/01/11 00:00:00",1,0
D,P5MIN,CONSTRAINTSOLUTION,6,"2019/05/16 06:05:00",0,"2019/05/16 07:00:00",S>NIL_PL_GENMAX_YDMD,104.09543,0,0,"2019/05/16 06:00:26",,"2019/01/11 00:00:00",1,0
D,P5MIN,CONSTRAINTSOLUTION,6,"2019/05/16 06:05:00",0,"2019/05/16 07:00:00",S>NIL_RBMWP3_RBNW1,10000,0,0,"2019/05/16 06:00:26",,"2019/01/11 00:00:00",1,45
D,P5MIN,CONSTRAINTSOLUTION,6,"2019/05/16 06:05:00",0,"2019/05/16 07:00:00",S>NIL_RBNW1_RBMWP3,10000,0,0,"2019/05/16 06:00:26",,"2019/01/11 00:00:00",1,45
D,P5MIN,CONSTRAINTSOLUTION,6,"2019/05/16 06:05:00",0,"2019/05/16 07:00:00",S>NIL_SGBN_SGSE-T2,10000,0,0,"2019/05/16 06:00:26",,"2019/03/14 00:00:00",2,2.795
D,P5MIN,CONSTRAINTSOLUTION,6,"2019/05/16 06:05:00",0,"2019/05/16 07:00:00",S>NIL_TINO3_TINO4,308.14399,0,0,"2019/05/16 06:00:26",,"2019/03/14 00:00:00",2,-185
D,P5MIN,CONSTRAINTSOLUTION,6,"2019/05/16 06:05:00",0,"2019/05/16 07:00:00",S>NIL_WEMW4_WTTP,383.72493,0,0,"2019/05/16 06:00:26",,"2019/05/14 00:00:00",1,51.10326
D,P5MIN,CONSTRAINTSOLUTION,6,"2019/05/16 06:05:00",0,"2019/05/16 07:00:00",S>SETXH1_SETXL2,63.20429,0,0,"2019/05/16 06:00:26",,"2019/05/16 00:00:00",4,-26.40571
D,P5MIN,CONSTRAINTSOLUTION,6,"2019/05/16 06:05:00",0,"2019/05/16 07:00:00",S>V_NIL_NIL_RBNW,165.39678,0,0,"2019/05/16 06:00:26",,"2019/01/25 00:00:00",1,45
D,P5MIN,CONSTRAINTSOLUTION,6,"2019/05/16 06:05:00",0,"2019/05/16 07:00:00",S>V_NIL_SEHY,742,0,0,"2019/05/16 06:00:26",,"2016/09/13 00:00:00",1,327.92918
D,P5MIN,CONSTRAINTSOLUTION,6,"2019/05/16 06:05:00",0,"2019/05/16 07:00:00",S>V_NIL_SETX_SETX,10000,0,0,"2019/05/16 06:00:26",,"2019/05/08 00:00:00",2,0
D,P5MIN,CONSTRAINTSOLUTION,6,"2019/05/16 06:05:00",0,"2019/05/16 07:00:00",S>V_NIL_SETX_SETX1,180.12918,0,0,"2019/05/16 06:00:26",,"2019/05/08 00:00:00",2,2.795
D,P5MIN,CONSTRAINTSOLUTION,6,"2019/05/16 06:05:00",0,"2019/05/16 07:00:00",SVML_233,233,0,0,"2019/05/16 06:00:26",,"2014/10/01 00:00:00",1,45
D,P5MIN,CONSTRAINTSOLUTION,6,"2019/05/16 06:05:00",0,"2019/05/16 07:00:00",SVML_ROC_80,107,0,0,"2019/05/16 06:00:26",,"2016/08/23 00:00:00",1,45
D,P5MIN,CONSTRAINTSOLUTION,6,"2019/05/16 06:05:00",0,"2019/05/16 07:00:00",S^NIL_PL_MAX,44.79406,0,0,"2019/05/16 06:00:26",,"2017/07/11 00:00:00",1,0
D,P5MIN,CONSTRAINTSOLUTION,6,"2019/05/16 06:05:00",0,"2019/05/16 07:00:00",S_LB2WF_CONF,198,0,0,"2019/05/16 06:00:26",,"2015/08/07 00:00:00",1,2.795
D,P5MIN,CONSTRAINTSOLUTION,6,"2019/05/16 06:05:00",0,"2019/05/16 07:00:00",S_NIL_STRENGTH_1,10516,0,0,"2019/05/16 06:00:26",,"2018/12/05 00:00:00",1,447.94
D,P5MIN,CONSTRAINTSOLUTION,6,"2019/05/16 06:05:00",0,"2019/05/16 07:00:00",S_NIL_STRENGTH_2,1790.84049,0,0,"2019/05/16 06:00:26",,"2018/11/26 00:00:00",1,120.01082
D,P5MIN,CONSTRAINTSOLUTION,6,"2019/05/16 06:05:00",0,"2019/05/16 07:00:00",S_V_NIL_ROCOF,1273.80002,0,0,"2019/05/16 06:00:26",,"2019/01/03 00:00:00",1,327.92918
D,P5MIN,CONSTRAINTSOLUTION,6,"2019/05/16 06:05:00",0,"2019/05/16 07:00:00",T::T_NIL_1,741.78628,0,0,"2019/05/16 06:00:26",,"2014/07/31 00:00:00",1,458.68707
D,P5MIN,CONSTRAINTSOLUTION,6,"2019/05/16 06:05:00",0,"2019/05/16 07:00:00",T::T_NIL_2,10697.73125,0,0,"2019/05/16 06:00:26",,"2014/07/31 00:00:00",1,452.21792
D,P5MIN,CONSTRAINTSOLUTION,6,"2019/05/16 06:05:00",0,"2019/05/16 07:00:00",T::T_NIL_3,802.15306,0,0,"2019/05/16 06:00:26",,"2014/07/31 00:00:00",1,664.44772
D,P5MIN,CONSTRAINTSOLUTION,6,"2019/05/16 06:05:00",0,"2019/05/16 07:00:00",T::T_NIL_4,10940.71953,0,0,"2019/05/16 06:00:26",,"2014/07/31 00:00:00",1,660.82557
D,P5MIN,CONSTRAINTSOLUTION,6,"2019/05/16 06:05:00",0,"2019/05/16 07:00:00",T:T_LIPM_1,-344.29524,0,0,"2019/05/16 06:00:26",,"2013/08/21 00:00:00",1,-464.25134
D,P5MIN,CONSTRAINTSOLUTION,6,"2019/05/16 06:05:00",0,"2019/05/16 07:00:00",T:T_LIPM_2,489.12166,0,0,"2019/05/16 06:00:26",,"2013/08/21 00:00:00",1,299.26222
D,P5MIN,CONSTRAINTSOLUTION,6,"2019/05/16 06:05:00",0,"2019/05/16 07:00:00",T>>T_NIL_BL_EXP_3F,11137.81748,0,0,"2019/05/16 06:00:26",,"2017/07/17 00:00:00",1,598.8381
D,P5MIN,CONSTRAINTSOLUTION,6,"2019/05/16 06:05:00",0,"2019/05/16 07:00:00",T>>T_NIL_BL_EXP_3G,11314.60614,0,0,"2019/05/16 06:00:26",,"2017/07/17 00:00:00",1,453.26828
D,P5MIN,CONSTRAINTSOLUTION,6,"2019/05/16 06:05:00",0,"2019/05/16 07:00:00",T>>T_NIL_BL_EXP_3H,11631.82307,0,0,"2019/05/16 06:00:26",,"2017/07/17 00:00:00",1,695.62718
D,P5MIN,CONSTRAINTSOLUTION,6,"2019/05/16 06:05:00",0,"2019/05/16 07:00:00",T>>T_NIL_BL_EXP_4E,10425.08461,0,0,"2019/05/16 06:00:26",,"2016/07/26 00:00:00",1,186.83923
D,P5MIN,CONSTRAINTSOLUTION,6,"2019/05/16 06:05:00",0,"2019/05/16 07:00:00",T>>T_NIL_BL_EXP_4F,10381.83625,0,0,"2019/05/16 06:00:26",,"2016/06/16 00:00:00",1,188.2622
D,P5MIN,CONSTRAINTSOLUTION,6,"2019/05/16 06:05:00",0,"2019/05/16 07:00:00",T>>T_NIL_BL_EXP_5F,21087.67226,0,0,"2019/05/16 06:00:26",,"2017/07/17 00:00:00",1,656.49174
D,P5MIN,CONSTRAINTSOLUTION,6,"2019/05/16 06:05:00",0,"2019/05/16 07:00:00",T>>T_NIL_BL_EXP_5G,11323.66295,0,0,"2019/05/16 06:00:26",,"2017/07/17 00:00:00",1,544.86914
D,P5MIN,CONSTRAINTSOLUTION,6,"2019/05/16 06:05:00",0,"2019/05/16 07:00:00",T>>T_NIL_BL_EXP_5H,11525.13324,0,0,"2019/05/16 06:00:26",,"2017/07/17 00:00:00",1,752.95842
D,P5MIN,CONSTRAINTSOLUTION,6,"2019/05/16 06:05:00",0,"2019/05/16 07:00:00",T>>T_NIL_BL_EXP_6E,21030.20735,0,0,"2019/05/16 06:00:26",,"2017/07/17 00:00:00",1,818.59476
D,P5MIN,CONSTRAINTSOLUTION,6,"2019/05/16 06:05:00",0,"2019/05/16 07:00:00",T>>T_NIL_BL_EXP_6F,21104.73268,0,0,"2019/05/16 06:00:26",,"2017/07/17 00:00:00",1,685.00954
D,P5MIN,CONSTRAINTSOLUTION,6,"2019/05/16 06:05:00",0,"2019/05/16 07:00:00",T>>T_NIL_BL_EXP_7C,20569.57316,0,0,"2019/05/16 06:00:26",,"2017/07/17 00:00:00",1,512.00954
D,P5MIN,CONSTRAINTSOLUTION,6,"2019/05/16 06:05:00",0,"2019/05/16 07:00:00",T>T_LIPM_110_2A,-369.08315,-0.02,0,"2019/05/16 06:00:26",,"2019/04/24 00:00:00",2,-369.08314
D,P5MIN,CONSTRAINTSOLUTION,6,"2019/05/16 06:05:00",0,"2019/05/16 07:00:00",T>T_LIPM_110_2B,524.55311,0,0,"2019/05/16 06:00:26",,"2019/04/24 00:00:00",2,369.08314
D,P5MIN,CONSTRAINTSOLUTION,6,"2019/05/16 06:05:00",0,"2019/05/16 07:00:00",T>T_LIPM_110_3_1,336.02049,0,0,"2019/05/16 06:00:26",,"2019/04/24 00:00:00",2,161.13168
D,P5MIN,CONSTRAINTSOLUTION,6,"2019/05/16 06:05:00",0,"2019/05/16 07:00:00",T>T_LIPM_110_5,-43.46071,0,0,"2019/05/16 06:00:26",,"2019/04/24 00:00:00",2,-250.07329
D,P5MIN,CONSTRAINTSOLUTION,6,"2019/05/16 06:05:00",0,"2019/05/16 07:00:00",T>T_NIL_110_4,233.71761,0,0,"2019/05/16 06:00:26",,"2019/01/11 00:00:00",1,-51.97861
D,P5MIN,CONSTRAINTSOLUTION,6,"2019/05/16 06:05:00",0,"2019/05/16 07:00:00",T>T_NIL_110_5,374.49105,0,0,"2019/05/16 06:00:26",,"2019/01/11 00:00:00",1,51.97861
D,P5MIN,CONSTRAINTSOLUTION,6,"2019/05/16 06:05:00",0,"2019/05/16 07:00:00",T>T_NIL_BL_110_18_1,324.14476,0,0,"2019/05/16 06:00:26",,"2019/01/11 00:00:00",1,150.57981
D,P5MIN,CONSTRAINTSOLUTION,6,"2019/05/16 06:05:00",0,"2019/05/16 07:00:00",T>T_NIL_BL_110_8,286.95157,0,0,"2019/05/16 06:00:26",,"2019/01/11 00:00:00",1,133.31429
D,P5MIN,CONSTRAINTSOLUTION,6,"2019/05/16 06:05:00",0,"2019/05/16 07:00:00",T>T_NIL_BL_220_6B,1029.81977,0,0,"2019/05/16 06:00:26",,"2019/01/11 00:00:00",1,333.48149
D,P5MIN,CONSTRAINTSOLUTION,6,"2019/05/16 06:05:00",0,"2019/05/16 07:00:00",T>T_NIL_BL_3A,1612.29628,0,0,"2019/05/16 06:00:26",,"2019/01/11 00:00:00",1,503.56839
D,P5MIN,CONSTRAINTSOLUTION,6,"2019/05/16 06:05:00",0,"2019/05/16 07:00:00",T>T_NIL_BL_3B,1611.53033,0,0,"2019/05/16 06:00:26",,"2019/01/11 00:00:00",1,503.56839
D,P5MIN,CONSTRAINTSOLUTION,6,"2019/05/16 06:05:00",0,"2019/05/16 07:00:00",T>T_NIL_BL_3C,11184.71704,0,0,"2019/05/16 06:00:26",,"2017/07/17 00:00:00",1,505.4081
D,P5MIN,CONSTRAINTSOLUTION,6,"2019/05/16 06:05:00",0,"2019/05/16 07:00:00",T>T_NIL_BL_3D,11361.91178,0,0,"2019/05/16 06:00:26",,"2017/07/17 00:00:00",1,358.67828
D,P5MIN,CONSTRAINTSOLUTION,6,"2019/05/16 06:05:00",0,"2019/05/16 07:00:00",T>T_NIL_BL_3E,11678.94713,0,0,"2019/05/16 06:00:26",,"2017/07/17 00:00:00",1,601.94718
D,P5MIN,CONSTRAINTSOLUTION,6,"2019/05/16 06:05:00",0,"2019/05/16 07:00:00",T>T_NIL_BL_4A,634.60363,0,0,"2019/05/16 06:00:26",,"2019/01/11 00:00:00",1,91.20063
D,P5MIN,CONSTRAINTSOLUTION,6,"2019/05/16 06:05:00",0,"2019/05/16 07:00:00",T>T_NIL_BL_4B,634.87398,0,0,"2019/05/16 06:00:26",,"2019/01/11 00:00:00",1,91.20063
D,P5MIN,CONSTRAINTSOLUTION,6,"2019/05/16 06:05:00",0,"2019/05/16 07:00:00",T>T_NIL_BL_4C,10810.12306,0,0,"2019/05/16 06:00:26",,"2016/07/26 00:00:00",1,148.07685
D,P5MIN,CONSTRAINTSOLUTION,6,"2019/05/16 06:05:00",0,"2019/05/16 07:00:00",T>T_NIL_BL_4D,10965.48214,0,0,"2019/05/16 06:00:26",,"2016/07/26 00:00:00",1,198.91911
D,P5MIN,CONSTRAINTSOLUTION,6,"2019/05/16 06:05:00",0,"2019/05/16 07:00:00",T>T_NIL_BL_5A,1486.85931,0,0,"2019/05/16 06:00:26",,"2019/01/11 00:00:00",1,565.53851
D,P5MIN,CONSTRAINTSOLUTION,6,"2019/05/16 06:05:00",0,"2019/05/16 07:00:00",T>T_NIL_BL_5B,1486.23758,0,0,"2019/05/16 06:00:26",,"2019/01/11 00:00:00",1,565.53851
D,P5MIN,CONSTRAINTSOLUTION,6,"2019/05/16 06:05:00",0,"2019/05/16 07:00:00",T>T_NIL_BL_5C,11132.77546,0,0,"2019/05/16 06:00:26",,"2017/07/17 00:00:00",1,565.52174
D,P5MIN,CONSTRAINTSOLUTION,6,"2019/05/16 06:05:00",0,"2019/05/16 07:00:00",T>T_NIL_BL_5D,11373.66931,0,0,"2019/05/16 06:00:26",,"2017/07/17 00:00:00",1,444.86914
D,P5MIN,CONSTRAINTSOLUTION,6,"2019/05/16 06:05:00",0,"2019/05/16 07:00:00",T>T_NIL_BL_5E,11571.79138,0,0,"2019/05/16 06:00:26",,"2017/07/17 00:00:00",1,660.16842
D,P5MIN,CONSTRAINTSOLUTION,6,"2019/05/16 06:05:00",0,"2019/05/16 07:00:00",T>T_NIL_BL_6A,1450.40501,0,0,"2019/05/16 06:00:26",,"2019/01/11 00:00:00",1,718.58788
D,P5MIN,CONSTRAINTSOLUTION,6,"2019/05/16 06:05:00",0,"2019/05/16 07:00:00",T>T_NIL_BL_6B,1449.72909,0,0,"2019/05/16 06:00:26",,"2019/01/11 00:00:00",1,718.58788
D,P5MIN,CONSTRAINTSOLUTION,6,"2019/05/16 06:05:00",0,"2019/05/16 07:00:00",T>T_NIL_BL_6C,11080.21981,0,0,"2019/05/16 06:00:26",,"2017/07/17 00:00:00",1,384.58522
D,P5MIN,CONSTRAINTSOLUTION,6,"2019/05/16 06:05:00",0,"2019/05/16 07:00:00",T>T_NIL_BL_6D,11155.36267,0,0,"2019/05/16 06:00:26",,"2017/07/17 00:00:00",1,251
D,P5MIN,CONSTRAINTSOLUTION,6,"2019/05/16 06:05:00",0,"2019/05/16 07:00:00",T>T_NIL_BL_IMP_2B,937.37446,0,0,"2019/05/16 06:00:26",,"2019/01/11 00:00:00",1,233.94654
D,P5MIN,CONSTRAINTSOLUTION,6,"2019/05/16 06:05:00",0,"2019/05/16 07:00:00",T>T_NIL_BL_IMP_3F,1207.12764,0,0,"2019/05/16 06:00:26",,"2019/01/11 00:00:00",1,503.59341
D,P5MIN,CONSTRAINTSOLUTION,6,"2019/05/16 06:05:00",0,"2019/05/16 07:00:00",T>T_NIL_BL_IMP_3FF,1206.62552,0,0,"2019/05/16 06:00:26",,"2019/01/11 00:00:00",1,503.59341
D,P5MIN,CONSTRAINTSOLUTION,6,"2019/05/16 06:05:00",0,"2019/05/16 07:00:00",T>T_NIL_BL_IMP_3G,1379.32604,0,0,"2019/05/16 06:00:26",,"2019/01/11 00:00:00",1,357.10704
D,P5MIN,CONSTRAINTSOLUTION,6,"2019/05/16 06:05:00",0,"2019/05/16 07:00:00",T>T_NIL_BL_IMP_3H,1715.82133,0,0,"2019/05/16 06:00:26",,"2019/01/11 00:00:00",1,600.1278
D,P5MIN,CONSTRAINTSOLUTION,6,"2019/05/16 06:05:00",0,"2019/05/16 07:00:00",T>T_NIL_BL_IMP_4E,495.16161,0,0,"2019/05/16 06:00:26",,"2019/01/11 00:00:00",1,91.18457
D,P5MIN,CONSTRAINTSOLUTION,6,"2019/05/16 06:05:00",0,"2019/05/16 07:00:00",T>T_NIL_BL_IMP_4EE,495.3646,0,0,"2019/05/16 06:00:26",,"2019/01/11 00:00:00",1,91.18457
D,P5MIN,CONSTRAINTSOLUTION,6,"2019/05/16 06:05:00",0,"2019/05/16 07:00:00",T>T_NIL_BL_IMP_4F,451.8293,0,0,"2019/05/16 06:00:26",,"2019/01/11 00:00:00",1,92.9859
D,P5MIN,CONSTRAINTSOLUTION,6,"2019/05/16 06:05:00",0,"2019/05/16 07:00:00",T>T_NIL_BL_IMP_5F,1152.72458,0,0,"2019/05/16 06:00:26",,"2019/01/11 00:00:00",1,565.52174
D,P5MIN,CONSTRAINTSOLUTION,6,"2019/05/16 06:05:00",0,"2019/05/16 07:00:00",T>T_NIL_BL_IMP_5FF,1152.32021,0,0,"2019/05/16 06:00:26",,"2019/01/11 00:00:00",1,565.52174
D,P5MIN,CONSTRAINTSOLUTION,6,"2019/05/16 06:05:00",0,"2019/05/16 07:00:00",T>T_NIL_BL_IMP_5G,1383.41435,0,0,"2019/05/16 06:00:26",,"2019/01/11 00:00:00",1,444.86914
D,P5MIN,CONSTRAINTSOLUTION,6,"2019/05/16 06:05:00",0,"2019/05/16 07:00:00",T>T_NIL_BL_IMP_5H,1599.73816,0,0,"2019/05/16 06:00:26",,"2019/01/11 00:00:00",1,660.4253
D,P5MIN,CONSTRAINTSOLUTION,6,"2019/05/16 06:05:00",0,"2019/05/16 07:00:00",T>T_NIL_BL_IMP_6E,1078.97481,0,0,"2019/05/16 06:00:26",,"2019/01/11 00:00:00",1,718.59476
D,P5MIN,CONSTRAINTSOLUTION,6,"2019/05/16 06:05:00",0,"2019/05/16 07:00:00",T>T_NIL_BL_IMP_6EE,1078.97481,0,0,"2019/05/16 06:00:26",,"2019/01/11 00:00:00",1,718.59476
D,P5MIN,CONSTRAINTSOLUTION,6,"2019/05/16 06:05:00",0,"2019/05/16 07:00:00",T>T_NIL_BL_IMP_6F,1169.80434,0,0,"2019/05/16 06:00:26",,"2019/01/11 00:00:00",1,585.00954
D,P5MIN,CONSTRAINTSOLUTION,6,"2019/05/16 06:05:00",0,"2019/05/16 07:00:00",T>T_NIL_BL_IMP_7C,629.63759,0,0,"2019/05/16 06:00:26",,"2019/01/11 00:00:00",1,412.00954
D,P5MIN,CONSTRAINTSOLUTION,6,"2019/05/16 06:05:00",0,"2019/05/16 07:00:00",T>T_NIL_BL_IMP_7CC,629.13772,0,0,"2019/05/16 06:00:26",,"2019/01/11 00:00:00",1,412.00954
D,P5MIN,CONSTRAINTSOLUTION,6,"2019/05/16 06:05:00",0,"2019/05/16 07:00:00",T>T_NIL_BL_IMP_8B,1014.70561,0,0,"2019/05/16 06:00:26",,"2019/01/11 00:00:00",1,312.38603
D,P5MIN,CONSTRAINTSOLUTION,6,"2019/05/16 06:05:00",0,"2019/05/16 07:00:00",T>T_NIL_BL_IMP_8C,47.6219,0,0,"2019/05/16 06:00:26",,"2019/01/11 00:00:00",1,-312.38603
D,P5MIN,CONSTRAINTSOLUTION,6,"2019/05/16 06:05:00",0,"2019/05/16 07:00:00",T>T_NIL_NCSPS5_3F,11207.81228,0,0,"2019/05/16 06:00:26",,"2019/01/11 00:00:00",1,503.59341
D,P5MIN,CONSTRAINTSOLUTION,6,"2019/05/16 06:05:00",0,"2019/05/16 07:00:00",T>T_NIL_NCSPS5_3FF,11207.81228,0,0,"2019/05/16 06:00:26",,"2019/01/11 00:00:00",1,503.59341
D,P5MIN,CONSTRAINTSOLUTION,6,"2019/05/16 06:05:00",0,"2019/05/16 07:00:00",T>T_NIL_NCSPS5_3G,11380.19805,0,0,"2019/05/16 06:00:26",,"2019/01/11 00:00:00",1,357.10704
D,P5MIN,CONSTRAINTSOLUTION,6,"2019/05/16 06:05:00",0,"2019/05/16 07:00:00",T>T_NIL_NCSPS5_3H,11716.92826,0,0,"2019/05/16 06:00:26",,"2019/01/11 00:00:00",1,600.1278
D,P5MIN,CONSTRAINTSOLUTION,6,"2019/05/16 06:05:00",0,"2019/05/16 07:00:00",T>T_NIL_NCSPS5_7C,10658.9539,0,0,"2019/05/16 06:00:26",,"2019/01/11 00:00:00",1,412.00954
D,P5MIN,CONSTRAINTSOLUTION,6,"2019/05/16 06:05:00",0,"2019/05/16 07:00:00",T>T_NIL_TOV_5F,11405.41176,0,0,"2019/05/16 06:00:26",,"2019/01/11 00:00:00",1,565.52174
D,P5MIN,CONSTRAINTSOLUTION,6,"2019/05/16 06:05:00",0,"2019/05/16 07:00:00",T>T_NIL_TOV_5FF,11405.41176,0,0,"2019/05/16 06:00:26",,"2019/01/11 00:00:00",1,565.52174
D,P5MIN,CONSTRAINTSOLUTION,6,"2019/05/16 06:05:00",0,"2019/05/16 07:00:00",TVBL_ROC,101.13813,0,0,"2019/05/16 06:00:26",,"2014/01/15 00:00:00",1,-100
D,P5MIN,CONSTRAINTSOLUTION,6,"2019/05/16 06:05:00",0,"2019/05/16 07:00:00",T^T_LIPM_1,-139.24196,0,0,"2019/05/16 06:00:26",,"2017/07/05 00:00:00",1,-199.46557
D,P5MIN,CONSTRAINTSOLUTION,6,"2019/05/16 06:05:00",0,"2019/05/16 07:00:00",T^T_NIL_BL_1,1696.23909,0,0,"2019/05/16 06:00:26",,"2017/07/05 00:00:00",1,55.89081
D,P5MIN,CONSTRAINTSOLUTION,6,"2019/05/16 06:05:00",0,"2019/05/16 07:00:00",T^T_NIL_BL_2,12701.01168,0,0,"2019/05/16 06:00:26",,"2017/07/05 00:00:00",1,-165.10765
D,P5MIN,CONSTRAINTSOLUTION,6,"2019/05/16 06:05:00",0,"2019/05/16 07:00:00",T^T_NIL_BL_4,1885.07051,0,0,"2019/05/16 06:00:26",,"2017/07/05 00:00:00",1,-149.97638
D,P5MIN,CONSTRAINTSOLUTION,6,"2019/05/16 06:05:00",0,"2019/05/16 07:00:00",T^T_NIL_BL_5,763.03582,0,0,"2019/05/16 06:00:26",,"2017/07/05 00:00:00",1,-131.62392
D,P5MIN,CONSTRAINTSOLUTION,6,"2019/05/16 06:05:00",0,"2019/05/16 07:00:00",T^T_NIL_BL_6,138.34555,0,0,"2019/05/16 06:00:26",,"2017/07/05 00:00:00",1,-133.03569
D,P5MIN,CONSTRAINTSOLUTION,6,"2019/05/16 06:05:00",0,"2019/05/16 07:00:00",T^T_NIL_BL_7,989.89566,0,0,"2019/05/16 06:00:26",,"2017/07/05 00:00:00",1,-124.46661
D,P5MIN,CONSTRAINTSOLUTION,6,"2019/05/16 06:05:00",0,"2019/05/16 07:00:00",T^V_LIPM_BL_6,591.42173,0,0,"2019/05/16 06:00:26",,"2013/08/21 00:00:00",1,-100
D,P5MIN,CONSTRAINTSOLUTION,6,"2019/05/16 06:05:00",0,"2019/05/16 07:00:00",T^V_NIL_10,10688.86472,0,0,"2019/05/16 06:00:26",,"2017/10/10 00:00:00",1,-100
D,P5MIN,CONSTRAINTSOLUTION,6,"2019/05/16 06:05:00",0,"2019/05/16 07:00:00",T^V_NIL_11,10514.06742,0,0,"2019/05/16 06:00:26",,"2019/01/25 00:00:00",1,-79.8009
D,P5MIN,CONSTRAINTSOLUTION,6,"2019/05/16 06:05:00",0,"2019/05/16 07:00:00",T^V_NIL_8,10321.75497,0,0,"2019/05/16 06:00:26",,"2018/05/31 00:00:00",1,-125.0095
D,P5MIN,CONSTRAINTSOLUTION,6,"2019/05/16 06:05:00",0,"2019/05/16 07:00:00",T^V_NIL_9,594,0,0,"2019/05/16 06:00:26",,"2015/09/29 00:00:00",1,-100
D,P5MIN,CONSTRAINTSOLUTION,6,"2019/05/16 06:05:00",0,"2019/05/16 07:00:00",T^V_NIL_BL_6,604.96299,0,0,"2019/05/16 06:00:26",,"2013/08/21 00:00:00",1,-100
D,P5MIN,CONSTRAINTSOLUTION,6,"2019/05/16 06:05:00",0,"2019/05/16 07:00:00",T_LIPM1_SLOAD_1_N-2,526.39645,0,0,"2019/05/16 06:00:26",,"2019/05/10 00:00:00",1,369.08314
D,P5MIN,CONSTRAINTSOLUTION,6,"2019/05/16 06:05:00",0,"2019/05/16 07:00:00",T_ROCOF_1,756.37938,0,0,"2019/05/16 06:00:26",,"2014/07/31 00:00:00",1,152.27827
D,P5MIN,CONSTRAINTSOLUTION,6,"2019/05/16 06:05:00",0,"2019/05/16 07:00:00",T_ROCOF_2,10778.07214,0,0,"2019/05/16 06:00:26",,"2014/07/31 00:00:00",1,115.47142
D,P5MIN,CONSTRAINTSOLUTION,6,"2019/05/16 06:05:00",0,"2019/05/16 07:00:00",T_ROCOF_3,11279.64898,0,0,"2019/05/16 06:00:26",,"2014/01/09 00:00:00",1,124.786
D,P5MIN,CONSTRAINTSOLUTION,6,"2019/05/16 06:05:00",0,"2019/05/16 07:00:00",T_V_NIL_BL1,-50,0,0,"2019/05/16 06:00:26",,"2008/05/26 00:00:00",1,-100
D,P5MIN,CONSTRAINTSOLUTION,6,"2019/05/16 06:05:00",0,"2019/05/16 07:00:00",T_V_NIL_FCSPS,371.75995,0,0,"2019/05/16 06:00:26",,"2013/08/21 00:00:00",1,-100
D,P5MIN,CONSTRAINTSOLUTION,6,"2019/05/16 06:05:00",0,"2019/05/16 07:00:00",V::N_NIL_Q1,20041.22247,0,0,"2019/05/16 06:00:26",,"2019/05/01 00:00:00",1,-1384.68405
D,P5MIN,CONSTRAINTSOLUTION,6,"2019/05/16 06:05:00",0,"2019/05/16 07:00:00",V::N_NIL_Q2,10041.22247,0,0,"2019/05/16 06:00:26",,"2019/05/01 00:00:00",1,-1222.53805
D,P5MIN,CONSTRAINTSOLUTION,6,"2019/05/16 06:05:00",0,"2019/05/16 07:00:00",V::N_NIL_S,829.71341,0,0,"2019/05/16 06:00:26",,"2019/05/01 00:00:00",1,-499.72404
D,P5MIN,CONSTRAINTSOLUTION,6,"2019/05/16 06:05:00",0,"2019/05/16 07:00:00",V::N_NIL_SD,10687.02564,0,0,"2019/05/16 06:00:26",,"2019/05/01 00:00:00",1,-572.97186
D,P5MIN,CONSTRAINTSOLUTION,6,"2019/05/16 06:05:00",0,"2019/05/16 07:00:00",V::N_NIL_V,754.91678,0,0,"2019/05/16 06:00:26",,"2019/05/01 00:00:00",1,-542.04348
D,P5MIN,CONSTRAINTSOLUTION,6,"2019/05/16 06:05:00",0,"2019/05/16 07:00:00",V::S_NIL_MAXG_1,670.58059,0,0,"2019/05/16 06:00:26",,"2019/02/05 00:00:00",1,-325.83293
D,P5MIN,CONSTRAINTSOLUTION,6,"2019/05/16 06:05:00",0,"2019/05/16 07:00:00",V::S_NIL_MAXG_2,10000,0,0,"2019/05/16 06:00:26",,"2019/02/05 00:00:00",1,-325.63728
D,P5MIN,CONSTRAINTSOLUTION,6,"2019/05/16 06:05:00",0,"2019/05/16 07:00:00",V::S_NIL_MAXG_3,10000,0,0,"2019/05/16 06:00:26",,"2019/02/05 00:00:00",1,-326.08448
D,P5MIN,CONSTRAINTSOLUTION,6,"2019/05/16 06:05:00",0,"2019/05/16 07:00:00",V::S_NIL_MAXG_SECP_1,10000,0,0,"2019/05/16 06:00:26",,"2019/02/11 00:00:00",1,-325.35778
D,P5MIN,CONSTRAINTSOLUTION,6,"2019/05/16 06:05:00",0,"2019/05/16 07:00:00",V::S_NIL_MAXG_SECP_2,10000,0,0,"2019/05/16 06:00:26",,"2019/02/11 00:00:00",1,-325.63728
D,P5MIN,CONSTRAINTSOLUTION,6,"2019/05/16 06:05:00",0,"2019/05/16 07:00:00",V::S_NIL_SETB_SECP_1,10000,0,0,"2019/05/16 06:00:26",,"2019/02/11 00:00:00",1,-325.10623
D,P5MIN,CONSTRAINTSOLUTION,6,"2019/05/16 06:05:00",0,"2019/05/16 07:00:00",V::S_NIL_SETB_SECP_2,10000,0,0,"2019/05/16 06:00:26",,"2019/02/11 00:00:00",1,-325.19008
D,P5MIN,CONSTRAINTSOLUTION,6,"2019/05/16 06:05:00",0,"2019/05/16 07:00:00",V::S_NIL_TBSE_1,776.51438,0,0,"2019/05/16 06:00:26",,"2019/02/04 00:00:00",1,-325.10623
D,P5MIN,CONSTRAINTSOLUTION,6,"2019/05/16 06:05:00",0,"2019/05/16 07:00:00",V::S_NIL_TBSE_2,10000,0,0,"2019/05/16 06:00:26",,"2019/02/04 00:00:00",1,-325.19008
D,P5MIN,CONSTRAINTSOLUTION,6,"2019/05/16 06:05:00",0,"2019/05/16 07:00:00",V::S_TBTX_MAXG,664.43846,0,0,"2019/05/16 06:00:26",,"2019/02/21 00:00:00",1,-325.77703
D,P5MIN,CONSTRAINTSOLUTION,6,"2019/05/16 06:05:00",0,"2019/05/16 07:00:00",V::S_TBTX_MAXG_2-DS,10000,0,0,"2019/05/16 06:00:26",,"2019/02/21 00:00:00",1,-324.96648
D,P5MIN,CONSTRAINTSOLUTION,6,"2019/05/16 06:05:00",0,"2019/05/16 07:00:00",V::S_TBTX_SETB,769.93653,0,0,"2019/05/16 06:00:26",,"2019/02/21 00:00:00",1,-324.57518
D,P5MIN,CONSTRAINTSOLUTION,6,"2019/05/16 06:05:00",0,"2019/05/16 07:00:00",V::S_TBTX_SETB_2-DS,10000,0,0,"2019/05/16 06:00:26",,"2019/02/21 00:00:00",1,-324.96648
D,P5MIN,CONSTRAINTSOLUTION,6,"2019/05/16 06:05:00",0,"2019/05/16 07:00:00",V::V_1900,1968.10001,0,0,"2019/05/16 06:00:26",,"2018/08/24 00:00:00",1,504.32172
D,P5MIN,CONSTRAINTSOLUTION,6,"2019/05/16 06:05:00",0,"2019/05/16 07:00:00",V:SS_680_OSC_AUTO,10000,0,0,"2019/05/16 06:00:26",,"2016/06/30 00:00:00",1,-372.92918
D,P5MIN,CONSTRAINTSOLUTION,6,"2019/05/16 06:05:00",0,"2019/05/16 07:00:00",V:SS_790_1,10000,0,0,"2019/05/16 06:00:26",,"2016/08/16 00:00:00",1,-372.92918
D,P5MIN,CONSTRAINTSOLUTION,6,"2019/05/16 06:05:00",0,"2019/05/16 07:00:00",V:SS_790_OSC_AUTO,10790,0,0,"2019/05/16 06:00:26",,"2016/06/30 00:00:00",1,-372.92918
D,P5MIN,CONSTRAINTSOLUTION,6,"2019/05/16 06:05:00",0,"2019/05/16 07:00:00",V:SS_820_HY_TEST,820,0,0,"2019/05/16 06:00:26",,"2018/08/07 00:00:00",1,-372.92918
D,P5MIN,CONSTRAINTSOLUTION,6,"2019/05/16 06:05:00",0,"2019/05/16 07:00:00",V:SS_820_HY_TEST_DYN,820,0,0,"2019/05/16 06:00:26",,"2016/11/21 00:00:00",1,-372.92918
D,P5MIN,CONSTRAINTSOLUTION,6,"2019/05/16 06:05:00",0,"2019/05/16 07:00:00",V:SS_870_HY_TEST,870,0,0,"2019/05/16 06:00:26",,"2018/08/07 00:00:00",1,-372.92918
D,P5MIN,CONSTRAINTSOLUTION,6,"2019/05/16 06:05:00",0,"2019/05/16 07:00:00",V:SS_870_HY_TEST_DYN,870,0,0,"2019/05/16 06:00:26",,"2016/11/21 00:00:00",1,-372.92918
D,P5MIN,CONSTRAINTSOLUTION,6,"2019/05/16 06:05:00",0,"2019/05/16 07:00:00",V:SS_920,920,0,0,"2019/05/16 06:00:26",,"2018/08/07 00:00:00",1,-372.92918
D,P5MIN,CONSTRAINTSOLUTION,6,"2019/05/16 06:05:00",0,"2019/05/16 07:00:00",V:S_460_OSC_AUTO,10000,0,0,"2019/05/16 06:00:26",,"2016/06/30 00:00:00",1,-327.92918
D,P5MIN,CONSTRAINTSOLUTION,6,"2019/05/16 06:05:00",0,"2019/05/16 07:00:00",V:S_570_1,10000,0,0,"2019/05/16 06:00:26",,"2016/08/16 00:00:00",1,-327.92918
D,P5MIN,CONSTRAINTSOLUTION,6,"2019/05/16 06:05:00",0,"2019/05/16 07:00:00",V:S_570_OSC_AUTO,10570,0,0,"2019/05/16 06:00:26",,"2016/06/30 00:00:00",1,-327.92918
D,P5MIN,CONSTRAINTSOLUTION,6,"2019/05/16 06:05:00",0,"2019/05/16 07:00:00",V:S_600_HY_TEST,600,0,0,"2019/05/16 06:00:26",,"2018/08/07 00:00:00",1,-327.92918
D,P5MIN,CONSTRAINTSOLUTION,6,"2019/05/16 06:05:00",0,"2019/05/16 07:00:00",V:S_600_HY_TEST_DYN,600,0,0,"2019/05/16 06:00:26",,"2016/11/21 00:00:00",1,-327.92918
D,P5MIN,CONSTRAINTSOLUTION,6,"2019/05/16 06:05:00",0,"2019/05/16 07:00:00",V:S_650_HY_TEST,650,0,0,"2019/05/16 06:00:26",,"2018/08/07 00:00:00",1,-327.92918
D,P5MIN,CONSTRAINTSOLUTION,6,"2019/05/16 06:05:00",0,"2019/05/16 07:00:00",V:S_650_HY_TEST_DYN,650,0,0,"2019/05/16 06:00:26",,"2016/11/21 00:00:00",1,-327.92918
D,P5MIN,CONSTRAINTSOLUTION,6,"2019/05/16 06:05:00",0,"2019/05/16 07:00:00",V:S_700,700,0,0,"2019/05/16 06:00:26",,"2018/08/07 00:00:00",1,-327.92918
D,P5MIN,CONSTRAINTSOLUTION,6,"2019/05/16 06:05:00",0,"2019/05/16 07:00:00",V:T_NIL_BL_1,889.41518,0,0,"2019/05/16 06:00:26",,"2013/08/21 00:00:00",1,100
D,P5MIN,CONSTRAINTSOLUTION,6,"2019/05/16 06:05:00",0,"2019/05/16 07:00:00",V>>N-NIL_HA,1552.25002,0,0,"2019/05/16 06:00:26",,"2019/05/06 00:00:00",1,441.51783
D,P5MIN,CONSTRAINTSOLUTION,6,"2019/05/16 06:05:00",0,"2019/05/16 07:00:00",V>>N-NIL_HB,1607.87379,0,0,"2019/05/16 06:00:26",,"2019/05/06 00:00:00",1,475.12907
D,P5MIN,CONSTRAINTSOLUTION,6,"2019/05/16 06:05:00",0,"2019/05/16 07:00:00",V>>N-NIL_HG,1650.3095,0,0,"2019/05/16 06:00:26",,"2019/05/06 00:00:00",1,351.92686
D,P5MIN,CONSTRAINTSOLUTION,6,"2019/05/16 06:05:00",0,"2019/05/16 07:00:00",V>>N-NIL_HH,2177.36857,0,0,"2019/05/16 06:00:26",,"2019/05/06 00:00:00",1,612.79772
D,P5MIN,CONSTRAINTSOLUTION,6,"2019/05/16 06:05:00",0,"2019/05/16 07:00:00",V>>SML_NIL_5,711.61942,0,0,"2019/05/16 06:00:26",,"2019/05/06 00:00:00",1,-130.88157
D,P5MIN,CONSTRAINTSOLUTION,6,"2019/05/16 06:05:00",0,"2019/05/16 07:00:00",V>>SML_NIL_6,730.94187,0,0,"2019/05/16 06:00:26",,"2019/05/06 00:00:00",1,56.8598
D,P5MIN,CONSTRAINTSOLUTION,6,"2019/05/16 06:05:00",0,"2019/05/16 07:00:00",V>>SML_NIL_7A,10138.52483,0,0,"2019/05/16 06:00:26",,"2019/04/23 00:00:00",1,-42.04331
D,P5MIN,CONSTRAINTSOLUTION,6,"2019/05/16 06:05:00",0,"2019/05/16 07:00:00",V>>SML_NIL_7B,10173.0306,0,0,"2019/05/16 06:00:26",,"2019/05/06 00:00:00",1,-43.06575
D,P5MIN,CONSTRAINTSOLUTION,6,"2019/05/16 06:05:00",0,"2019/05/16 07:00:00",V>>SML_NIL_7C,10181.49868,0,0,"2019/05/16 06:00:26",,"2019/04/23 00:00:00",1,-42.93506
D,P5MIN,CONSTRAINTSOLUTION,6,"2019/05/16 06:05:00",0,"2019/05/16 07:00:00",V>>SML_NIL_8,398.68672,0,0,"2019/05/16 06:00:26",,"2019/05/06 00:00:00",1,-59.61007
D,P5MIN,CONSTRAINTSOLUTION,6,"2019/05/16 06:05:00",0,"2019/05/16 07:00:00",V>>SML_NIL_8_5M,398.68672,0,0,"2019/05/16 06:00:26",,"2019/05/06 00:00:00",1,-59.61007
D,P5MIN,CONSTRAINTSOLUTION,6,"2019/05/16 06:05:00",0,"2019/05/16 07:00:00",V>>SML_NSWRB_11,601.91093,0,0,"2019/05/16 06:00:26",,"2019/05/06 00:00:00",1,-125.76939
D,P5MIN,CONSTRAINTSOLUTION,6,"2019/05/16 06:05:00",0,"2019/05/16 07:00:00",V>>S_NIL_DVBG_DVBR,1267.24359,0,0,"2019/05/16 06:00:26",,"2019/05/14 00:00:00",1,210.59026
D,P5MIN,CONSTRAINTSOLUTION,6,"2019/05/16 06:05:00",0,"2019/05/16 07:00:00",V>>V_NIL1A_R,1259.85446,0,0,"2019/05/16 06:00:26",,"2019/05/06 00:00:00",1,-515.48106
D,P5MIN,CONSTRAINTSOLUTION,6,"2019/05/16 06:05:00",0,"2019/05/16 07:00:00",V>>V_NIL_1A,2005.70167,0,0,"2019/05/16 06:00:26",,"2019/05/06 00:00:00",1,503.55958
D,P5MIN,CONSTRAINTSOLUTION,6,"2019/05/16 06:05:00",0,"2019/05/16 07:00:00",V>>V_NIL_1B,2009.7294,0,0,"2019/05/16 06:00:26",,"2019/05/06 00:00:00",1,503.55958
D,P5MIN,CONSTRAINTSOLUTION,6,"2019/05/16 06:05:00",0,"2019/05/16 07:00:00",V>>V_NIL_2A_R,5035.63732,0,0,"2019/05/16 06:00:26",,"2019/05/06 00:00:00",1,2752.94138
D,P5MIN,CONSTRAINTSOLUTION,6,"2019/05/16 06:05:00",0,"2019/05/16 07:00:00",V>>V_NIL_2B_R,15035.63732,0,0,"2019/05/16 06:00:26",,"2019/05/06 00:00:00",1,2573.16338
D,P5MIN,CONSTRAINTSOLUTION,6,"2019/05/16 06:05:00",0,"2019/05/16 07:00:00",V>>V_NIL_3,2239.90652,0,0,"2019/05/16 06:00:26",,"2019/05/06 00:00:00",1,515.40526
D,P5MIN,CONSTRAINTSOLUTION,6,"2019/05/16 06:05:00",0,"2019/05/16 07:00:00",V>>V_NIL_4A,1309.11281,0,0,"2019/05/16 06:00:26",,"2019/05/06 00:00:00",1,104.12672
D,P5MIN,CONSTRAINTSOLUTION,6,"2019/05/16 06:05:00",0,"2019/05/16 07:00:00",V>>V_NIL_4B,1218.1554,0,0,"2019/05/16 06:00:26",,"2019/05/06 00:00:00",1,104.08297
D,P5MIN,CONSTRAINTSOLUTION,6,"2019/05/16 06:05:00",0,"2019/05/16 07:00:00",V>>V_NIL_4C,840.93419,0,0,"2019/05/16 06:00:26",,"2019/05/06 00:00:00",1,104.17757
D,P5MIN,CONSTRAINTSOLUTION,6,"2019/05/16 06:05:00",0,"2019/05/16 07:00:00",V>>V_NIL_5,909.29489,0,0,"2019/05/16 06:00:26",,"2019/05/06 00:00:00",1,-82.74977
D,P5MIN,CONSTRAINTSOLUTION,6,"2019/05/16 06:05:00",0,"2019/05/16 07:00:00",V>>V_NIL_6,427.65716,0,0,"2019/05/16 06:00:26",,"2019/05/06 00:00:00",1,-58.6878
D,P5MIN,CONSTRAINTSOLUTION,6,"2019/05/16 06:05:00",0,"2019/05/16 07:00:00",V>>V_NIL_6A_R,6520.53412,0,0,"2019/05/16 06:00:26",,"2019/05/06 00:00:00",1,3640.27871
D,P5MIN,CONSTRAINTSOLUTION,6,"2019/05/16 06:05:00",0,"2019/05/16 07:00:00",V>>V_NIL_6B_R,16520.53412,0,0,"2019/05/16 06:00:26",,"2019/05/06 00:00:00",1,3344.03071
D,P5MIN,CONSTRAINTSOLUTION,6,"2019/05/16 06:05:00",0,"2019/05/16 07:00:00",V>SML_NSWRB_10,501.25836,0,0,"2019/05/16 06:00:26",,"2019/05/06 00:00:00",1,-112.93781
D,P5MIN,CONSTRAINTSOLUTION,6,"2019/05/16 06:05:00",0,"2019/05/16 07:00:00",V>SML_NSWRB_9,348.68007,0,0,"2019/05/16 06:00:26",,"2019/05/06 00:00:00",1,-85.45456
D,P5MIN,CONSTRAINTSOLUTION,6,"2019/05/16 06:05:00",0,"2019/05/16 07:00:00",V>S_NIL_HYSE,742,0,0,"2019/05/16 06:00:26",,"2015/07/02 00:00:00",1,-327.92918
D,P5MIN,CONSTRAINTSOLUTION,6,"2019/05/16 06:05:00",0,"2019/05/16 07:00:00",V>S_NIL_SETX_SETX,123.07972,0,0,"2019/05/16 06:00:26",,"2019/03/14 00:00:00",2,-2.795
D,P5MIN,CONSTRAINTSOLUTION,6,"2019/05/16 06:05:00",0,"2019/05/16 07:00:00",V>V_NIL_13,469.43382,0,0,"2019/05/16 06:00:26",,"2019/01/11 00:00:00",1,0.60123
D,P5MIN,CONSTRAINTSOLUTION,6,"2019/05/16 06:05:00",0,"2019/05/16 07:00:00",V>V_NIL_14,314.59504,0,0,"2019/05/16 06:00:26",,"2019/01/11 00:00:00",1,0.60125
D,P5MIN,CONSTRAINTSOLUTION,6,"2019/05/16 06:05:00",0,"2019/05/16 07:00:00",V>V_NIL_16,10282.28304,0,0,"2019/05/16 06:00:26",,"2019/01/11 00:00:00",1,0.60125
D,P5MIN,CONSTRAINTSOLUTION,6,"2019/05/16 06:05:00",0,"2019/05/16 07:00:00",V>V_NIL_17,10138.13,0,0,"2019/05/16 06:00:26",,"2019/02/28 00:00:00",1,0
D,P5MIN,CONSTRAINTSOLUTION,6,"2019/05/16 06:05:00",0,"2019/05/16 07:00:00",V>V_NIL_6,649.0902,0,0,"2019/05/16 06:00:26",,"2019/04/23 00:00:00",1,11.03788
D,P5MIN,CONSTRAINTSOLUTION,6,"2019/05/16 06:05:00",0,"2019/05/16 07:00:00",V>V_NIL_7,1050.49978,0,0,"2019/05/16 06:00:26",,"2019/01/29 00:00:00",1,33
D,P5MIN,CONSTRAINTSOLUTION,6,"2019/05/16 06:05:00",0,"2019/05/16 07:00:00",V>V_NIL_9,581.02963,0,0,"2019/05/16 06:00:26",,"2019/03/05 00:00:00",1,10.308
D,P5MIN,CONSTRAINTSOLUTION,6,"2019/05/16 06:05:00",0,"2019/05/16 07:00:00",V>V_NIL_RADIAL_10,12358.86598,0,0,"2019/05/16 06:00:26",,"2019/05/06 00:00:00",1,1456
D,P5MIN,CONSTRAINTSOLUTION,6,"2019/05/16 06:05:00",0,"2019/05/16 07:00:00",V>V_NIL_RADIAL_11,2160.92878,0,0,"2019/05/16 06:00:26",,"2019/01/11 00:00:00",1,1076
D,P5MIN,CONSTRAINTSOLUTION,6,"2019/05/16 06:05:00",0,"2019/05/16 07:00:00",VSML_220,220,0,0,"2019/05/16 06:00:26",,"2012/07/04 00:00:00",1,-45
D,P5MIN,CONSTRAINTSOLUTION,6,"2019/05/16 06:05:00",0,"2019/05/16 07:00:00",VSML_ROC_80,53,0,0,"2019/05/16 06:00:26",,"2016/08/23 00:00:00",1,-45
D,P5MIN,CONSTRAINTSOLUTION,6,"2019/05/16 06:05:00",0,"2019/05/16 07:00:00",VSML_VFRB_OFF,240,0,0,"2019/05/16 06:00:26",,"2013/08/21 00:00:00",1,-45
D,P5MIN,CONSTRAINTSOLUTION,6,"2019/05/16 06:05:00",0,"2019/05/16 07:00:00",VTBL_ROC,298.86187,0,0,"2019/05/16 06:00:26",,"2014/01/15 00:00:00",1,100
D,P5MIN,CONSTRAINTSOLUTION,6,"2019/05/16 06:05:00",0,"2019/05/16 07:00:00",V^SML_NIL_3,197.17402,0,0,"2019/05/16 06:00:26",,"2017/04/18 00:00:00",1,-45
D,P5MIN,CONSTRAINTSOLUTION,6,"2019/05/16 06:05:00",0,"2019/05/16 07:00:00",V^SML_NSWRB_2,242.22497,0,0,"2019/05/16 06:00:26",,"2018/08/06 00:00:00",1,-45
D,P5MIN,CONSTRAINTSOLUTION,6,"2019/05/16 06:05:00",0,"2019/05/16 07:00:00",V^S_HYCP,684.04844,0,0,"2019/05/16 06:00:26",,"2016/07/25 00:00:00",1,-327.92918
D,P5MIN,CONSTRAINTSOLUTION,6,"2019/05/16 06:05:00",0,"2019/05/16 07:00:00",V^^N_NIL_1,573.13324,0,0,"2019/05/16 06:00:26",,"2019/05/15 00:00:00",1,13.86456
D,P5MIN,CONSTRAINTSOLUTION,6,"2019/05/16 06:05:00",0,"2019/05/16 07:00:00",V^^S_NIL_MAXG_1,639.78448,0,0,"2019/05/16 06:00:26",,"2019/02/05 00:00:00",1,-325.72113
D,P5MIN,CONSTRAINTSOLUTION,6,"2019/05/16 06:05:00",0,"2019/05/16 07:00:00",V^^S_NIL_MAXG_2,10000,0,0,"2019/05/16 06:00:26",,"2019/02/05 00:00:00",1,-325.32983
D,P5MIN,CONSTRAINTSOLUTION,6,"2019/05/16 06:05:00",0,"2019/05/16 07:00:00",V^^S_NIL_MAXG_3,10000,0,0,"2019/05/16 06:00:26",,"2019/02/05 00:00:00",1,-325.55343
D,P5MIN,CONSTRAINTSOLUTION,6,"2019/05/16 06:05:00",0,"2019/05/16 07:00:00",V^^S_NIL_MAXG_SECP_1,10000,0,0,"2019/05/16 06:00:26",,"2019/02/11 00:00:00",1,-325.83293
D,P5MIN,CONSTRAINTSOLUTION,6,"2019/05/16 06:05:00",0,"2019/05/16 07:00:00",V^^S_NIL_MAXG_SECP_2,10000,0,0,"2019/05/16 06:00:26",,"2019/02/11 00:00:00",1,-325.32983
D,P5MIN,CONSTRAINTSOLUTION,6,"2019/05/16 06:05:00",0,"2019/05/16 07:00:00",V^^S_NIL_SETB_SECP_1,10000,0,0,"2019/05/16 06:00:26",,"2019/02/11 00:00:00",1,-325.35778
D,P5MIN,CONSTRAINTSOLUTION,6,"2019/05/16 06:05:00",0,"2019/05/16 07:00:00",V^^S_NIL_SETB_SECP_2,10000,0,0,"2019/05/16 06:00:26",,"2019/02/11 00:00:00",1,-325.21803
D,P5MIN,CONSTRAINTSOLUTION,6,"2019/05/16 06:05:00",0,"2019/05/16 07:00:00",V^^S_NIL_TBSE_1,789.40572,0,0,"2019/05/16 06:00:26",,"2019/02/04 00:00:00",1,-325.35778
D,P5MIN,CONSTRAINTSOLUTION,6,"2019/05/16 06:05:00",0,"2019/05/16 07:00:00",V^^S_NIL_TBSE_2,10000,0,0,"2019/05/16 06:00:26",,"2019/02/04 00:00:00",1,-325.21803
D,P5MIN,CONSTRAINTSOLUTION,6,"2019/05/16 06:05:00",0,"2019/05/16 07:00:00",V^^S_TBTX_MAXG,633.41156,0,0,"2019/05/16 06:00:26",,"2019/02/21 00:00:00",1,-325.60933
D,P5MIN,CONSTRAINTSOLUTION,6,"2019/05/16 06:05:00",0,"2019/05/16 07:00:00",V^^S_TBTX_MAXG_2-DS,10000,0,0,"2019/05/16 06:00:26",,"2019/02/21 00:00:00",1,-325.02238
D,P5MIN,CONSTRAINTSOLUTION,6,"2019/05/16 06:05:00",0,"2019/05/16 07:00:00",V^^S_TBTX_SETB,799.40097,0,0,"2019/05/16 06:00:26",,"2019/02/21 00:00:00",1,-325.16213
D,P5MIN,CONSTRAINTSOLUTION,6,"2019/05/16 06:05:00",0,"2019/05/16 07:00:00",V^^S_TBTX_SETB_2-DS,10000,0,0,"2019/05/16 06:00:26",,"2019/02/21 00:00:00",1,-324.99443
D,P5MIN,CONSTRAINTSOLUTION,6,"2019/05/16 06:05:00",0,"2019/05/16 07:00:00",V_GANWR_SF_BAT_50,50.001,0,0,"2019/05/16 06:00:26",,"2019/01/24 00:00:00",1,0
D,P5MIN,CONSTRAINTSOLUTION,6,"2019/05/16 06:05:00",0,"2019/05/16 07:00:00",V_S_NIL_ROCOF,1273.80002,0,0,"2019/05/16 06:00:26",,"2019/01/03 00:00:00",1,-327.92918
D,P5MIN,CONSTRAINTSOLUTION,6,"2019/05/16 06:05:00",0,"2019/05/16 07:00:00",V_T_NIL_BL1,478,0,0,"2019/05/16 06:00:26",,"2014/11/11 00:00:00",1,100
D,P5MIN,CONSTRAINTSOLUTION,6,"2019/05/16 06:05:00",0,"2019/05/16 07:00:00",V_T_NIL_FCSPS,443.3606,0,0,"2019/05/16 06:00:26",,"2016/12/20 00:00:00",1,100
C,"END OF REPORT",9304
